ATOMS
N -8.901 4.127 -0.555
O -6.634 1.849 -1.758

N -6.379 4.031 -2.228
O -3.391 2.274 -1.760

N -4.354 3.455 -0.111
O -3.291 0.409 1.442

N -5.342 0.925 0.689
O -4.621 -2.334 -0.226

N -4.907 -0.601 -1.645
O -1.986 -2.240 -2.884

N -2.074 -0.459 -1.528
O 0.295 -2.579 -0.004

N -1.600 -1.860 0.967
O -1.144 -5.248 1.742

N -2.753 -4.481 0.360
O -1.719 -7.648 -1.030

N -0.828 -5.607 -1.355
O 2.545 -6.971 -1.194

N 1.185 -6.278 0.464
O 3.496 -5.594 3.208

N 2.172 -4.187 2.055
O 4.710 -2.829 1.551

N 4.871 -2.651 3.794
O 8.139 -3.562 2.601

N 6.463 -4.929 3.205
O 7.025 -7.488 0.697

N 6.637 -5.290 0.434
O 7.082 -4.123 -2.993

N 8.419 -3.920 -1.202
O 9.539 -1.177 -3.267

N 7.956 -1.164 -1.660
O 6.222 0.366 0.076

N 7.156 2.230 -0.780
O 4.586 3.165 -0.624

N 4.710 3.739 1.555
O 3.684 6.256 0.871

N 1.688 5.360 0.336
O -0.124 7.324 1.513

N 1.271 8.822 0.549
O -0.387 10.916 -0.540

EDGES
1 3 3.027974
1 5 4.617784
1 7 4.946395
2 3 2.246564
2 4 3.270730
2 5 3.238865
2 6 4.846571
2 7 2.917336
2 8 4.888423
2 9 2.999633
2 11 5.115991
3 5 2.985647
3 7 4.385373
3 9 4.895109
4 5 2.245291
4 6 3.706889
4 7 3.409370
4 8 5.009962
4 9 3.252246
4 10 4.859382
4 11 3.042631
4 13 5.266324
5 7 2.831439
5 8 5.796295
5 9 4.371510
5 11 4.746123
6 7 2.244965
6 8 3.474935
6 9 3.627826
6 10 5.237796
6 11 3.324968
6 12 4.886559
6 13 2.869402
6 15 5.037089
7 9 2.822314
7 11 4.184539
7 13 4.672908
8 9 2.258018
8 10 3.743932
8 11 3.420239
8 12 4.927105
8 13 3.282433
8 14 4.945093
8 15 2.905586
8 17 5.135564
9 11 2.838968
9 13 4.398167
9 15 4.869717
10 11 2.240188
10 12 3.689483
10 13 3.888907
10 14 5.581837
10 15 4.016703
10 16 5.723204
10 17 3.874983
11 13 2.900431
11 15 4.494671
11 17 5.299467
12 13 2.247405
12 14 3.498971
12 15 3.611150
12 16 5.550102
12 17 3.500730
12 18 5.076245
12 19 3.833239
12 20 5.445509
12 21 3.216873
12 22 4.687510
13 15 2.927029
13 17 4.475229
13 19 5.246709
13 21 4.563623
14 15 2.255459
14 16 3.711416
14 17 3.133711
14 18 5.019716
14 19 2.849285
14 20 4.878368
14 21 3.495647
15 17 2.813312
15 19 4.329881
15 21 5.216808
16 17 2.250597
16 18 4.320523
16 19 3.541490
17 19 2.794847
17 21 4.758624
18 19 2.253622
18 20 4.709367
18 21 4.294856
18 22 5.420186
18 26 4.890150
18 27 4.713874
18 28 5.650829
19 21 2.806730
19 22 5.050029
19 27 5.540880
20 21 2.249896
20 22 3.444513
20 23 3.300798
20 24 5.104402
20 25 3.040612
20 26 4.727177
20 27 4.201592
21 23 3.559216
21 25 4.503970
21 27 4.876523
22 23 2.255805
22 24 3.660305
22 25 3.196674
22 26 5.272079
22 27 3.319268
22 28 5.286658
22 29 4.746153
22 31 4.859965
22 32 3.830117
23 25 2.840892
23 27 4.623059
23 32 4.975039
24 25 2.245547
24 26 4.503297
24 27 3.152440
24 28 5.720560
24 29 3.830062
24 31 4.892853
24 32 5.047742
25 27 2.799828
25 29 4.926019
26 27 2.247425
26 28 4.994254
26 29 4.275519
27 29 2.780094
27 31 4.811286
27 32 5.682493
28 29 2.244206
28 30 3.845886
28 31 3.361019
28 32 5.505405
29 31 2.831902
29 32 4.982960
30 31 2.255772
30 32 4.955702
30 33 4.844740
31 33 3.596336
31 34 5.583049
32 33 2.253794
32 34 3.316760
32 35 3.981296
33 35 3.703002
33 36 5.566800
34 35 2.256744
34 36 3.550058
34 37 3.760057
35 37 3.639517
36 37 2.252345
36 38 4.006701
36 39 3.537034
37 39 3.493523
38 39 2.262593
38 40 4.145653

RESIDUES
ASN 1
 0.0 2.000000
 0.1 2.000000
 0.2 2.000000
 0.3 2.000000
 0.4 2.000000
 0.5 2.000000
 0.6 2.000000
 0.7 2.000000
 0.8 2.000000
 0.9 2.000000
 1.0 2.000000
 1.1 2.000000
 1.2 2.000000
 1.3 2.000000
 1.4 2.000000
 1.5 2.000000
 1.6 2.000000
 1.7 2.000000
 1.8 2.000000
 1.9 2.000000
 2.0 2.000000
 2.1 2.000000
 2.2 1.833333
 2.3 1.500000
 2.4 1.500000
 2.5 1.500000
 2.6 1.500000
 2.7 1.500000
 2.8 1.500000
 2.9 1.300000
 3.0 0.566400
 3.1 0.333000
 3.2 0.374750
 3.3 0.643143
 3.4 0.541750
 3.5 0.500000
 3.6 0.500000
 3.7 0.500000
 3.8 0.500000
 3.9 0.500000
 4.0 0.500000
 4.1 0.500000
 4.2 0.500000
 4.3 0.500000
 4.4 0.589000
 4.5 0.617000
 4.6 0.505667
 4.7 0.450000
 4.8 0.437500
 4.9 0.358214
 5.0 0.285333
 5.1 0.300000
 5.2 0.300000
 5.3 0.300000
 5.4 0.300000
 5.5 0.300000
 5.6 0.300000
 5.7 0.300000

LEU 2
 0.0 2.000000
 0.1 2.000000
 0.2 2.000000
 0.3 2.000000
 0.4 2.000000
 0.5 2.000000
 0.6 2.000000
 0.7 2.000000
 0.8 2.000000
 0.9 2.000000
 1.0 2.000000
 1.1 2.000000
 1.2 2.000000
 1.3 2.000000
 1.4 2.000000
 1.5 2.000000
 1.6 2.000000
 1.7 2.000000
 1.8 2.000000
 1.9 2.000000
 2.0 2.000000
 2.1 2.000000
 2.2 1.500000
 2.3 1.000000
 2.4 1.000000
 2.5 1.000000
 2.6 1.000000
 2.7 1.000000
 2.8 1.000000
 2.9 1.000000
 3.0 0.100000
 3.1 -0.500000
 3.2 -0.416750
 3.3 -0.190857
 3.4 -0.167000
 3.5 -0.167000
 3.6 -0.167000
 3.7 -0.167000
 3.8 -0.167000
 3.9 -0.167000
 4.0 -0.167000
 4.1 -0.167000
 4.2 -0.134000
 4.3 -0.134000
 4.4 -0.155333
 4.5 -0.183000
 4.6 0.039000
 4.7 0.155500
 4.8 0.191250
 4.9 0.038143
 5.0 0.120667
 5.1 0.142000
 5.2 0.156000
 5.3 0.167000
 5.4 0.167000
 5.5 0.167000
 5.6 0.167000
 5.7 0.167000

TYR 3
 0.0 2.000000
 0.1 2.000000
 0.2 2.000000
 0.3 2.000000
 0.4 2.000000
 0.5 2.000000
 0.6 2.000000
 0.7 2.000000
 0.8 2.000000
 0.9 2.000000
 1.0 2.000000
 1.1 2.000000
 1.2 2.000000
 1.3 2.000000
 1.4 2.000000
 1.5 2.000000
 1.6 2.000000
 1.7 2.000000
 1.8 2.000000
 1.9 2.000000
 2.0 2.000000
 2.1 2.000000
 2.2 1.333333
 2.3 1.000000
 2.4 1.000000
 2.5 1.000000
 2.6 1.000000
 2.7 1.000000
 2.8 0.772727
 2.9 0.000000
 3.0 -0.500000
 3.1 -0.500000
 3.2 -0.458250
 3.3 -0.071429
 3.4 -0.104750
 3.5 -0.167000
 3.6 -0.067000
 3.7 0.083000
 3.8 0.083000
 3.9 0.083000
 4.0 0.083000
 4.1 0.083000
 4.2 0.116000
 4.3 0.116000
 4.4 0.133333
 4.5 0.184000
 4.6 0.072667
 4.7 0.041667
 4.8 -0.012500
 4.9 -0.073786
 5.0 0.057556
 5.1 0.058000
 5.2 0.077333
 5.3 0.066000
 5.4 0.066000
 5.5 0.066000
 5.6 0.066000
 5.7 0.066000

ILE 4
 0.0 2.000000
 0.1 2.000000
 0.2 2.000000
 0.3 2.000000
 0.4 2.000000
 0.5 2.000000
 0.6 2.000000
 0.7 2.000000
 0.8 2.000000
 0.9 2.000000
 1.0 2.000000
 1.1 2.000000
 1.2 2.000000
 1.3 2.000000
 1.4 2.000000
 1.5 2.000000
 1.6 2.000000
 1.7 2.000000
 1.8 2.000000
 1.9 2.000000
 2.0 2.000000
 2.1 2.000000
 2.2 1.666667
 2.3 1.375000
 2.4 1.375000
 2.5 1.375000
 2.6 1.375000
 2.7 1.375000
 2.8 0.500000
 2.9 -0.500000
 3.0 -0.733600
 3.1 -0.667000
 3.2 -0.583500
 3.3 -0.452286
 3.4 -0.416500
 3.5 -0.416000
 3.6 -0.249600
 3.7 0.013667
 3.8 -0.084000
 3.9 -0.042000
 4.0 0.027667
 4.1 0.083000
 4.2 0.033000
 4.3 0.033000
 4.4 0.022000
 4.5 0.041500
 4.6 0.050000
 4.7 0.005667
 4.8 0.042250
 4.9 0.048929
 5.0 -0.057333
 5.1 -0.041500
 5.2 -0.066333
 5.3 -0.062000
 5.4 -0.050000
 5.5 -0.050000
 5.6 -0.038667
 5.7 -0.033000

GLN 5
 0.0 2.000000
 0.1 2.000000
 0.2 2.000000
 0.3 2.000000
 0.4 2.000000
 0.5 2.000000
 0.6 2.000000
 0.7 2.000000
 0.8 2.000000
 0.9 2.000000
 1.0 2.000000
 1.1 2.000000
 1.2 2.000000
 1.3 2.000000
 1.4 2.000000
 1.5 2.000000
 1.6 2.000000
 1.7 2.000000
 1.8 2.000000
 1.9 2.000000
 2.0 2.000000
 2.1 2.000000
 2.2 1.500000
 2.3 1.375000
 2.4 1.375000
 2.5 1.375000
 2.6 1.375000
 2.7 1.375000
 2.8 0.590909
 2.9 0.000000
 3.0 -0.133600
 3.1 -0.167000
 3.2 -0.167000
 3.3 -0.047571
 3.4 0.229250
 3.5 0.417000
 3.6 0.517000
 3.7 0.139000
 3.8 -0.167000
 3.9 -0.208000
 4.0 -0.055333
 4.1 0.000000
 4.2 0.033000
 4.3 0.033000
 4.4 -0.033667
 4.5 -0.008500
 4.6 0.000000
 4.7 0.039500
 4.8 0.075250
 4.9 -0.072643
 5.0 -0.007111
 5.1 0.029500
 5.2 0.044333
 5.3 0.071000
 5.4 0.083000
 5.5 0.083000
 5.6 0.061000
 5.7 0.037500

TRP 6
 0.0 2.000000
 0.1 2.000000
 0.2 2.000000
 0.3 2.000000
 0.4 2.000000
 0.5 2.000000
 0.6 2.000000
 0.7 2.000000
 0.8 2.000000
 0.9 2.000000
 1.0 2.000000
 1.1 2.000000
 1.2 2.000000
 1.3 2.000000
 1.4 2.000000
 1.5 2.000000
 1.6 2.000000
 1.7 2.000000
 1.8 2.000000
 1.9 2.000000
 2.0 2.000000
 2.1 2.000000
 2.2 1.333333
 2.3 1.000000
 2.4 1.000000
 2.5 1.000000
 2.6 1.000000
 2.7 1.000000
 2.8 0.863636
 2.9 0.100000
 3.0 -0.100000
 3.1 -0.500000
 3.2 -0.750000
 3.3 -0.690714
 3.4 -0.750000
 3.5 -0.770375
 3.6 -0.732800
 3.7 -0.902500
 3.8 -0.666000
 3.9 -0.125000
 4.0 0.027667
 4.1 -0.083000
 4.2 -0.133000
 4.3 -0.124750
 4.4 -0.089000
 4.5 -0.071500
 4.6 0.250000
 4.7 -0.141000
 4.8 -0.483000
 4.9 -0.209929
 5.0 -0.233556
 5.1 -0.058500
 5.2 -0.122333
 5.3 -0.142250
 5.4 -0.066500
 5.5 -0.055667
 5.6 -0.055667
 5.7 -0.041750

LEU 7
 0.0 2.000000
 0.1 2.000000
 0.2 2.000000
 0.3 2.000000
 0.4 2.000000
 0.5 2.000000
 0.6 2.000000
 0.7 2.000000
 0.8 2.000000
 0.9 2.000000
 1.0 2.000000
 1.1 2.000000
 1.2 2.000000
 1.3 2.000000
 1.4 2.000000
 1.5 2.000000
 1.6 2.000000
 1.7 2.000000
 1.8 2.000000
 1.9 2.000000
 2.0 2.000000
 2.1 2.000000
 2.2 1.833333
 2.3 1.187500
 2.4 1.187500
 2.5 1.187500
 2.6 1.187500
 2.7 1.187500
 2.8 0.954545
 2.9 -0.500000
 3.0 -1.000000
 3.1 -0.833000
 3.2 -0.833000
 3.3 -0.904571
 3.4 -0.499500
 3.5 -0.312625
 3.6 0.000200
 3.7 0.139333
 3.8 0.000500
 3.9 0.042000
 4.0 0.111333
 4.1 0.000000
 4.2 0.000000
 4.3 0.008250
 4.4 0.016333
 4.5 -0.042250
 4.6 -0.200000
 4.7 -0.250000
 4.8 -0.133000
 4.9 -0.067643
 5.0 -0.207111
 5.1 -0.137500
 5.2 -0.061333
 5.3 -0.079750
 5.4 -0.050000
 5.5 -0.038667
 5.6 -0.072000
 5.7 -0.074750

LYS 8
 0.0 2.000000
 0.1 2.000000
 0.2 2.000000
 0.3 2.000000
 0.4 2.000000
 0.5 2.000000
 0.6 2.000000
 0.7 2.000000
 0.8 2.000000
 0.9 2.000000
 1.0 2.000000
 1.1 2.000000
 1.2 2.000000
 1.3 2.000000
 1.4 2.000000
 1.5 2.000000
 1.6 2.000000
 1.7 2.000000
 1.8 2.000000
 1.9 2.000000
 2.0 2.000000
 2.1 2.000000
 2.2 2.000000
 2.3 1.187500
 2.4 1.187500
 2.5 1.187500
 2.6 1.187500
 2.7 1.187500
 2.8 0.681818
 2.9 0.100000
 3.0 -0.500000
 3.1 -0.167000
 3.2 -0.167000
 3.3 0.071571
 3.4 0.167000
 3.5 0.125250
 3.6 0.150000
 3.7 0.222333
 3.8 0.167000
 3.9 0.167000
 4.0 0.194667
 4.1 0.250000
 4.2 0.250000
 4.3 0.154000
 4.4 0.033000
 4.5 0.028500
 4.6 0.016000
 4.7 0.016000
 4.8 0.016000
 4.9 -0.007714
 5.0 0.120333
 5.1 0.158750
 5.2 0.139333
 5.3 0.154250
 5.4 0.167000
 5.5 0.161333
 5.6 0.161333
 5.7 0.154500

ASP 9
 0.0 2.000000
 0.1 2.000000
 0.2 2.000000
 0.3 2.000000
 0.4 2.000000
 0.5 2.000000
 0.6 2.000000
 0.7 2.000000
 0.8 2.000000
 0.9 2.000000
 1.0 2.000000
 1.1 2.000000
 1.2 2.000000
 1.3 2.000000
 1.4 2.000000
 1.5 2.000000
 1.6 2.000000
 1.7 2.000000
 1.8 2.000000
 1.9 2.000000
 2.0 2.000000
 2.1 2.000000
 2.2 2.000000
 2.3 1.125000
 2.4 1.125000
 2.5 1.125000
 2.6 1.125000
 2.7 1.125000
 2.8 0.227273
 2.9 0.000000
 3.0 0.000000
 3.1 0.167000
 3.2 0.167000
 3.3 0.167000
 3.4 0.167000
 3.5 0.166750
 3.6 0.383400
 3.7 0.444667
 3.8 0.541500
 3.9 0.417000
 4.0 0.444667
 4.1 0.500000
 4.2 0.500000
 4.3 0.300000
 4.4 0.200000
 4.5 0.150000
 4.6 0.150000
 4.7 -0.044833
 4.8 -0.150000
 4.9 -0.126000
 5.0 -0.112667
 5.1 -0.116000
 5.2 -0.144333
 5.3 -0.141250
 5.4 0.092000
 5.5 -0.105333
 5.6 -0.105667
 5.7 -0.174750

GLY 10
 0.0 2.000000
 0.1 2.000000
 0.2 2.000000
 0.3 2.000000
 0.4 2.000000
 0.5 2.000000
 0.6 2.000000
 0.7 2.000000
 0.8 2.000000
 0.9 2.000000
 1.0 2.000000
 1.1 2.000000
 1.2 2.000000
 1.3 2.000000
 1.4 2.000000
 1.5 2.000000
 1.6 2.000000
 1.7 2.000000
 1.8 2.000000
 1.9 2.000000
 2.0 2.000000
 2.1 2.000000
 2.2 1.916667
 2.3 1.125000
 2.4 1.125000
 2.5 1.125000
 2.6 1.125000
 2.7 1.125000
 2.8 0.136364
 2.9 -0.500000
 3.0 -0.700000
 3.1 -0.667000
 3.2 -0.667000
 3.3 -0.762429
 3.4 -0.854750
 3.5 -0.708250
 3.6 -0.417000
 3.7 -0.389333
 3.8 -0.334000
 3.9 -0.334000
 4.0 -0.334000
 4.1 -0.334000
 4.2 -0.375500
 4.3 -0.012500
 4.4 0.200000
 4.5 0.220750
 4.6 0.294333
 4.7 0.316833
 4.8 0.350000
 4.9 0.102214
 5.0 -0.005444
 5.1 -0.142250
 5.2 -0.128000
 5.3 -0.124500
 5.4 0.016500
 5.5 0.027333
 5.6 0.016000
 5.7 0.016000

GLY 11
 0.0 2.000000
 0.1 2.000000
 0.2 2.000000
 0.3 2.000000
 0.4 2.000000
 0.5 2.000000
 0.6 2.000000
 0.7 2.000000
 0.8 2.000000
 0.9 2.000000
 1.0 2.000000
 1.1 2.000000
 1.2 2.000000
 1.3 2.000000
 1.4 2.000000
 1.5 2.000000
 1.6 2.000000
 1.7 2.000000
 1.8 2.000000
 1.9 2.000000
 2.0 2.000000
 2.1 2.000000
 2.2 1.916667
 2.3 1.250000
 2.4 1.250000
 2.5 1.250000
 2.6 1.250000
 2.7 1.250000
 2.8 0.636364
 2.9 0.500000
 3.0 0.500000
 3.1 0.500000
 3.2 0.124750
 3.3 -0.214429
 3.4 -0.354000
 3.5 -0.333500
 3.6 -0.417000
 3.7 -0.500000
 3.8 -0.833500
 3.9 -0.917000
 4.0 -0.917000
 4.1 -0.917000
 4.2 -0.875500
 4.3 -0.958500
 4.4 -1.000000
 4.5 -1.021000
 4.6 -1.238667
 4.7 -1.424667
 4.8 -1.434000
 4.9 -1.222643
 5.0 -0.602111
 5.1 -0.608250
 5.2 -0.594667
 5.3 -0.596000
 5.4 -0.175000
 5.5 0.077667
 5.6 0.133000
 5.7 0.020750

PRO 12
 0.0 2.000000
 0.1 2.000000
 0.2 2.000000
 0.3 2.000000
 0.4 2.000000
 0.5 2.000000
 0.6 2.000000
 0.7 2.000000
 0.8 2.000000
 0.9 2.000000
 1.0 2.000000
 1.1 2.000000
 1.2 2.000000
 1.3 2.000000
 1.4 2.000000
 1.5 2.000000
 1.6 2.000000
 1.7 2.000000
 1.8 2.000000
 1.9 2.000000
 2.0 2.000000
 2.1 2.000000
 2.2 1.750000
 2.3 1.250000
 2.4 1.250000
 2.5 1.250000
 2.6 1.250000
 2.7 1.250000
 2.8 0.909091
 2.9 0.500000
 3.0 0.500000
 3.1 0.500000
 3.2 0.582750
 3.3 0.571143
 3.4 0.520750
 3.5 0.583000
 3.6 0.416000
 3.7 0.333000
 3.8 0.207750
 3.9 0.166000
 4.0 0.166000
 4.1 0.166000
 4.2 0.166000
 4.3 0.166000
 4.4 0.166000
 4.5 0.145500
 4.6 0.150333
 4.7 0.130833
 4.8 0.200000
 4.9 0.214214
 5.0 0.049889
 5.1 -0.008500
 5.2 0.000000
 5.3 -0.012750
 5.4 -0.017000
 5.5 -0.017000
 5.6 -0.017000
 5.7 0.079250

SER 13
 0.0 2.000000
 0.1 2.000000
 0.2 2.000000
 0.3 2.000000
 0.4 2.000000
 0.5 2.000000
 0.6 2.000000
 0.7 2.000000
 0.8 2.000000
 0.9 2.000000
 1.0 2.000000
 1.1 2.000000
 1.2 2.000000
 1.3 2.000000
 1.4 2.000000
 1.5 2.000000
 1.6 2.000000
 1.7 2.000000
 1.8 2.000000
 1.9 2.000000
 2.0 2.000000
 2.1 2.000000
 2.2 1.583333
 2.3 1.000000
 2.4 1.000000
 2.5 1.000000
 2.6 1.000000
 2.7 1.000000
 2.8 0.500000
 2.9 0.000000
 3.0 -0.200000
 3.1 -0.500000
 3.2 -0.291500
 3.3 -0.047571
 3.4 0.354000
 3.5 0.417000
 3.6 0.417000
 3.7 0.500000
 3.8 0.500000
 3.9 0.500000
 4.0 0.500000
 4.1 0.500000
 4.2 0.541500
 4.3 0.416000
 4.4 0.416000
 4.5 0.353750
 4.6 0.261000
 4.7 0.227333
 4.8 0.116000
 4.9 0.086929
 5.0 -0.094333
 5.1 -0.062250
 5.2 -0.033000
 5.3 -0.004250
 5.4 0.067000
 5.5 0.067000
 5.6 0.067000
 5.7 0.166500

SER 14
 0.0 2.000000
 0.1 2.000000
 0.2 2.000000
 0.3 2.000000
 0.4 2.000000
 0.5 2.000000
 0.6 2.000000
 0.7 2.000000
 0.8 2.000000
 0.9 2.000000
 1.0 2.000000
 1.1 2.000000
 1.2 2.000000
 1.3 2.000000
 1.4 2.000000
 1.5 2.000000
 1.6 2.000000
 1.7 2.000000
 1.8 2.000000
 1.9 2.000000
 2.0 2.000000
 2.1 2.000000
 2.2 1.416667
 2.3 1.000000
 2.4 1.000000
 2.5 1.000000
 2.6 1.000000
 2.7 1.000000
 2.8 0.090909
 2.9 0.000000
 3.0 0.000000
 3.1 0.000000
 3.2 -0.167000
 3.3 -0.214429
 3.4 -0.500000
 3.5 -0.500000
 3.6 -0.500000
 3.7 -0.417000
 3.8 -0.208750
 3.9 -0.250000
 4.0 -0.250000
 4.1 -0.250000
 4.2 -0.291500
 4.3 0.000000
 4.4 0.000000
 4.5 0.042000
 4.6 0.067333
 4.7 0.075500
 4.8 0.158750
 4.9 0.286143
 5.0 0.272667
 5.1 0.054250
 5.2 0.000000
 5.3 -0.012750
 5.4 0.017000
 5.5 0.267000
 5.6 0.267000
 5.7 0.216750

GLY 15
 0.0 2.000000
 0.1 2.000000
 0.2 2.000000
 0.3 2.000000
 0.4 2.000000
 0.5 2.000000
 0.6 2.000000
 0.7 2.000000
 0.8 2.000000
 0.9 2.000000
 1.0 2.000000
 1.1 2.000000
 1.2 2.000000
 1.3 2.000000
 1.4 2.000000
 1.5 2.000000
 1.6 2.000000
 1.7 2.000000
 1.8 2.000000
 1.9 2.000000
 2.0 2.000000
 2.1 2.000000
 2.2 1.583333
 2.3 1.250000
 2.4 1.250000
 2.5 1.250000
 2.6 1.250000
 2.7 1.250000
 2.8 0.318182
 2.9 0.000000
 3.0 0.000000
 3.1 0.000000
 3.2 0.000000
 3.3 0.000000
 3.4 0.333000
 3.5 0.333000
 3.6 0.333000
 3.7 0.333000
 3.8 0.166750
 3.9 0.000000
 4.0 0.000000
 4.1 0.000000
 4.2 0.000000
 4.3 -0.167000
 4.4 -0.167000
 4.5 -0.125500
 4.6 -0.084000
 4.7 -0.097833
 4.8 -0.000250
 4.9 0.077857
 5.0 0.011222
 5.1 0.150000
 5.2 0.150000
 5.3 0.091750
 5.4 0.017000
 5.5 0.433000
 5.6 0.433000
 5.7 0.424750

ARG 16
 0.0 2.000000
 0.1 2.000000
 0.2 2.000000
 0.3 2.000000
 0.4 2.000000
 0.5 2.000000
 0.6 2.000000
 0.7 2.000000
 0.8 2.000000
 0.9 2.000000
 1.0 2.000000
 1.1 2.000000
 1.2 2.000000
 1.3 2.000000
 1.4 2.000000
 1.5 2.000000
 1.6 2.000000
 1.7 2.000000
 1.8 2.000000
 1.9 2.000000
 2.0 2.000000
 2.1 2.000000
 2.2 2.000000
 2.3 1.375000
 2.4 1.375000
 2.5 1.375000
 2.6 1.375000
 2.7 1.375000
 2.8 0.818182
 2.9 0.500000
 3.0 0.500000
 3.1 0.500000
 3.2 0.500000
 3.3 0.285714
 3.4 -0.167000
 3.5 -0.167000
 3.6 -0.567000
 3.7 -0.667000
 3.8 -0.958500
 3.9 -0.833000
 4.0 -0.666000
 4.1 -0.666000
 4.2 -0.666000
 4.3 -0.666000
 4.4 -0.666000
 4.5 -0.666000
 4.6 -0.666000
 4.7 -0.666000
 4.8 -0.624750
 4.9 -0.598500
 5.0 -1.096222
 5.1 -1.217000
 5.2 -1.217000
 5.3 -1.175500
 5.4 -1.134000
 5.5 -0.884000
 5.6 -1.050667
 5.7 -1.325000

PRO 17
 0.0 2.000000
 0.1 2.000000
 0.2 2.000000
 0.3 2.000000
 0.4 2.000000
 0.5 2.000000
 0.6 2.000000
 0.7 2.000000
 0.8 2.000000
 0.9 2.000000
 1.0 2.000000
 1.1 2.000000
 1.2 2.000000
 1.3 2.000000
 1.4 2.000000
 1.5 2.000000
 1.6 2.000000
 1.7 2.000000
 1.8 2.000000
 1.9 2.000000
 2.0 2.000000
 2.1 2.000000
 2.2 2.000000
 2.3 1.437500
 2.4 1.437500
 2.5 1.437500
 2.6 1.437500
 2.7 1.437500
 2.8 1.000000
 2.9 1.000000
 3.0 1.000000
 3.1 1.000000
 3.2 1.000000
 3.3 0.785714
 3.4 0.500000
 3.5 0.437500
 3.6 -0.400000
 3.7 -0.833333
 3.8 -0.833000
 3.9 -0.833000
 4.0 -0.167000
 4.1 -0.167000
 4.2 -0.167000
 4.3 -0.167000
 4.4 -0.167000
 4.5 -0.167000
 4.6 -0.167000
 4.7 -0.167000
 4.8 -0.250000
 4.9 -0.333000
 5.0 0.000000
 5.1 0.000000
 5.2 0.000000
 5.3 0.000000
 5.4 0.000000
 5.5 0.000000
 5.6 -0.666667
 5.7 -1.000000

PRO 18
 0.0 2.000000
 0.1 2.000000
 0.2 2.000000
 0.3 2.000000
 0.4 2.000000
 0.5 2.000000
 0.6 2.000000
 0.7 2.000000
 0.8 2.000000
 0.9 2.000000
 1.0 2.000000
 1.1 2.000000
 1.2 2.000000
 1.3 2.000000
 1.4 2.000000
 1.5 2.000000
 1.6 2.000000
 1.7 2.000000
 1.8 2.000000
 1.9 2.000000
 2.0 2.000000
 2.1 2.000000
 2.2 2.000000
 2.3 1.375000
 2.4 1.375000
 2.5 1.375000
 2.6 1.375000
 2.7 1.375000
 2.8 1.000000
 2.9 1.000000
 3.0 1.000000
 3.1 1.000000
 3.2 1.000000
 3.3 1.000000
 3.4 1.000000
 3.5 0.874875
 3.6 0.233000
 3.7 -0.500333
 3.8 0.000000
 3.9 0.000000
 4.0 0.055667
 4.1 0.000000
 4.2 0.000000
 4.3 0.000000
 4.4 0.000000
 4.5 0.000000
 4.6 0.000000
 4.7 0.000000
 4.8 0.000000
 4.9 0.000000
 5.0 0.000000
 5.1 0.000000
 5.2 0.000000
 5.3 0.000000
 5.4 0.000000
 5.5 0.000000
 5.6 -0.500000
 5.7 -0.500000

PRO 19
 0.0 2.000000
 0.1 2.000000
 0.2 2.000000
 0.3 2.000000
 0.4 2.000000
 0.5 2.000000
 0.6 2.000000
 0.7 2.000000
 0.8 2.000000
 0.9 2.000000
 1.0 2.000000
 1.1 2.000000
 1.2 2.000000
 1.3 2.000000
 1.4 2.000000
 1.5 2.000000
 1.6 2.000000
 1.7 2.000000
 1.8 2.000000
 1.9 2.000000
 2.0 2.000000
 2.1 2.000000
 2.2 2.000000
 2.3 1.500000
 2.4 1.500000
 2.5 1.500000
 2.6 1.500000
 2.7 1.500000
 2.8 1.000000
 2.9 1.000000
 3.0 1.000000
 3.1 1.000000
 3.2 1.000000
 3.3 1.000000
 3.4 1.000000
 3.5 0.687375
 3.6 0.733000
 3.7 0.333000
 3.8 0.500000
 3.9 0.500000
 4.0 0.388667
 4.1 -0.167000
 4.2 -0.167000
 4.3 -0.167000
 4.4 -0.167000
 4.5 -0.167000
 4.6 -0.167000
 4.7 -0.167000
 4.8 -0.167000
 4.9 -0.167000
 5.0 -0.167000
 5.1 -0.167000
 5.2 -0.167000
 5.3 -0.167000
 5.4 -0.167000
 5.5 -0.167000
 5.6 -0.167000
 5.7 -0.167000

SER 20
 0.0 2.000000
 0.1 2.000000
 0.2 2.000000
 0.3 2.000000
 0.4 2.000000
 0.5 2.000000
 0.6 2.000000
 0.7 2.000000
 0.8 2.000000
 0.9 2.000000
 1.0 2.000000
 1.1 2.000000
 1.2 2.000000
 1.3 2.000000
 1.4 2.000000
 1.5 2.000000
 1.6 2.000000
 1.7 2.000000
 1.8 2.000000
 1.9 2.000000
 2.0 2.000000
 2.1 2.000000
 2.2 2.000000
 2.3 1.937500
 2.4 1.937500
 2.5 1.937500
 2.6 1.937500
 2.7 1.937500
 2.8 1.500000
 2.9 1.500000
 3.0 1.500000
 3.1 1.500000
 3.2 1.500000
 3.3 1.500000
 3.4 1.500000
 3.5 0.999875
 3.6 0.833000
 3.7 0.833000
 3.8 0.833000
 3.9 0.833000
 4.0 1.055667
 4.1 0.667000
 4.2 0.667000
 4.3 0.667000
 4.4 0.667000
 4.5 0.667000
 4.6 0.667000
 4.7 0.667000
 4.8 0.667000
 4.9 0.667000
 5.0 0.667000
 5.1 0.667000
 5.2 0.667000
 5.3 0.667000
 5.4 0.667000
 5.5 0.667000
 5.6 0.667000
 5.7 0.667000

