ATOMS
N -8.901 4.127 -0.555
CA -8.608 3.135 -1.618
C -7.117 2.964 -1.897
O -6.634 1.849 -1.758
CB -9.437 3.396 -2.889
CG -10.915 3.130 -2.611
OD1 -11.269 2.700 -1.524
ND2 -11.806 3.406 -3.543

N -6.379 4.031 -2.228
CA -4.923 4.002 -2.452
C -4.136 3.187 -1.404
O -3.391 2.274 -1.760
CB -4.411 5.450 -2.619
CG -4.795 6.450 -1.495
CD1 -3.612 6.803 -0.599
CD2 -5.351 7.748 -2.084

N -4.354 3.455 -0.111
CA -3.690 2.738 0.981
C -4.102 1.256 1.074
O -3.291 0.409 1.442
CB -3.964 3.472 2.302
CG -2.824 3.339 3.290
CD1 -2.746 2.217 4.138
CD2 -1.820 4.326 3.332
CE1 -1.657 2.076 5.018
CE2 -0.725 4.185 4.205
CZ -0.639 3.053 5.043
OH 0.433 2.881 5.861

N -5.342 0.925 0.689
CA -5.857 -0.449 0.613
C -5.089 -1.221 -0.470
O -4.621 -2.334 -0.226
CB -7.386 -0.466 0.343
CG1 -8.197 0.540 1.197
CG2 -7.959 -1.884 0.501
CD1 -8.019 0.412 2.715

N -4.907 -0.601 -1.645
CA -4.122 -1.167 -2.743
C -2.629 -1.321 -2.390
O -1.986 -2.240 -2.884
CB -4.292 -0.313 -4.013
CG -4.244 -1.171 -5.290
CD -5.576 -1.860 -5.585
OE1 -5.769 -3.044 -5.335
NE2 -6.532 -1.146 -6.152

N -2.074 -0.459 -1.528
CA -0.716 -0.631 -0.993
C -0.631 -1.766 0.044
O 0.295 -2.579 -0.004
CB -0.221 0.703 -0.417
CG 1.148 0.652 0.194
CD1 2.319 0.664 -0.482
CD2 1.508 0.564 1.606
NE1 3.371 0.560 0.411
CE2 2.928 0.515 1.710
CE3 0.779 0.524 2.812
CZ2 3.599 0.445 2.938
CZ3 1.439 0.433 4.053
CH2 2.842 0.407 4.120

N -1.600 -1.860 0.967
CA -1.641 -2.932 1.963
C -1.847 -4.319 1.342
O -1.144 -5.248 1.742
CB -2.710 -2.645 3.033
CG -2.301 -1.579 4.069
CD1 -3.475 -1.323 5.018
CD2 -1.093 -2.007 4.914

N -2.753 -4.481 0.360
CA -3.024 -5.791 -0.269
C -1.796 -6.427 -0.937
O -1.719 -7.648 -1.030
CB -4.224 -5.697 -1.232
CG -3.930 -5.009 -2.577
CD -3.682 -5.986 -3.736
CE -3.494 -5.199 -5.039
NZ -4.563 -5.483 -6.023

N -0.828 -5.607 -1.355
CA 0.466 -6.016 -1.905
C 1.481 -6.464 -0.832
O 2.545 -6.971 -1.194
CB 1.033 -4.839 -2.724
CG 0.672 -4.906 -4.210
OD1 -0.532 -5.051 -4.522
OD2 1.627 -4.815 -5.017

N 1.185 -6.278 0.464
CA 2.060 -6.618 1.593
C 2.628 -5.412 2.353
O 3.496 -5.594 3.208

N 2.172 -4.187 2.055
CA 2.626 -2.967 2.723
C 4.157 -2.802 2.654
O 4.710 -2.829 1.551

N 4.871 -2.651 3.794
CA 6.333 -2.533 3.806
C 7.058 -3.729 3.165
O 8.139 -3.562 2.601
CB 6.740 -2.387 5.279
CG 5.460 -1.952 5.987
CD 4.362 -2.615 5.160

N 6.463 -4.929 3.205
CA 7.049 -6.179 2.704
C 6.897 -6.369 1.185
O 7.025 -7.488 0.697
CB 6.458 -7.371 3.472
OG 6.763 -7.264 4.850

N 6.637 -5.290 0.434
CA 6.389 -5.315 -1.015
C 7.332 -4.405 -1.823
O 7.082 -4.123 -2.993
CB 4.914 -4.993 -1.265
OG 4.431 -5.743 -2.358

N 8.419 -3.920 -1.202
CA 9.451 -3.116 -1.870
C 8.984 -1.725 -2.316
O 9.539 -1.177 -3.267

N 7.956 -1.164 -1.660
CA 7.289 0.084 -2.054
C 6.855 0.916 -0.829
O 6.222 0.366 0.076
CB 6.110 -0.243 -2.994
CG 5.046 -1.171 -2.378
CD 3.923 -1.592 -3.338
NE 4.251 -2.811 -4.100
CZ 4.859 -2.914 -5.274
NH1 5.289 -1.864 -5.937
NH2 5.035 -4.095 -5.809

N 7.156 2.230 -0.780
CA 6.782 3.088 0.345
C 5.261 3.331 0.395
O 4.586 3.165 -0.624
CB 7.554 4.394 0.119
CG 7.677 4.474 -1.401
CD 7.820 3.010 -1.816

N 4.710 3.739 1.555
CA 3.287 4.031 1.686
C 2.901 5.305 0.913
O 3.684 6.256 0.871
CB 3.035 4.190 3.187
CG 4.385 4.655 3.729
CD 5.393 3.949 2.823

N 1.688 5.360 0.336
CA 1.185 6.543 -0.353
C 0.715 7.607 0.655
O -0.124 7.324 1.513
CB 0.048 6.014 -1.229
CG -0.519 4.852 -0.412
CD 0.716 4.275 0.272

N 1.271 8.822 0.549
CA 0.852 10.027 1.285
C -0.406 10.657 0.683
O -0.387 10.916 -0.540
CB 1.972 11.071 1.284
OG 3.120 10.541 1.911
OXT -1.341 10.903 1.473

EDGES
1 2 1.483200
1 3 2.517179
1 4 3.431586
1 5 2.503840
1 6 3.045873
1 7 2.929627
1 8 4.229304
1 9 3.027974
1 10 4.408936
1 11 4.930479
1 13 5.115714
1 14 4.810319
1 16 5.296412
1 17 4.617784
1 18 5.607418
1 21 5.741554
1 29 4.946395
1 30 5.618713
1 33 4.919073
1 34 4.053602
1 36 5.027131
2 3 1.526487
2 4 2.360100
2 5 1.539741
2 6 2.511638
2 7 2.697959
2 8 3.742495
2 9 2.478580
2 10 3.876399
2 11 4.477419
2 12 5.289478
2 13 4.896533
2 14 5.054040
2 16 5.666125
2 17 4.524375
2 18 5.576660
2 19 5.575082
2 29 4.568709
2 30 5.038891
2 31 5.716293
2 33 4.278552
2 34 3.850607
2 35 5.486504
2 36 5.151363
2 37 5.258881
3 4 1.223043
3 5 2.559900
3 6 3.868095
3 7 4.177072
3 8 4.989128
3 9 1.338915
3 10 2.489800
3 11 3.029709
3 12 3.791826
3 13 3.744852
3 14 4.207788
3 15 5.357961
3 16 5.102978
3 17 3.326416
3 18 4.480880
3 19 4.564464
3 20 5.684648
3 21 5.275516
3 29 3.741062
3 30 4.419985
3 31 4.864498
3 33 4.105467
3 34 4.076152
3 35 5.473799
3 36 5.347602
3 37 4.202003
3 38 5.172127
3 41 4.816307
4 5 3.395464
4 6 4.549234
4 7 4.718282
4 8 5.688590
4 9 2.246564
4 10 2.836294
4 11 2.855795
4 12 3.270730
4 13 4.318594
4 14 4.961884
4 17 3.238865
4 18 4.118201
4 19 3.844853
4 20 4.846571
4 21 5.123146
4 29 2.917336
4 30 3.392075
4 31 3.670268
4 32 4.888423
4 33 3.215421
4 34 3.590052
4 35 4.560043
4 36 4.898053
4 37 2.999633
4 38 4.046804
4 39 5.146683
4 41 3.904386
4 42 5.225660
4 43 5.433413
4 45 5.318615
4 46 5.115991
5 6 1.527260
5 7 2.388277
5 8 2.457636
5 9 3.192414
5 10 4.575413
5 11 5.509039
5 13 5.436220
5 14 5.728727
5 17 5.792897
5 33 5.437598
5 34 5.137094
6 7 1.221387
6 8 1.318591
6 9 4.640451
6 34 5.347568
7 8 2.205259
7 9 5.116569
7 33 5.346675
7 34 4.637524
8 9 5.618913
9 10 1.473415
9 11 2.534238
9 12 3.497745
9 13 2.457533
9 14 2.982936
9 15 4.241923
9 16 3.859224
9 17 2.985647
9 18 4.381809
9 19 4.877352
9 21 5.163875
9 29 4.385373
9 30 5.330494
9 31 5.686666
9 33 5.277035
9 34 5.217550
9 37 4.895109
9 38 5.690209
9 41 5.139273
10 11 1.543340
10 12 2.410782
10 13 1.544907
10 14 2.631528
10 15 3.605264
10 16 3.788288
10 17 2.470476
10 18 3.860502
10 19 4.543923
10 20 5.544034
10 21 4.878637
10 29 4.416941
10 30 5.484340
10 31 5.588883
10 37 4.673234
10 38 5.238783
10 39 5.796603
10 41 4.631858
10 46 5.373183
10 145 5.500429
10 146 4.927405
11 12 1.230987
11 13 2.583219
11 14 3.330125
11 15 3.741398
11 16 4.768789
11 17 1.338356
11 18 2.467538
11 19 3.141719
11 20 4.065836
11 21 3.720920
11 22 4.876278
11 23 5.795409
11 24 5.393596
11 29 3.309340
11 30 4.500070
11 31 4.605543
11 32 5.666070
11 33 5.192198
11 34 5.501230
11 37 3.873173
11 38 4.555264
11 39 4.854411
11 41 4.368205
11 46 4.190529
11 47 5.142222
11 50 4.740427
11 145 5.052565
11 146 4.103532
11 147 5.247344
12 13 3.444598
12 14 4.413663
12 15 4.680663
12 17 2.245291
12 18 2.796029
12 19 3.094091
12 20 3.706889
12 21 4.273567
12 22 5.192130
12 24 5.710272
12 29 3.409370
12 30 4.373444
12 31 4.094182
12 32 5.009962
12 33 5.281121
12 37 3.252246
12 38 3.652551
12 39 3.728481
12 40 4.859382
12 41 3.546883
12 42 5.005650
12 46 3.042631
12 47 4.022802
12 48 5.214750
12 50 3.784256
12 51 5.201108
12 60 5.266324
12 145 5.108452
12 146 4.087979
12 147 5.000047
13 14 1.552685
13 15 2.559182
13 16 2.539809
13 17 3.205205
13 18 4.564514
13 19 5.596728
13 21 5.322456
13 29 5.682011
13 145 4.704559
13 146 4.513991
14 15 1.525423
14 16 1.529987
14 17 3.328658
14 18 4.596797
14 21 4.896555
14 144 5.624072
14 145 4.869856
14 146 4.691553
15 16 2.474343
15 17 3.463786
15 18 4.361962
15 21 4.431170
15 22 5.267311
15 24 4.979915
15 141 5.571936
15 142 4.810335
15 143 4.576228
15 144 4.110733
15 145 3.796712
15 146 3.661696
15 147 5.087338
15 148 5.407213
15 150 5.174483
15 151 5.226937
15 154 5.124512
16 17 4.828725
16 145 5.734717
17 18 1.465418
17 19 2.510643
17 20 3.580488
17 21 2.444373
17 22 3.731107
17 23 4.708748
17 24 4.362803
17 26 5.685983
17 29 2.831439
17 30 4.245515
17 31 4.747008
17 32 5.796295
17 33 4.977287
17 34 4.997673
17 36 5.538804
17 37 4.371510
17 38 5.323921
17 39 5.565936
17 41 5.424691
17 46 4.746123
17 47 5.541513
17 50 4.974819
17 145 5.213061
17 146 4.092607
17 147 5.150145
18 19 1.541012
18 20 2.407481
18 21 1.535862
18 22 2.538235
18 23 3.336049
18 24 3.397918
18 25 4.568227
18 26 4.612939
18 27 5.089958
18 29 2.470088
18 30 3.871470
18 31 4.442554
18 32 5.296111
18 33 4.932857
18 34 5.019055
18 36 5.211264
18 37 4.418810
18 38 5.413301
18 39 5.381900
18 46 4.373482
18 47 4.908311
18 48 5.524624
18 50 4.257886
18 51 5.327008
18 53 5.668872
18 56 5.312845
18 60 5.050733
18 65 5.486488
18 66 5.730211
18 145 5.439570
18 146 4.057670
18 147 4.719946
19 20 1.229046
19 21 2.537259
19 22 3.298913
19 23 3.485736
19 24 4.441958
19 25 4.712278
19 26 5.457685
19 27 5.565477
19 29 1.339920
19 30 2.489894
19 31 3.081174
19 32 3.853240
19 33 3.779458
19 34 4.158943
19 35 5.006434
19 36 4.329908
19 37 3.389607
19 38 4.521152
19 39 4.561793
19 40 5.689045
19 41 5.326859
19 46 3.718120
19 47 4.392978
19 48 4.716060
19 50 4.194169
19 51 5.357398
19 53 5.677498
19 56 5.232650
19 60 3.997613
19 61 4.938237
19 64 4.581828
19 65 4.500095
19 66 4.753894
19 146 5.289357
19 147 5.742011
20 21 3.251845
20 22 3.495439
20 23 3.291551
20 24 4.591169
20 25 4.270436
20 26 5.336357
20 27 5.195290
20 29 2.244965
20 30 2.829799
20 31 3.089571
20 32 3.474935
20 33 4.329255
20 34 4.913860
20 35 5.285220
20 36 4.896378
20 37 3.627826
20 38 4.548468
20 39 4.256215
20 40 5.237796
20 41 5.592880
20 46 3.324968
20 47 3.693433
20 48 3.709532
20 49 4.886559
20 50 3.601002
20 51 4.617497
20 53 4.804302
20 56 4.295931
20 58 5.402851
20 60 2.869402
20 61 3.762476
20 62 4.944605
20 64 3.492243
20 65 3.439967
20 66 3.977619
20 67 4.766869
20 68 5.037089
20 146 5.555317
20 147 5.689543
21 22 1.514408
21 23 2.535635
21 24 2.527242
21 25 3.827234
21 26 3.823728
21 27 4.329465
21 28 5.687651
21 29 3.314794
21 30 4.670162
21 31 5.565416
21 33 5.572756
21 34 5.266492
21 36 5.096783
21 37 5.749555
21 50 5.391695
21 56 5.607749
21 65 5.603611
21 66 5.532432
21 144 5.496001
21 146 4.597632
21 147 5.164117
22 23 1.408571
22 24 1.408527
22 25 2.437836
22 26 2.441053
22 27 2.815853
22 28 4.174668
22 29 4.351198
22 30 5.542054
22 50 5.240797
22 51 5.708062
22 53 5.413197
22 56 4.597208
22 58 5.215379
22 65 5.006705
22 66 5.014382
22 141 5.759227
22 144 5.131077
22 146 4.615950
22 147 4.745105
23 24 2.440285
23 25 1.407197
23 26 2.821693
23 27 2.440772
23 28 3.676366
23 29 4.506005
23 30 5.404767
23 36 5.752172
23 50 5.423638
23 51 5.759132
23 53 5.219190
23 56 4.129183
23 58 4.550176
23 60 5.290604
23 61 5.697706
23 64 4.986117
23 65 3.822617
23 66 3.719871
23 67 4.601821
23 146 5.710101
23 147 5.582720
24 25 2.816321
24 26 1.407492
24 27 2.437788
24 28 3.682374
24 29 5.563878
24 50 5.453250
24 51 5.670480
24 53 5.311055
24 56 4.634696
24 58 5.127999
24 135 5.373806
24 136 5.394242
24 138 4.859068
24 141 4.727709
24 142 5.246364
24 143 4.935333
24 144 3.895277
24 145 5.209749
24 146 3.998351
24 147 3.974607
25 26 2.444887
25 27 1.411197
25 28 2.393068
25 50 5.786748
25 51 5.759060
25 53 4.893374
25 56 3.634451
25 58 3.635367
25 59 4.881902
25 60 5.648535
25 64 5.228468
25 65 3.830713
25 66 3.854650
25 67 4.123081
25 138 5.462273
25 147 5.743801
26 27 1.411051
26 28 2.404936
26 51 5.663774
26 53 4.985251
26 55 5.747898
26 56 4.195877
26 58 4.333994
26 59 5.196537
26 135 4.739749
26 136 5.023897
26 138 3.895375
26 139 5.153598
26 141 4.708753
26 142 5.475731
26 143 5.136748
26 144 4.178682
26 145 5.785424
26 146 4.669477
26 147 4.189638
27 28 1.359372
27 51 5.698331
27 53 4.755807
27 55 5.502165
27 56 3.658405
27 57 5.403086
27 58 3.487490
27 59 4.468848
27 65 5.016607
27 66 5.214681
27 67 5.081964
27 135 5.257320
27 138 4.270337
27 139 5.434480
27 141 5.735244
27 144 5.564851
27 146 5.745244
27 147 5.108008
28 53 4.962775
28 55 5.390156
28 56 3.869311
28 57 4.949907
28 58 3.205246
28 59 3.867174
28 65 5.529703
28 67 5.207497
28 135 5.186371
28 138 3.954006
28 139 4.828126
28 147 5.767170
29 30 1.469312
29 31 2.452062
29 32 3.460946
29 33 2.496504
29 34 2.925289
29 35 3.843763
29 36 3.396200
29 37 2.822314
29 38 4.200415
29 39 4.678154
29 41 4.974329
29 46 4.184539
29 47 5.162377
29 48 5.463609
29 50 5.243774
29 60 4.672908
29 61 5.495173
29 64 5.016638
29 65 5.190578
29 66 5.222972
30 31 1.535805
30 32 2.405170
30 33 1.552749
30 34 2.606679
30 35 2.547582
30 36 3.135916
30 37 2.454418
30 38 3.845580
30 39 4.494260
30 40 5.515554
30 41 4.885447
30 46 4.346846
30 47 5.389085
30 48 5.419347
30 60 4.498698
30 61 5.075672
30 62 5.620360
30 64 4.536786
30 65 5.085860
30 66 5.083486
30 68 5.094688
30 72 5.797605
31 32 1.231799
31 33 2.550922
31 34 3.942039
31 35 3.101501
31 36 4.625561
31 37 1.340951
31 38 2.470736
31 39 3.122179
31 40 4.061326
31 41 3.743330
31 42 4.893764
31 43 5.177713
31 44 5.239652
31 46 3.284849
31 47 4.443507
31 48 4.520507
31 49 5.572143
31 50 5.234693
31 60 3.827063
31 61 4.553648
31 62 4.836477
31 64 4.467485
31 65 5.338879
31 66 5.721324
31 68 4.095534
31 69 5.018917
31 72 4.622061
31 73 4.486833
32 33 3.385027
32 34 4.803393
32 35 3.445762
32 36 5.266536
32 37 2.258018
32 38 2.818897
32 39 3.110808
32 40 3.743932
32 41 4.305119
32 42 5.209491
32 43 5.464026
32 44 5.284306
32 46 3.420239
32 47 4.328686
32 48 4.039260
32 49 4.927105
32 50 5.349752
32 60 3.282433
32 61 3.745627
32 62 3.754188
32 63 4.945093
32 64 3.790742
32 65 4.939580
32 66 5.462140
32 68 2.905586
32 69 3.808295
32 70 5.023823
32 72 3.532621
32 73 3.627714
32 74 5.151594
32 75 5.713434
32 77 5.135564
33 34 1.548894
33 35 1.537536
33 36 2.607289
33 37 3.180536
33 38 4.546261
33 39 5.552420
33 41 5.345183
33 46 5.631877
34 35 2.533147
34 36 1.533751
34 37 4.494769
35 36 3.190143
35 37 3.945391
35 38 5.075450
35 72 5.611816
36 37 5.451634
36 66 5.381633
37 38 1.463621
37 39 2.502541
37 40 3.571230
37 41 2.463451
37 42 3.748399
37 43 4.190017
37 44 4.508591
37 45 4.821898
37 46 2.838968
37 47 4.241519
37 48 4.742797
37 50 5.016672
37 60 4.398167
37 61 5.396108
37 62 5.666506
37 64 5.557736
37 68 4.869717
37 69 5.689918
37 72 5.158127
37 73 4.610165
38 39 1.541874
38 40 2.394516
38 41 1.539843
38 42 2.549923
38 43 3.266700
38 44 3.599195
38 45 4.174904
38 46 2.484309
38 47 3.866605
38 48 4.507022
38 49 5.385699
38 50 4.911718
38 60 4.539255
38 61 5.605089
38 62 5.638967
38 68 4.741874
38 69 5.357953
38 72 4.776445
38 73 3.850375
38 74 4.939880
38 75 4.682203
38 76 5.438818
38 77 5.700051
38 83 5.580179
39 40 1.225580
39 41 2.532935
39 42 3.322759
39 43 4.379881
39 44 4.636955
39 45 5.423714
39 46 1.339445
39 47 2.467241
39 48 3.180312
39 49 3.978107
39 50 3.713189
39 51 4.983524
39 52 5.662455
39 60 3.552297
39 61 4.745532
39 62 4.850500
39 64 5.582873
39 68 4.190880
39 69 4.963423
39 70 5.373670
39 72 4.799413
39 73 3.915216
39 74 4.968174
39 75 4.775386
39 77 4.762838
39 78 5.644225
39 81 5.089020
39 82 5.202041
39 83 4.780767
40 41 3.210235
40 42 3.468452
40 43 4.508647
40 44 4.578745
40 45 5.704628
40 46 2.240188
40 47 2.788846
40 48 3.260964
40 49 3.689483
40 50 4.226413
40 51 5.259249
40 52 5.721525
40 60 3.888907
40 61 4.908289
40 62 4.711755
40 63 5.581837
40 68 4.016703
40 69 4.530482
40 70 4.621458
40 71 5.723204
40 72 4.437183
40 73 3.397167
40 74 4.199385
40 75 3.959011
40 76 5.197240
40 77 3.874983
40 78 4.607485
40 81 3.986824
40 82 3.991340
40 83 3.563549
40 84 4.922813
41 42 1.539220
41 43 2.552068
41 44 3.374548
41 45 3.207306
41 46 3.334076
41 47 4.691407
41 48 5.654501
41 50 5.525985
41 73 4.923978
41 74 5.712421
41 75 5.055935
41 76 5.553597
42 43 1.528388
42 44 2.415736
42 45 2.445120
42 46 4.400964
42 47 5.585928
42 73 4.710542
42 74 5.090676
42 75 4.104910
42 76 4.385475
42 83 5.424313
43 44 1.225400
43 45 1.321068
43 46 5.539499
43 73 4.655489
43 74 4.902032
43 75 3.972626
43 76 3.787366
44 45 2.202740
44 72 5.124455
44 73 3.853532
44 74 3.945597
44 75 3.147581
44 76 2.806510
44 83 5.667026
45 75 5.186041
45 76 4.764784
46 47 1.469685
46 48 2.502335
46 49 3.525498
46 50 2.453197
46 51 3.818493
46 52 4.653353
46 53 4.868183
46 56 5.285972
46 60 2.900431
46 61 4.300035
46 62 4.815395
46 64 5.097628
46 65 5.712472
46 68 4.494671
46 69 5.560378
46 72 5.669811
46 73 5.024703
46 77 5.299467
46 81 5.501660
46 83 5.694582
46 146 5.645370
46 147 5.782288
47 48 1.539746
47 49 2.407269
47 50 1.535043
47 51 2.555299
47 52 3.339067
47 53 3.623396
47 54 4.482551
47 55 4.679558
47 56 4.248185
47 58 5.589118
47 60 2.476590
47 61 3.858518
47 62 4.509183
47 63 5.383317
47 64 4.923506
47 65 5.388392
47 68 4.560973
47 69 5.698828
47 73 5.657361
47 77 4.990407
47 78 5.588121
47 81 4.874692
47 82 5.527319
47 83 5.658984
47 89 5.502362
47 90 5.516749
47 122 5.286101
47 146 5.517215
47 147 5.264949
48 49 1.233187
48 50 2.544913
48 51 3.005672
48 52 3.857989
48 53 3.527615
48 54 4.643379
48 55 4.543677
48 56 3.859278
48 57 5.581815
48 58 5.019221
48 59 5.779051
48 60 1.341539
48 61 2.462157
48 62 3.111474
48 63 3.907774
48 64 3.745531
48 65 4.361708
48 66 5.746761
48 67 4.897798
48 68 3.460342
48 69 4.693085
48 70 4.903520
48 72 5.476366
48 73 5.316963
48 77 4.092590
48 78 4.802552
48 79 5.224856
48 81 4.458032
48 82 5.445542
48 83 5.625778
48 85 4.881844
48 86 5.760450
48 87 5.407946
48 89 4.214519
48 90 4.384916
48 91 5.550706
48 92 5.650425
48 122 5.675131
49 50 3.347887
49 51 3.347562
49 52 3.852546
49 53 3.733888
49 54 4.414445
49 55 4.409458
49 56 4.218142
49 57 5.358764
49 58 5.180746
49 59 5.693047
49 60 2.247405
49 61 2.782408
49 62 3.070420
49 63 3.498971
49 64 4.272909
49 65 4.932397
49 67 5.142028
49 68 3.611150
49 69 4.626330
49 70 4.477709
49 71 5.550102
49 72 5.625946
49 73 5.511429
49 77 3.500730
49 78 3.931413
49 79 4.145528
49 80 5.076245
49 81 3.612568
49 82 4.821566
49 83 5.216037
49 84 5.648370
49 85 3.833239
49 86 4.688193
49 87 4.361677
49 88 5.445509
49 89 3.216873
49 90 3.608412
49 91 4.693585
49 92 4.687510
49 110 5.362152
49 111 5.714780
49 121 5.494574
49 122 5.025148
49 123 5.699208
50 51 1.500028
50 52 2.541131
50 53 2.664825
50 54 3.688970
50 55 3.804691
50 56 3.385038
50 57 5.090677
50 58 4.775919
50 59 5.482149
50 60 3.222742
50 61 4.570998
50 62 5.564031
50 64 5.413569
50 65 5.445927
50 90 5.606595
50 122 5.565250
50 130 5.404770
50 135 5.272974
50 136 5.717883
50 141 5.089100
50 145 5.379445
50 146 4.159691
50 147 3.756577
51 52 1.352169
51 53 1.459825
51 54 2.235460
51 55 2.342098
51 56 2.646974
51 57 3.685076
51 58 3.876148
51 59 4.282889
51 60 3.802522
51 61 4.873699
51 65 5.646998
51 89 5.284678
51 90 4.655909
51 91 5.199596
51 92 5.162040
51 119 5.083424
51 121 5.013274
51 122 5.021074
51 129 4.912658
51 130 4.336374
51 134 4.906092
51 135 4.268375
51 136 5.023980
51 138 5.003625
51 141 4.740994
51 145 5.655614
51 146 4.559180
51 147 3.649498
52 53 2.242201
52 54 1.383824
52 55 2.279900
52 56 3.638906
52 57 3.658246
52 58 4.625363
52 59 4.638748
52 60 4.881469
52 89 5.476329
52 90 4.852879
52 91 5.022539
52 92 4.695851
52 117 5.244853
52 118 4.556227
52 119 3.953932
52 120 4.637292
52 121 3.794545
52 122 3.977322
52 123 5.375702
52 127 5.092910
52 128 5.145685
52 129 4.066618
52 130 3.378528
52 134 4.395665
52 135 4.119944
52 136 4.880946
52 138 5.138764
52 140 5.582448
52 141 4.808295
52 146 5.059495
52 147 4.022120
53 54 2.213326
53 55 1.424646
53 56 1.409779
53 57 2.482069
53 58 2.451475
53 59 2.850333
53 60 3.992964
53 61 4.718651
53 64 5.488673
53 65 5.016702
53 67 4.931339
53 89 4.818143
53 90 3.868536
53 91 4.409701
53 92 4.665649
53 93 5.141336
53 99 5.557182
53 119 4.960030
53 121 5.603564
53 129 4.817449
53 130 4.605669
53 134 4.509549
53 135 3.897606
53 136 4.989767
53 138 4.240185
53 139 5.433281
53 140 5.294576
53 141 4.964566
53 146 5.154415
53 147 4.022231
54 55 1.373199
54 56 3.533350
54 57 2.539870
54 58 4.124672
54 59 3.749657
54 60 5.556652
54 89 5.164721
54 90 4.282534
54 91 4.117267
54 92 3.818094
54 93 4.899511
54 94 5.464990
54 99 5.797905
54 116 5.318218
54 117 4.653335
54 118 3.715184
54 119 2.877162
54 120 4.443079
54 121 3.685174
54 122 4.357845
54 123 5.699751
54 127 4.305067
54 128 4.246182
54 129 3.354221
54 130 3.055074
54 131 5.681752
54 133 5.545776
54 134 3.634240
54 135 3.698719
54 136 4.794573
54 137 5.723110
54 138 4.582136
54 139 5.367154
54 140 4.625100
54 141 5.087054
54 147 4.568323
55 56 2.415095
55 57 1.401116
55 58 2.777318
55 59 2.413951
55 60 5.166765
55 61 5.729012
55 67 5.726652
55 89 4.774868
55 90 3.638914
55 91 3.661156
55 92 3.792511
55 93 4.259326
55 94 5.027678
55 98 5.548860
55 99 4.873988
55 117 5.776831
55 118 4.693469
55 119 3.680026
55 120 5.729512
55 121 4.903087
55 122 5.559836
55 127 5.197818
55 128 4.830825
55 129 3.886125
55 130 3.901156
55 134 3.686967
55 135 3.534362
55 136 4.855928
55 138 3.962146
55 139 4.831026
55 140 4.371195
55 141 5.186473
55 147 4.593298
56 57 2.823919
56 58 1.408532
56 59 2.445511
56 60 3.840198
56 61 4.303619
56 62 5.701879
56 64 4.718530
56 65 3.935614
56 66 5.135597
56 67 3.785333
56 89 4.970616
56 90 3.950495
56 91 4.743219
56 92 5.318411
56 93 5.271566
56 99 5.310773
56 130 5.768382
56 134 5.231542
56 135 4.456118
56 136 5.564804
56 138 4.320847
56 139 5.559612
56 140 5.746281
56 141 5.508516
56 146 5.550726
56 147 4.530515
57 58 2.430837
57 59 1.404143
57 67 5.650818
57 89 4.926606
57 90 3.554532
57 91 3.306816
57 92 3.725207
57 93 3.454842
57 94 4.134811
57 95 5.425724
57 97 4.833879
57 98 4.301782
57 99 3.857856
57 118 5.001366
57 119 3.882965
57 121 5.741526
57 127 5.446283
57 128 4.882682
57 129 4.190237
57 130 4.589163
57 134 3.741316
57 135 3.811069
57 136 5.311067
57 138 3.795408
57 139 4.355178
57 140 3.938233
57 147 5.485266
58 59 1.404839
58 60 4.900690
58 61 5.017741
58 64 5.265803
58 65 4.246881
58 66 5.306803
58 67 3.620213
58 89 5.086619
58 90 3.838993
58 91 4.450837
58 92 5.253579
58 93 4.621338
58 94 5.727949
58 98 5.059350
58 99 4.365740
58 134 5.279117
58 135 4.686512
58 138 4.172795
58 139 5.158408
58 140 5.432244
58 147 5.438718
59 65 5.513370
59 67 4.684235
59 89 5.081138
59 90 3.658161
59 91 3.765111
59 92 4.534411
59 93 3.684356
59 94 4.574853
59 97 4.933976
59 98 3.988044
59 99 3.538995
59 119 5.270675
59 129 5.317609
59 130 5.757919
59 134 4.601182
59 135 4.388138
59 138 3.901132
59 139 4.536434
59 140 4.553633
60 61 1.463858
60 62 2.499663
60 63 3.505297
60 64 2.473192
60 65 3.192611
60 66 4.496064
60 67 3.982144
60 68 2.927029
60 69 4.359843
60 70 4.951881
60 72 5.142329
60 73 5.282522
60 77 4.475229
60 78 5.457937
60 81 5.424999
60 85 5.246709
60 87 5.693302
60 89 4.563623
60 90 4.708297
61 62 1.533573
61 63 2.379014
61 64 1.539490
61 65 2.588715
61 66 3.909663
61 67 3.140753
61 68 2.491095
61 69 3.881803
61 70 4.544123
61 71 5.586125
61 72 4.952286
61 73 5.492272
61 77 4.338861
61 78 5.376981
61 79 5.480322
61 81 5.723189
61 85 4.629146
61 86 5.236497
61 87 4.952460
61 89 4.015278
61 90 4.334295
62 63 1.231767
62 64 2.531112
62 65 3.892332
62 66 5.013918
62 67 4.321232
62 68 1.345884
62 69 2.479402
62 70 3.104852
62 71 4.089622
62 72 3.764902
62 73 4.491498
62 74 5.650858
62 77 3.157707
62 78 4.332757
62 79 4.516955
62 80 5.723117
62 81 5.009706
62 85 3.715049
62 86 4.540160
62 87 4.716184
62 89 4.083890
62 90 4.872658
63 64 3.300704
63 65 4.496125
63 66 5.618840
63 67 4.535225
63 68 2.255459
63 69 2.805953
63 70 2.998697
63 71 3.711416
63 72 4.304960
63 73 5.145161
63 77 3.133711
63 78 4.059869
63 79 3.872306
63 80 5.019716
63 81 4.985155
63 85 2.849285
63 86 3.487795
63 87 3.824683
63 88 4.878368
63 89 3.495647
63 90 4.514224
64 65 1.541731
64 66 2.504623
64 67 2.561229
64 68 3.243096
64 69 4.571555
64 70 5.558761
64 72 5.458674
64 77 5.618711
64 89 5.212310
64 90 5.354688
65 66 1.531148
65 67 1.535081
65 68 4.731024
65 89 5.555681
65 90 5.292787
66 67 2.480443
66 68 5.673730
67 68 5.441984
67 87 5.656729
67 89 4.856594
67 90 4.421882
67 91 5.770799
67 99 5.494288
68 69 1.478236
68 70 2.526851
68 71 3.609868
68 72 2.485349
68 73 3.207816
68 74 4.461534
68 75 5.496709
68 77 2.813312
68 78 4.224738
68 79 4.824926
68 81 4.896225
68 82 5.726792
68 83 5.393669
68 85 4.329881
68 86 5.408514
68 89 5.216808
69 70 1.535807
69 71 2.393866
69 72 1.541494
69 73 2.599851
69 74 3.534272
69 75 4.829520
69 77 2.456760
69 78 3.860987
69 79 4.589654
69 80 5.767303
69 81 4.836587
69 82 5.474954
69 83 4.984543
69 85 4.300016
69 86 5.477046
70 71 1.226955
70 72 2.552471
70 73 3.042085
70 74 3.403803
70 75 4.606256
70 77 1.335720
70 78 2.494512
70 79 3.278891
70 80 4.382495
70 81 3.703830
70 82 4.372298
70 83 4.042684
70 84 5.564339
70 85 3.297175
70 86 4.615855
70 87 5.605899
70 89 5.451118
71 72 3.181545
71 73 3.774394
71 74 3.733370
71 75 5.021982
71 77 2.250597
71 78 2.864136
71 79 3.417757
71 80 4.320523
71 81 4.281778
71 82 4.831961
71 83 4.510814
71 85 3.541490
71 86 4.714008
72 73 1.539092
72 74 2.578236
72 75 3.908216
72 76 4.807744
72 77 3.399418
72 78 4.748767
72 79 5.770209
72 81 5.531571
72 82 5.784892
72 83 4.987212
72 85 5.698356
73 74 1.536006
73 75 2.507517
73 76 3.535574
73 77 3.387225
73 78 4.559654
73 81 4.968086
73 82 4.884230
73 83 3.915507
74 75 1.533793
74 76 2.501907
74 77 3.736056
74 78 4.534244
74 81 4.956912
74 82 4.510919
74 83 3.378538
74 84 5.585489
75 76 1.480430
75 77 4.565728
75 78 5.115764
75 81 5.097309
75 82 4.257775
75 83 3.010421
75 84 5.135424
76 82 5.570020
76 83 4.323030
77 78 1.464315
77 79 2.517828
77 80 3.641915
77 81 2.434606
77 82 3.300368
77 83 3.229031
77 84 4.479345
77 85 2.794847
77 86 4.248926
77 87 5.072595
77 89 4.758624
77 110 5.775436
77 111 5.355519
78 79 1.543457
78 80 2.395785
78 81 1.541940
78 82 2.566624
78 83 2.962418
78 84 3.531978
78 85 2.489531
78 86 3.890918
78 87 4.813484
78 89 4.683725
78 110 4.608778
78 111 4.000120
78 122 5.794490
78 123 5.423677
79 80 1.232959
79 81 2.533968
79 82 3.806932
79 83 4.434505
79 84 4.500527
79 85 1.342322
79 86 2.497916
79 87 3.544931
79 88 4.597687
79 89 3.741254
79 90 5.116450
79 91 5.720438
79 92 5.414643
79 102 5.780170
79 106 5.437405
79 107 5.044022
79 110 3.759896
79 111 3.398679
79 123 5.630021
80 81 3.028608
80 82 4.107141
80 83 4.922389
80 84 4.484015
80 85 2.253622
80 86 2.850825
80 87 3.875381
80 88 4.709367
80 89 4.294856
80 90 5.601916
80 92 5.420186
80 102 4.996193
80 103 4.890150
80 106 4.713874
80 107 4.189357
80 108 5.467665
80 109 5.650829
80 110 3.087019
80 111 2.533747
80 123 5.353585
81 82 1.530688
81 83 2.393109
81 84 2.368810
81 85 3.501024
81 86 4.780801
81 87 5.352409
81 89 4.955932
81 107 5.642162
81 110 4.149043
81 111 3.535191
81 121 5.447762
81 122 4.390001
81 123 4.044958
81 124 4.984616
81 126 5.107520
82 83 1.252192
82 84 1.253617
82 85 4.898145
82 110 5.164800
82 111 4.273237
82 122 4.723556
82 123 4.148538
82 124 4.757219
82 125 5.792494
82 126 4.717021
83 84 2.227555
83 85 5.414223
83 111 5.458308
83 122 5.763121
83 123 5.298375
83 126 5.793254
84 85 5.690087
84 110 4.991348
84 111 3.974152
84 121 5.650895
84 122 4.298649
84 123 3.426701
84 124 3.758414
84 125 4.792186
84 126 3.572132
85 86 1.468287
85 87 2.529926
85 88 3.652138
85 89 2.806730
85 90 4.259376
85 91 5.070647
85 92 5.050029
85 102 5.758044
85 106 5.540880
85 107 5.495127
85 110 4.306519
85 111 4.334331
86 87 1.534490
86 88 2.391422
86 89 2.477044
86 90 3.863555
86 91 4.481628
86 92 4.623936
86 93 5.336966
86 100 4.983741
86 101 5.130026
86 102 4.860559
86 103 5.119662
86 104 4.841493
86 105 5.757046
86 106 4.904671
86 107 5.219168
86 110 4.353631
86 111 4.690167
87 88 1.231898
87 89 1.340658
87 90 2.472838
87 91 3.039826
87 92 3.413183
87 93 3.838053
87 94 4.911912
87 95 4.807986
87 98 5.761751
87 99 4.325415
87 100 3.958083
87 101 4.500748
87 102 4.528182
87 103 5.136703
87 104 4.445081
87 105 5.173310
87 106 4.446294
87 107 5.049550
87 110 4.300149
87 111 5.055086
88 89 2.249896
88 90 2.809494
88 91 2.922174
88 92 3.444513
88 93 3.300798
88 94 4.216147
88 95 4.020935
88 96 5.104402
88 97 5.009733
88 98 4.984406
88 99 3.665338
88 100 3.040612
88 101 3.635939
88 102 4.032363
88 103 4.727177
88 104 3.464227
88 105 4.019745
88 106 4.201592
88 107 5.126502
88 110 4.730714
88 111 5.645953
89 90 1.463127
89 91 2.493442
89 92 2.922264
89 93 3.559216
89 94 4.807873
89 95 5.031387
89 98 5.591672
89 99 4.111971
89 100 4.503970
89 101 5.307956
89 102 5.276708
89 104 5.524087
89 106 4.876523
89 107 5.336701
89 110 4.380708
89 111 5.196036
90 91 1.541411
90 92 2.394929
90 93 2.507374
90 94 3.886270
90 95 4.518698
90 96 5.546357
90 97 4.877964
90 98 4.440211
90 99 3.012734
90 100 4.336397
90 101 5.466282
90 102 5.672785
90 106 5.169523
90 110 5.024317
90 119 5.571958
91 92 1.234158
91 93 1.353587
91 94 2.476780
91 95 3.088082
91 96 4.054224
91 97 3.706041
91 98 3.678206
91 99 2.521315
91 100 3.185179
91 101 4.446380
91 102 4.731707
91 104 5.180684
91 105 5.614543
91 106 4.155592
91 107 4.975797
91 108 5.717846
91 110 4.553251
91 118 5.764895
91 119 4.576738
91 121 5.363908
92 93 2.255805
92 94 2.794060
92 95 2.987993
92 96 3.660305
92 97 4.267815
92 98 4.583637
92 99 3.632049
92 100 3.196674
92 101 4.245330
92 102 4.177143
92 103 5.272079
92 104 5.232161
92 106 3.319268
92 107 3.947606
92 108 4.554397
92 109 5.286658
92 110 3.557298
92 111 4.883597
92 112 4.746153
92 116 4.859965
92 117 5.304039
92 118 4.928534
92 119 3.830117
92 120 5.413356
92 121 4.277721
92 122 5.104102
92 123 5.669639
93 94 1.466803
93 95 2.518073
93 96 3.596247
93 97 2.401683
93 98 2.375873
93 99 1.458195
93 100 2.840892
93 101 4.287023
93 102 4.973438
93 104 4.990055
93 105 5.096525
93 106 4.623059
93 107 5.703306
93 110 5.574970
93 119 4.975039
94 95 1.538480
94 96 2.402603
94 97 1.535153
94 98 2.420011
94 99 2.392672
94 100 2.473644
94 101 3.875613
94 102 4.680025
94 104 4.851126
94 105 4.863866
94 106 4.366217
94 107 5.566390
94 112 5.599574
94 119 4.725402
95 96 1.230669
95 97 2.524101
95 98 3.697975
95 99 3.534040
95 100 1.340009
95 101 2.493011
95 102 3.303925
95 103 4.496909
95 104 3.703838
95 105 3.927146
95 106 3.173692
95 107 4.520548
95 108 5.041051
95 110 5.081273
95 112 4.578154
95 113 5.608337
95 116 5.537712
95 119 5.197099
96 97 3.241837
96 98 4.608051
96 99 4.659508
96 100 2.245547
96 101 2.836794
96 102 3.380365
96 103 4.503297
96 104 4.253573
96 105 4.544907
96 106 3.152440
96 107 4.383031
96 108 4.575333
96 109 5.720560
96 110 5.233960
96 112 3.830062
96 113 4.680823
96 114 5.316529
96 116 4.892853
96 118 5.784984
96 119 5.047742
97 98 1.526070
97 99 2.391867
97 100 3.292411
97 101 4.594058
97 102 5.713301
97 104 5.308957
97 105 4.895886
97 106 5.649075
98 99 1.526140
98 100 4.196196
98 101 5.583058
98 105 5.586405
99 100 3.686573
99 101 5.094507
99 104 5.464622
99 105 5.241574
100 101 1.468638
100 102 2.518403
100 103 3.626898
100 104 2.456558
100 105 2.871977
100 106 2.799828
100 107 4.238263
100 108 5.129378
100 110 4.731215
100 112 4.926019
101 102 1.538364
101 103 2.396269
101 104 1.536219
101 105 2.421639
101 106 2.472441
101 107 3.874669
101 108 4.870410
101 110 4.660234
101 111 5.715581
101 112 4.715593
102 103 1.227473
102 104 2.535171
102 105 3.775077
102 106 1.340090
102 107 2.491782
102 108 3.618644
102 109 4.747044
102 110 3.439210
102 111 4.361867
102 112 3.743241
102 113 5.141785
103 104 2.834749
103 105 4.167281
103 106 2.247425
103 107 2.838551
103 108 3.993687
103 109 4.994254
103 110 3.811927
103 111 4.371142
103 112 4.275519
103 113 5.620440
104 105 1.415400
104 106 3.686739
104 107 4.936098
104 110 5.520687
105 106 4.838761
106 107 1.470282
106 108 2.521963
106 109 3.647498
106 110 2.437937
106 111 3.587047
106 112 2.780094
106 113 4.237132
106 114 5.077414
106 116 4.811286
106 119 5.682493
106 121 5.234958
106 123 5.691713
107 108 1.539550
107 109 2.411140
107 110 1.530297
107 111 2.412591
107 112 2.470201
107 113 3.865549
107 114 4.616787
107 115 5.667190
107 116 4.483561
107 117 5.571241
107 119 5.787221
107 120 5.451556
107 121 4.564445
107 122 5.033708
107 123 4.512016
107 124 5.122966
107 126 5.128757
108 109 1.229196
108 110 2.550261
108 111 3.239177
108 112 1.342548
108 113 2.480704
108 114 3.186621
108 115 4.168449
108 116 3.304546
108 117 4.495145
108 118 5.434023
108 119 5.253641
108 120 4.492969
108 121 3.999072
108 122 4.672202
108 123 4.149473
108 124 4.499801
108 125 5.249336
108 126 4.610912
109 110 2.905703
109 111 3.171029
109 112 2.244206
109 113 2.808441
109 114 3.134699
109 115 3.845886
109 116 3.361019
109 117 4.315486
109 118 5.488711
109 119 5.505405
109 120 3.999898
109 121 3.638382
109 122 4.062544
109 123 3.310794
109 124 3.406812
109 125 4.121294
109 126 3.481501
110 111 1.410829
110 112 3.666105
110 113 4.947072
110 114 5.324408
110 116 4.906224
110 117 5.660307
110 119 5.676973
110 120 5.194454
110 121 3.982948
110 122 4.104414
110 123 3.638395
110 124 4.516342
110 125 5.635499
110 126 4.633463
111 112 4.534734
111 113 5.686798
111 120 5.785632
111 121 4.613221
111 122 4.295261
111 123 3.415200
111 124 4.085276
111 125 5.347153
111 126 3.871708
112 113 1.468899
112 114 2.525519
112 115 3.611464
112 116 2.831902
112 117 4.246742
112 118 5.096285
112 119 4.982960
112 120 4.697135
112 121 4.507450
112 122 5.495097
112 123 5.196201
112 124 5.501529
112 126 5.718962
113 114 1.533586
113 115 2.391459
113 116 2.467677
113 117 3.866277
113 118 4.907130
113 119 5.132025
113 120 4.547503
113 121 4.842015
113 123 5.666209
113 124 5.719658
114 115 1.229931
114 116 1.342327
114 117 2.492820
114 118 3.703875
114 119 4.209821
114 120 3.303919
114 121 3.977261
114 122 5.164871
114 123 5.173330
114 124 5.213359
114 125 5.175325
114 126 5.780359
114 127 4.619838
114 133 4.901543
115 116 2.255772
115 117 2.850261
115 118 4.186687
115 119 4.955702
115 120 3.564397
115 121 4.580110
115 122 5.631760
115 123 5.597034
115 124 5.380299
115 125 5.065903
115 127 4.844740
115 133 4.753034
116 117 1.468887
116 118 2.495829
116 119 2.891600
116 120 2.456728
116 121 2.997278
116 122 4.389072
116 123 4.732149
116 124 5.070987
116 125 5.088774
116 127 3.596336
116 128 4.845390
116 129 5.629483
116 130 5.583049
116 132 5.650838
116 133 4.179128
117 118 1.543115
117 119 2.398940
117 120 1.542910
117 121 2.590569
117 122 3.973360
117 123 4.668681
117 124 5.026062
117 125 4.782509
117 127 2.499216
117 128 3.877662
117 129 4.544601
117 130 4.340930
117 131 4.834072
117 132 4.455228
117 133 2.983300
117 134 5.747621
118 119 1.233780
118 120 2.566229
118 121 3.166615
118 122 4.602366
118 123 5.600963
118 127 1.348925
118 128 2.470059
118 129 3.141852
118 130 3.201310
118 131 3.672028
118 132 3.696246
118 133 2.508033
118 134 4.272448
118 135 5.362749
118 140 4.967256
119 120 3.131825
119 121 3.125294
119 122 4.557912
119 123 5.605100
119 127 2.253794
119 128 2.791997
119 129 3.133131
119 130 3.316760
119 131 4.242742
119 132 4.601545
119 133 3.622707
119 134 3.981296
119 135 4.963723
119 140 4.590331
120 121 1.540369
120 122 2.592510
120 123 3.357639
120 124 3.727954
120 125 3.458747
120 126 4.890578
120 127 3.480178
120 128 4.764039
120 129 4.997959
120 130 4.421984
120 131 5.768680
120 132 5.219504
120 133 3.859248
121 122 1.536219
121 123 2.507371
121 124 3.385238
121 125 3.633976
121 126 4.507955
121 127 4.309583
121 128 5.344858
121 129 5.291858
121 130 4.699895
121 133 5.048929
122 123 1.474513
122 124 2.524258
122 125 2.948685
122 126 3.688820
122 127 5.621685
122 130 5.516739
123 124 1.326103
123 125 2.312752
123 126 2.276838
124 125 1.314142
124 126 1.308420
125 126 2.249058
127 128 1.463443
127 129 2.486735
127 130 2.739245
127 131 2.376868
127 132 2.385921
127 133 1.456912
127 134 3.703002
127 135 4.928886
127 136 5.516058
127 137 5.566800
127 140 4.364028
128 129 1.541100
128 130 2.401522
128 131 1.533850
128 132 2.402194
128 133 2.398635
128 134 2.486179
128 135 3.860383
128 136 4.505538
128 137 4.462119
128 138 4.830256
128 139 4.433120
128 140 2.968354
128 141 5.577715
129 130 1.233508
129 131 2.542439
129 132 3.220112
129 133 3.397064
129 134 1.347466
129 135 2.460357
129 136 3.120032
129 137 3.356952
129 138 3.672631
129 139 3.692683
129 140 2.508891
129 141 4.109337
129 142 5.243112
129 147 4.643629
130 131 3.297198
130 132 3.445503
130 133 3.450166
130 134 2.256744
130 135 2.788092
130 136 3.127490
130 137 3.550058
130 138 4.240277
130 139 4.605335
130 140 3.625978
130 141 3.760057
130 142 4.801159
130 145 5.392242
130 146 5.380701
130 147 4.124538
131 132 1.527065
131 133 2.393833
131 134 3.252608
131 135 4.560104
131 136 4.807366
131 137 4.359983
131 138 5.465858
131 139 4.810695
131 140 3.489923
132 133 1.528388
132 134 4.252205
132 135 5.384971
132 136 5.371716
132 137 4.927632
132 140 4.830575
133 134 4.644048
133 140 5.319057
134 135 1.458545
134 136 2.477297
134 137 2.802824
134 138 2.381691
134 139 2.381377
134 140 1.455477
134 141 3.639517
134 142 4.891677
134 143 5.633067
134 146 5.696516
134 147 4.229116
135 136 1.539351
135 137 2.402594
135 138 1.530290
135 139 2.401839
135 140 2.394729
135 141 2.479020
135 142 3.858247
135 143 4.523928
135 144 4.744333
135 145 4.787550
135 146 4.422814
135 147 2.944312
135 148 5.320781
136 137 1.232580
136 138 2.536189
136 139 3.248786
136 140 3.420073
136 141 1.344367
136 142 2.465777
136 143 3.185022
136 144 3.686053
136 145 3.637369
136 146 3.695570
136 147 2.499201
136 148 3.893416
136 149 5.160821
136 153 5.334760
137 138 3.170712
137 139 3.350040
137 140 3.471777
137 141 2.252345
137 142 2.797418
137 143 3.269070
137 144 4.006701
137 145 4.205836
137 146 4.613298
137 147 3.618313
137 148 3.537034
137 149 4.734138
137 152 5.126962
137 153 4.445326
138 139 1.527249
138 140 2.398070
138 141 3.363259
138 142 4.635807
138 143 4.844514
138 144 4.754315
138 145 5.634732
138 146 5.101173
138 147 3.725884
138 148 5.614816
139 140 1.528181
139 141 4.391274
139 142 5.519716
139 143 5.624294
139 144 5.689051
139 147 5.055374
140 141 4.680076
140 147 5.337434
141 142 1.458499
141 143 2.469311
141 144 2.919926
141 145 2.359352
141 146 2.385040
141 147 1.458117
141 148 3.493523
141 149 4.835327
141 150 5.706440
141 152 5.796109
141 153 5.601251
142 143 1.539175
142 144 2.409439
142 145 1.529701
142 146 2.401370
142 147 2.398835
142 148 2.452517
142 149 3.864219
142 150 4.530957
142 151 4.650729
142 152 4.878721
142 153 4.985371
142 154 5.359529
143 144 1.232953
143 145 2.555777
143 146 3.201760
143 147 3.353940
143 148 1.340372
143 149 2.504410
143 150 3.249604
143 151 3.686721
143 152 3.738313
143 153 3.996238
143 154 3.969871
144 145 3.043723
144 146 3.157916
144 147 3.397364
144 148 2.262593
144 149 2.882840
144 150 3.446348
144 151 4.145653
144 152 4.299496
144 153 4.585960
144 154 3.780467
145 146 1.529452
145 147 2.392352
145 148 3.541451
145 149 4.803205
145 150 5.041757
145 151 4.969261
145 154 5.756079
146 147 1.525126
146 148 4.459655
146 149 5.616055
147 148 4.589114
148 149 1.472848
148 150 2.489480
148 151 2.884393
148 152 2.467717
148 153 2.868590
148 154 3.465095
149 150 1.530316
149 151 2.378249
149 152 1.531123
149 153 2.408297
149 154 2.368959
150 151 1.250268
150 152 2.487465
150 153 3.735521
150 154 1.248536
151 152 2.985947
151 153 4.295006
151 154 2.227657
152 153 1.411359
152 154 3.322637
153 154 4.497044

RESIDUES
ASN 1
 1.0 6.083333
 1.1 5.435484
 1.2 5.144444
 1.3 4.121951
 1.4 3.739437
 1.5 3.269231
 1.6 2.815789
 1.7 0.000000
 2.0 0.537385
 2.1 0.598640
 2.2 0.641313
 2.3 0.634784
 2.4 0.628837
 2.5 0.636396
 2.6 0.624111
 2.7 0.565949
 2.8 0.380435
 2.9 0.228737
 3.0 0.151762
 3.1 0.117379
 3.2 0.144763
 3.3 0.183223
 3.4 0.218182
 3.5 0.233000
 3.6 0.169477
 3.7 0.168571
 3.8 0.193137
 3.9 0.218256
 4.0 0.253963
 4.1 0.296560
 4.2 0.291951
 4.3 0.292976
 4.4 0.283603
 4.5 0.297897
 4.6 0.306667
 4.7 0.309816
 4.8 0.296566
 4.9 0.291146
 5.0 0.270634
 5.1 0.250396
 5.2 0.222397
 5.3 0.207220
 5.4 0.197265
 5.5 0.186669
 5.6 0.185111
 5.7 0.185682
 5.8 0.185347
 5.9 0.185839
 6.0 0.182310

LEU 2
 1.0 7.583333
 1.1 6.919355
 1.2 6.633333
 1.3 5.603659
 1.4 5.190141
 1.5 4.711538
 1.6 4.236842
 1.7 0.000000
 2.0 0.025308
 2.1 0.012680
 2.2 0.004328
 2.3 -0.015597
 2.4 -0.013693
 2.5 -0.016861
 2.6 -0.014957
 2.7 -0.006591
 2.8 0.026533
 2.9 -0.081158
 3.0 -0.183869
 3.1 -0.241516
 3.2 -0.217022
 3.3 -0.174142
 3.4 -0.094703
 3.5 -0.133711
 3.6 -0.202733
 3.7 -0.329187
 3.8 -0.449420
 3.9 -0.519950
 4.0 -0.405354
 4.1 -0.301995
 4.2 -0.190314
 4.3 -0.121797
 4.4 -0.099699
 4.5 -0.142913
 4.6 -0.154958
 4.7 -0.153855
 4.8 -0.145927
 4.9 -0.135157
 5.0 -0.116961
 5.1 -0.093821
 5.2 -0.066537
 5.3 -0.041511
 5.4 -0.028963
 5.5 -0.026915
 5.6 -0.027040
 5.7 -0.028374
 5.8 -0.033694
 5.9 -0.037046
 6.0 -0.017034

TYR 3
 1.0 11.416667
 1.1 10.870968
 1.2 9.711111
 1.3 5.914634
 1.4 4.887324
 1.5 2.826923
 1.6 1.236842
 1.7 0.000000
 2.0 -1.000385
 2.1 -1.000680
 2.2 -0.911149
 2.3 0.080216
 2.4 0.181242
 2.5 0.296743
 2.6 0.453469
 2.7 0.744299
 2.8 0.255250
 2.9 -0.074811
 3.0 -0.257533
 3.1 -0.594952
 3.2 -0.658067
 3.3 -0.709878
 3.4 -0.760358
 3.5 -0.845059
 3.6 -0.867518
 3.7 -0.856941
 3.8 -0.824898
 3.9 -0.724608
 4.0 -0.422847
 4.1 -0.098864
 4.2 0.188265
 4.3 0.415609
 4.4 0.519180
 4.5 0.484771
 4.6 0.416238
 4.7 0.343502
 4.8 0.300778
 4.9 0.260416
 5.0 0.281130
 5.1 0.272547
 5.2 0.266636
 5.3 0.201288
 5.4 0.128978
 5.5 0.062471
 5.6 0.042865
 5.7 0.018207
 5.8 0.021048
 5.9 0.037782
 6.0 0.044276

ILE 4
 1.0 7.666667
 1.1 7.016129
 1.2 6.700000
 1.3 5.701220
 1.4 5.288732
 1.5 4.807692
 1.6 4.368421
 1.7 0.000000
 2.0 -0.064231
 2.1 -0.073720
 2.2 -0.027851
 2.3 -0.023881
 2.4 -0.022046
 2.5 -0.018826
 2.6 -0.008235
 2.7 -0.071672
 2.8 -0.260543
 2.9 -0.399358
 3.0 -0.451139
 3.1 -0.535242
 3.2 -0.446696
 3.3 -0.300378
 3.4 -0.198733
 3.5 -0.118481
 3.6 -0.031410
 3.7 -0.008414
 3.8 0.014302
 3.9 0.034191
 4.0 0.084323
 4.1 0.062690
 4.2 0.062611
 4.3 0.034739
 4.4 0.033921
 4.5 0.020530
 4.6 0.017648
 4.7 0.012173
 4.8 0.023309
 4.9 0.025536
 5.0 0.038363
 5.1 0.049112
 5.2 0.052574
 5.3 0.043591
 5.4 0.034261
 5.5 0.027051
 5.6 0.019964
 5.7 0.019535
 5.8 0.022857
 5.9 0.028425
 6.0 0.031931

GLN 5
 1.0 7.416667
 1.1 6.483871
 1.2 6.022222
 1.3 4.792683
 1.4 4.281690
 1.5 3.692308
 1.6 3.210526
 1.7 0.000000
 2.0 0.101154
 2.1 0.091720
 2.2 0.033522
 2.3 -0.001933
 2.4 -0.000621
 2.5 -0.008646
 2.6 -0.074278
 2.7 -0.153044
 2.8 -0.339989
 2.9 -0.471874
 3.0 -0.567844
 3.1 -0.641782
 3.2 -0.654385
 3.3 -0.687811
 3.4 -0.806485
 3.5 -0.943984
 3.6 -0.996159
 3.7 -0.870818
 3.8 -0.760927
 3.9 -0.526809
 4.0 -0.068963
 4.1 0.295163
 4.2 0.492849
 4.3 0.682638
 4.4 0.653134
 4.5 0.526862
 4.6 0.408824
 4.7 0.267046
 4.8 0.106167
 4.9 0.036431
 5.0 0.033415
 5.1 0.038709
 5.2 0.048085
 5.3 0.060284
 5.4 0.076522
 5.5 0.087625
 5.6 0.091766
 5.7 0.096545
 5.8 0.104109
 5.9 0.096011
 6.0 0.079793

TRP 6
 1.0 13.750000
 1.1 13.048387
 1.2 11.188889
 1.3 6.335366
 1.4 4.964789
 1.5 2.173077
 1.6 0.368421
 1.7 0.000000
 2.0 -1.372846
 2.1 -1.194640
 2.2 -1.058134
 2.3 -0.179530
 2.4 -0.046170
 2.5 0.088757
 2.6 0.157438
 2.7 0.422496
 2.8 0.026946
 2.9 -0.541726
 3.0 -0.914098
 3.1 -1.475048
 3.2 -1.776607
 3.3 -2.081338
 3.4 -2.506600
 3.5 -2.856102
 3.6 -2.898800
 3.7 -2.712621
 3.8 -2.423927
 3.9 -1.890578
 4.0 -1.238810
 4.1 -0.743609
 4.2 -0.467130
 4.3 -0.383396
 4.4 -0.315552
 4.5 -0.180763
 4.6 -0.093609
 4.7 -0.037226
 4.8 0.064604
 4.9 0.226960
 5.0 0.308437
 5.1 0.241211
 5.2 0.185158
 5.3 0.092583
 5.4 -0.079140
 5.5 -0.225199
 5.6 -0.236127
 5.7 -0.232495
 5.8 -0.230803
 5.9 -0.224598
 6.0 -0.239310

LEU 7
 1.0 7.666667
 1.1 7.112903
 1.2 6.766667
 1.3 5.506098
 1.4 5.063380
 1.5 4.442308
 1.6 3.868421
 1.7 0.000000
 2.0 -0.038538
 2.1 -0.040440
 2.2 -0.015179
 2.3 0.001716
 2.4 0.000294
 2.5 0.002611
 2.6 0.000253
 2.7 -0.127416
 2.8 -0.437109
 2.9 -0.637884
 3.0 -0.678434
 3.1 -0.851702
 3.2 -0.731467
 3.3 -0.438818
 3.4 -0.189133
 3.5 -0.063310
 3.6 -0.077067
 3.7 -0.127453
 3.8 -0.136463
 3.9 -0.183905
 4.0 -0.125751
 4.1 0.041114
 4.2 0.135773
 4.3 0.055135
 4.4 -0.007494
 4.5 -0.078830
 4.6 -0.094180
 4.7 -0.053102
 4.8 -0.020312
 4.9 0.020869
 5.0 0.065884
 5.1 0.076456
 5.2 0.070621
 5.3 0.056780
 5.4 0.037011
 5.5 0.020320
 5.6 0.016766
 5.7 0.014359
 5.8 0.018660
 5.9 0.030230
 6.0 0.033621

LYS 8
 1.0 8.333333
 1.1 7.903226
 1.2 7.622222
 1.3 6.292683
 1.4 5.859155
 1.5 5.211538
 1.6 4.552632
 1.7 0.000000
 2.0 0.000000
 2.1 0.019560
 2.2 0.007075
 2.3 0.035187
 2.4 0.030732
 2.5 0.032653
 2.6 -0.021772
 2.7 -0.115562
 2.8 -0.487076
 2.9 -0.788979
 3.0 -0.882172
 3.1 -1.040621
 3.2 -1.071067
 3.3 -1.062743
 3.4 -1.001364
 3.5 -0.936791
 3.6 -0.820815
 3.7 -0.617695
 3.8 -0.387293
 3.9 -0.183628
 4.0 0.098937
 4.1 0.250043
 4.2 0.297032
 4.3 0.327986
 4.4 0.302314
 4.5 0.252403
 4.6 0.211900
 4.7 0.179410
 4.8 0.134566
 4.9 0.118018
 5.0 0.109493
 5.1 0.109319
 5.2 0.101096
 5.3 0.097383
 5.4 0.098853
 5.5 0.101761
 5.6 0.101389
 5.7 0.099793
 5.8 0.093578
 5.9 0.086287
 6.0 0.087586

ASP 9
 1.0 7.750000
 1.1 5.887097
 1.2 5.300000
 1.3 4.103659
 1.4 3.429577
 1.5 2.961538
 1.6 2.578947
 1.7 0.000000
 2.0 -0.000769
 2.1 -0.014640
 2.2 -0.005642
 2.3 -0.055067
 2.4 -0.107176
 2.5 -0.124250
 2.6 -0.199352
 2.7 -0.297679
 2.8 -0.551848
 2.9 -0.681126
 3.0 -0.743041
 3.1 -0.861653
 3.2 -0.988407
 3.3 -1.145284
 3.4 -1.342685
 3.5 -1.554021
 3.6 -1.636272
 3.7 -1.582788
 3.8 -1.366673
 3.9 -1.104497
 4.0 -0.732450
 4.1 -0.475696
 4.2 -0.283514
 4.3 -0.283029
 4.4 -0.267749
 4.5 -0.255253
 4.6 -0.235165
 4.7 -0.248375
 4.8 -0.240868
 4.9 -0.199058
 5.0 -0.170018
 5.1 -0.138302
 5.2 -0.079919
 5.3 -0.037447
 5.4 -0.027180
 5.5 -0.010908
 5.6 -0.018234
 5.7 -0.023505
 5.8 -0.022129
 5.9 -0.017931
 6.0 -0.043862

GLY 10
 1.0 3.666667
 1.1 3.048387
 1.2 2.722222
 1.3 1.920732
 1.4 1.598592
 1.5 1.211538
 1.6 0.921053
 1.7 0.000000
 2.0 0.012769
 2.1 0.019520
 2.2 0.007104
 2.3 -0.015209
 2.4 -0.012118
 2.5 -0.012854
 2.6 -0.023642
 2.7 -0.097248
 2.8 -0.279880
 2.9 -0.504884
 3.0 -0.521484
 3.1 -0.610968
 3.2 -0.578193
 3.3 -0.510608
 3.4 -0.374885
 3.5 -0.326572
 3.6 -0.281523
 3.7 -0.253892
 3.8 -0.241195
 3.9 -0.257136
 4.0 -0.254794
 4.1 -0.226859
 4.2 -0.184027
 4.3 -0.136208
 4.4 -0.104536
 4.5 -0.071126
 4.6 -0.070969
 4.7 -0.042216
 4.8 -0.022684
 4.9 -0.001150
 5.0 0.008782
 5.1 0.009463
 5.2 -0.018279
 5.3 -0.037492
 5.4 -0.050004
 5.5 -0.052945
 5.6 -0.056040
 5.7 -0.053288
 5.8 -0.043857
 5.9 -0.034356
 6.0 -0.043345

GLY 11
 1.0 3.833333
 1.1 3.209677
 1.2 2.844444
 1.3 2.012195
 1.4 1.676056
 1.5 1.259615
 1.6 0.973684
 1.7 0.000000
 2.0 -0.012846
 2.1 -0.033720
 2.2 -0.012821
 2.3 -0.029239
 2.4 -0.036464
 2.5 -0.040472
 2.6 -0.055833
 2.7 -0.083474
 2.8 -0.124283
 2.9 -0.141716
 3.0 -0.137459
 3.1 -0.291815
 3.2 -0.489504
 3.3 -0.564250
 3.4 -0.615321
 3.5 -0.652626
 3.6 -0.633810
 3.7 -0.521828
 3.8 -0.473307
 3.9 -0.451809
 4.0 -0.402143
 4.1 -0.255658
 4.2 -0.030735
 4.3 0.144411
 4.4 0.314908
 4.5 0.424945
 4.6 0.474862
 4.7 0.476929
 4.8 0.507663
 4.9 0.481117
 5.0 0.470863
 5.1 0.464326
 5.2 0.362044
 5.3 0.260129
 5.4 0.205934
 5.5 0.131596
 5.6 0.078683
 5.7 0.090187
 5.8 0.098231
 5.9 0.085874
 6.0 0.096207

PRO 12
 1.0 6.583333
 1.1 6.096774
 1.2 5.766667
 1.3 4.006098
 1.4 3.500000
 1.5 2.663462
 1.6 1.789474
 1.7 0.000000
 2.0 -0.948923
 2.1 -0.947200
 2.2 -0.562433
 2.3 -0.231560
 2.4 -0.198490
 2.5 -0.129292
 2.6 -0.022167
 2.7 0.097336
 2.8 0.136283
 2.9 0.176537
 3.0 0.201951
 3.1 0.262073
 3.2 0.296904
 3.3 0.253811
 3.4 0.127079
 3.5 0.083658
 3.6 0.043656
 3.7 -0.012419
 3.8 -0.028254
 3.9 0.053467
 4.0 0.069984
 4.1 0.072935
 4.2 0.087741
 4.3 0.093633
 4.4 0.076180
 4.5 0.050415
 4.6 0.031774
 4.7 0.017159
 4.8 0.004271
 4.9 0.016128
 5.0 0.055415
 5.1 0.088196
 5.2 0.130507
 5.3 0.162386
 5.4 0.160099
 5.5 0.143537
 5.6 0.128607
 5.7 0.116409
 5.8 0.103599
 5.9 0.092000
 6.0 0.075724

SER 13
 1.0 5.333333
 1.1 4.870968
 1.2 4.555556
 1.3 3.317073
 1.4 2.929577
 1.5 2.326923
 1.6 1.763158
 1.7 0.000000
 2.0 -0.013077
 2.1 -0.007280
 2.2 -0.002970
 2.3 -0.001463
 2.4 -0.001405
 2.5 -0.000340
 2.6 0.008914
 2.7 0.010540
 2.8 -0.011750
 2.9 -0.127200
 3.0 -0.120615
 3.1 -0.115734
 3.2 -0.074259
 3.3 0.008162
 3.4 0.132648
 3.5 0.209701
 3.6 0.254036
 3.7 0.292571
 3.8 0.302961
 3.9 0.285975
 4.0 0.270481
 4.1 0.245522
 4.2 0.190768
 4.3 0.155304
 4.4 0.169017
 4.5 0.172360
 4.6 0.172605
 4.7 0.180279
 4.8 0.187406
 4.9 0.177993
 5.0 0.163218
 5.1 0.155053
 5.2 0.147357
 5.3 0.143167
 5.4 0.141239
 5.5 0.145860
 5.6 0.149806
 5.7 0.152056
 5.8 0.154517
 5.9 0.161977
 6.0 0.163207

SER 14
 1.0 5.416667
 1.1 4.951613
 1.2 4.588889
 1.3 3.323171
 1.4 2.922535
 1.5 2.288462
 1.6 1.736842
 1.7 0.000000
 2.0 0.038077
 2.1 0.019320
 2.2 0.006896
 2.3 -0.047463
 2.4 -0.100516
 2.5 -0.120681
 2.6 -0.198265
 2.7 -0.296394
 2.8 -0.492446
 2.9 -0.463684
 3.0 -0.485279
 3.1 -0.574702
 3.2 -0.741230
 3.3 -0.911318
 3.4 -1.040685
 3.5 -1.053439
 3.6 -1.026974
 3.7 -0.921931
 3.8 -0.748210
 3.9 -0.573457
 4.0 -0.496667
 4.1 -0.358886
 4.2 -0.146924
 4.3 0.022140
 4.4 0.080770
 4.5 0.187462
 4.6 0.221785
 4.7 0.185152
 4.8 0.130295
 4.9 0.122682
 5.0 0.121004
 5.1 0.121635
 5.2 0.111908
 5.3 0.078939
 5.4 0.030184
 5.5 -0.026081
 5.6 -0.054595
 5.7 -0.070348
 5.8 -0.072027
 5.9 -0.053080
 6.0 0.032172

GLY 15
 1.0 3.500000
 1.1 3.016129
 1.2 2.700000
 1.3 1.920732
 1.4 1.626761
 1.5 1.230769
 1.6 0.947368
 1.7 0.000000
 2.0 -0.077077
 2.1 -0.067120
 2.2 -0.025224
 2.3 0.002224
 2.4 0.000974
 2.5 0.006854
 2.6 0.000031
 2.7 0.000117
 2.8 -0.019598
 2.9 -0.014758
 3.0 0.011893
 3.1 0.053887
 3.2 0.086733
 3.3 0.117142
 3.4 0.134394
 3.5 0.128979
 3.6 0.109138
 3.7 0.072463
 3.8 0.047117
 3.9 0.033487
 4.0 0.019291
 4.1 0.018902
 4.2 0.030508
 4.3 0.045319
 4.4 0.054067
 4.5 0.056451
 4.6 0.060571
 4.7 0.064749
 4.8 0.058288
 4.9 0.054613
 5.0 0.060144
 5.1 0.065291
 5.2 0.067485
 5.3 0.069420
 5.4 0.066783
 5.5 0.059897
 5.6 0.056012
 5.7 0.056131
 5.8 0.055667
 5.9 0.050874
 6.0 0.046483

ARG 16
 1.0 10.833333
 1.1 8.822581
 1.2 7.944444
 1.3 6.189024
 1.4 5.316901
 1.5 4.500000
 1.6 3.947368
 1.7 0.000000
 2.0 -0.000154
 2.1 0.012560
 2.2 0.004403
 2.3 -0.051418
 2.4 -0.054882
 2.5 -0.060035
 2.6 -0.075296
 2.7 -0.161234
 2.8 -0.310228
 2.9 -0.444358
 3.0 -0.538910
 3.1 -0.736613
 3.2 -0.827896
 3.3 -0.952642
 3.4 -0.982794
 3.5 -0.844529
 3.6 -0.754533
 3.7 -0.673517
 3.8 -0.483541
 3.9 -0.360965
 4.0 -0.322841
 4.1 -0.207755
 4.2 -0.053989
 4.3 -0.020188
 4.4 0.039121
 4.5 0.078490
 4.6 0.082264
 4.7 0.066057
 4.8 0.073118
 4.9 0.118270
 5.0 0.167180
 5.1 0.208954
 5.2 0.267504
 5.3 0.320485
 5.4 0.306088
 5.5 0.294518
 5.6 0.271524
 5.7 0.264429
 5.8 0.257891
 5.9 0.241322
 6.0 0.214241

PRO 17
 1.0 6.833333
 1.1 6.274194
 1.2 5.877778
 1.3 4.079268
 1.4 3.542254
 1.5 2.673077
 1.6 1.815789
 1.7 0.000000
 2.0 -1.000000
 2.1 -1.020320
 2.2 -0.530254
 2.3 -0.258731
 2.4 -0.233137
 2.5 -0.164368
 2.6 -0.062691
 2.7 -0.001000
 2.8 0.000065
 2.9 -0.121347
 3.0 -0.210959
 3.1 -0.274968
 3.2 -0.308407
 3.3 -0.348378
 3.4 -0.311461
 3.5 -0.229278
 3.6 -0.184723
 3.7 -0.146030
 3.8 -0.088756
 3.9 -0.033754
 4.0 0.007259
 4.1 0.032761
 4.2 0.061108
 4.3 0.073309
 4.4 0.084967
 4.5 0.089502
 4.6 0.091992
 4.7 0.088371
 4.8 0.090625
 4.9 0.094409
 5.0 0.095373
 5.1 0.098533
 5.2 0.106441
 5.3 0.106000
 5.4 0.104158
 5.5 0.105162
 5.6 0.106159
 5.7 0.105182
 5.8 0.107782
 5.9 0.111793
 6.0 0.118276

PRO 18
 1.0 6.750000
 1.1 6.193548
 1.2 5.822222
 1.3 3.963415
 1.4 3.422535
 1.5 2.538462
 1.6 1.631579
 1.7 0.000000
 2.0 -1.000000
 2.1 -0.973720
 2.2 -0.482955
 2.3 -0.231299
 2.4 -0.209111
 2.5 -0.138847
 2.6 -0.047179
 2.7 0.002715
 2.8 0.000087
 2.9 0.012179
 3.0 0.019090
 3.1 0.004129
 3.2 0.019133
 3.3 -0.008520
 3.4 -0.133036
 3.5 -0.232952
 3.6 -0.269908
 3.7 -0.358626
 3.8 -0.433824
 3.9 -0.382693
 4.0 -0.328386
 4.1 -0.298212
 4.2 -0.211162
 4.3 -0.152372
 4.4 -0.143234
 4.5 -0.137431
 4.6 -0.124050
 4.7 -0.100481
 4.8 -0.070625
 4.9 -0.043916
 5.0 -0.046739
 5.1 -0.055846
 5.2 -0.081757
 5.3 -0.098167
 5.4 -0.108581
 5.5 -0.102706
 5.6 -0.099631
 5.7 -0.092778
 5.8 -0.087653
 5.9 -0.085931
 6.0 -0.089483

PRO 19
 1.0 6.750000
 1.1 6.096774
 1.2 5.755556
 1.3 3.926829
 1.4 3.380282
 1.5 2.538462
 1.6 1.631579
 1.7 0.000000
 2.0 -1.000000
 2.1 -1.040280
 2.2 -0.522866
 2.3 -0.184776
 2.4 -0.158582
 2.5 -0.083431
 2.6 0.028321
 2.7 0.109781
 2.8 0.083478
 2.9 0.083421
 3.0 0.097672
 3.1 0.101105
 3.2 0.085481
 3.3 0.077581
 3.4 0.097485
 3.5 -0.150187
 3.6 -0.368169
 3.7 -0.584700
 3.8 -0.807522
 3.9 -1.029407
 4.0 -0.944328
 4.1 -0.732255
 4.2 -0.426016
 4.3 -0.097256
 4.4 0.111682
 4.5 0.201589
 4.6 0.213203
 4.7 0.201438
 4.8 0.136347
 4.9 0.073347
 5.0 0.023493
 5.1 -0.014347
 5.2 -0.080283
 5.3 -0.097652
 5.4 -0.104636
 5.5 -0.142250
 5.6 -0.150548
 5.7 -0.143354
 5.8 -0.156340
 5.9 -0.173230
 6.0 -0.193724

SER 20
 1.0 6.916667
 1.1 5.612903
 1.2 5.200000
 1.3 3.823171
 1.4 3.253521
 1.5 2.692308
 1.6 2.105263
 1.7 0.000000
 2.0 0.499231
 2.1 0.465720
 2.2 0.382239
 2.3 0.350000
 2.4 0.358739
 2.5 0.348222
 2.6 0.354247
 2.7 0.368679
 2.8 0.416391
 2.9 0.416611
 3.0 0.417410
 3.1 0.439323
 3.2 0.457059
 3.3 0.466351
 3.4 0.455473
 3.5 0.452219
 3.6 0.455149
 3.7 0.457429
 3.8 0.461293
 3.9 0.486236
 4.0 0.515566
 4.1 0.524701
 4.2 0.535941
 4.3 0.539106
 4.4 0.534377
 4.5 0.528838
 4.6 0.521958
 4.7 0.511254
 4.8 0.503580
 4.9 0.493504
 5.0 0.474444
 5.1 0.462200
 5.2 0.447143
 5.3 0.434644
 5.4 0.427971
 5.5 0.425993
 5.6 0.424171
 5.7 0.423899
 5.8 0.420741
 5.9 0.416000
 6.0 0.416000

