ATOMS
CA -8.608 3.135 -1.618
HA -8.930 2.162 -1.239

CA -4.923 4.002 -2.452
HA -4.750 3.494 -3.403

CA -3.690 2.738 0.981
HA -2.615 2.768 0.796

CA -5.857 -0.449 0.613
HA -5.670 -0.941 1.568

CA -4.122 -1.167 -2.743
HA -4.517 -2.162 -2.940

CA -0.716 -0.631 -0.993
HA -0.052 -0.908 -1.813

CA -1.641 -2.932 1.963
HA -0.666 -2.978 2.445

CA -3.024 -5.791 -0.269
HA -3.309 -6.478 0.529

CA 0.466 -6.016 -1.905
HA 0.319 -6.867 -2.574

CA 2.060 -6.618 1.593

CA 2.626 -2.967 2.723

CA 6.333 -2.533 3.806
HA 6.611 -1.626 3.267

CA 7.049 -6.179 2.704
HA 8.121 -6.159 2.903

CA 6.389 -5.315 -1.015
HA 6.562 -6.329 -1.378

CA 9.451 -3.116 -1.870

CA 7.289 0.084 -2.054
HA 8.009 0.663 -2.630

CA 6.782 3.088 0.345
HA 7.107 2.628 1.279

CA 3.287 4.031 1.686
HA 2.719 3.181 1.316

CA 1.185 6.543 -0.353
HA 1.961 6.966 -0.991

CA 0.852 10.027 1.285
HA 0.601 9.760 2.310

EDGES
1 3 3.876399
1 4 4.266060
1 5 5.576660
1 6 6.471332
1 7 5.038891
1 8 5.949472
1 9 6.316409
1 10 6.822182
1 11 8.766815
1 12 9.465147
1 13 9.908135
1 14 10.814440
1 15 10.614817
1 16 11.184757
1 33 11.700915
1 34 10.445934
1 35 11.259372
2 3 4.573075
2 4 4.891781
2 5 5.719945
2 6 6.662408
2 7 4.437404
2 8 5.304287
2 9 6.038304
2 10 6.408194
2 11 8.679353
2 12 9.411337
2 13 9.451516
2 14 10.406015
2 15 9.953489
2 16 10.458062
2 33 11.969360
2 34 11.058543
2 35 11.906041
3 5 3.860502
3 6 4.171226
3 7 5.484340
3 8 6.414956
3 9 5.238783
3 10 6.196602
3 11 6.425902
3 12 6.945723
3 13 8.851221
3 14 9.530113
3 15 10.211491
3 16 11.014616
3 17 11.388628
3 20 11.503694
3 32 9.193910
3 33 8.559908
3 34 6.940472
3 35 7.636051
3 36 9.144201
3 37 9.292243
4 5 4.573247
4 6 4.766225
4 7 5.735935
4 8 6.725063
4 9 4.749200
4 10 5.679700
4 11 6.252750
4 12 6.631509
4 13 8.930471
4 14 9.631456
4 15 9.950490
4 16 10.815632
4 17 10.949464
4 18 11.564269
4 20 11.561910
4 32 9.527836
4 33 8.840412
4 34 7.336425
4 35 7.931586
4 36 9.799992
4 37 10.026681
5 7 3.871470
5 8 4.219006
5 9 5.413301
5 10 6.329942
5 11 4.908311
5 12 5.859590
5 13 6.108324
5 14 6.630274
5 15 8.645802
5 16 9.234940
5 17 10.111076
5 18 10.998460
5 19 10.998717
5 20 8.687545
5 21 11.671529
5 22 11.418445
5 28 11.695870
5 30 10.497132
5 31 10.801672
5 32 7.130736
5 33 6.433021
5 34 6.326390
5 35 7.327931
5 36 8.593701
5 37 8.335911
6 7 4.570902
6 8 4.866795
6 9 5.502708
6 10 6.471491
6 11 4.284848
6 12 5.185444
6 13 5.899200
6 14 6.287632
6 15 8.634697
6 16 9.275853
6 17 9.692606
6 18 10.620663
6 19 10.516075
6 20 8.004476
6 21 10.827161
6 22 10.513427
6 28 10.649675
6 29 11.359484
6 30 9.413257
6 31 9.734997
6 32 6.100891
6 33 5.375177
6 34 5.478214
6 35 6.461915
6 36 8.059298
6 37 7.843655
7 9 3.845580
7 10 4.165787
7 11 5.389085
7 12 6.308263
7 13 5.075672
7 14 6.057932
7 15 6.110710
7 16 6.545854
7 17 8.792732
7 18 9.459951
7 19 10.084436
7 20 9.096907
7 32 10.238870
7 33 9.339105
7 34 9.970506
7 35 10.893859
8 9 4.586077
8 10 4.810646
8 11 5.585422
8 12 6.556994
8 13 4.511424
8 14 5.473437
8 15 5.822232
8 16 6.108372
8 17 8.687223
8 18 9.388384
8 19 9.590717
8 20 8.617559
8 32 10.245124
8 33 9.350386
8 34 10.329159
8 35 11.282787
9 11 3.866605
9 12 4.182927
9 13 5.605089
9 14 6.491456
9 15 5.357953
9 16 6.290761
9 17 6.727911
9 18 7.227796
9 19 9.312971
9 20 8.868633
9 25 11.431230
9 26 11.943924
9 28 11.500028
9 32 10.076136
9 33 9.065311
9 34 9.660251
9 35 10.306216
10 11 4.536780
10 12 4.772721
10 13 5.736173
10 14 6.670403
10 15 4.746886
10 16 5.667546
10 17 6.383951
10 18 6.757061
10 19 9.146636
10 20 9.150959
10 25 11.514681
10 26 11.939346
10 32 10.984332
10 33 9.950924
10 34 10.722985
10 35 11.361491
11 13 3.858518
11 14 4.163022
11 15 5.698828
11 16 6.574766
11 17 5.588121
11 18 6.516017
11 19 7.087859
11 20 5.516749
11 21 8.737071
11 22 8.533613
11 23 10.234419
11 24 11.127900
11 25 8.510074
11 26 9.251201
11 27 10.502964
11 28 8.106600
11 29 8.971055
11 30 8.475919
11 31 8.773961
11 32 6.703379
11 33 5.626904
11 34 7.449139
11 35 8.054858
11 36 11.010943
11 37 10.982585
12 13 4.569428
12 14 4.774145
12 15 5.921183
12 16 6.864249
12 17 5.135022
12 18 6.018841
12 19 6.976065
12 20 5.655657
12 21 8.659215
12 22 8.409369
12 23 9.930304
12 24 10.798684
12 25 7.845058
12 26 8.562795
12 27 9.756307
12 28 7.411641
12 29 8.253196
12 30 8.205397
12 31 8.562420
12 32 6.912716
12 33 5.847136
12 34 7.692800
12 35 8.168704
12 36 11.401274
12 37 11.455643
13 15 3.881803
13 16 4.172852
13 17 5.376981
13 18 6.317452
13 19 5.236497
13 20 4.334295
13 21 8.193932
13 22 8.455859
13 23 9.306352
13 24 10.324426
13 25 8.889774
13 26 9.486364
13 27 11.737044
13 28 10.245850
13 29 11.275734
13 30 10.478800
13 31 10.387924
13 32 8.534945
13 33 7.536377
13 34 10.155085
13 35 10.939421
14 15 4.564968
14 16 4.786074
14 17 5.425253
14 18 6.425333
14 19 4.626725
14 20 3.303736
14 21 7.143973
14 22 7.447034
14 23 8.356716
14 24 9.356276
14 25 8.197938
14 26 8.836771
14 27 10.999634
14 28 9.638406
14 29 10.689627
14 30 9.832551
14 31 9.654342
14 32 8.082597
14 33 7.118016
14 34 10.094773
14 35 10.843909
15 17 3.860987
15 18 4.200768
15 19 5.477046
15 20 6.989245
15 21 10.713246
15 22 11.076269
15 23 10.509738
15 24 11.593448
15 25 9.454505
15 26 9.664922
15 32 11.837332
15 33 10.769914
16 17 4.515354
16 18 4.789814
16 19 5.475204
16 20 7.236365
16 21 10.921077
16 22 11.377388
16 23 10.588116
16 24 11.678293
16 25 9.888767
16 26 10.054625
16 33 11.412819
17 19 3.890918
17 20 5.948141
17 21 8.897668
17 22 9.153290
17 23 8.037745
17 24 9.040815
17 25 6.030376
17 26 6.126738
17 27 9.441475
17 28 9.153444
17 29 10.101065
17 30 11.306510
17 31 11.356032
17 32 11.036101
17 33 10.001783
18 19 4.522938
18 20 6.970686
18 21 9.780396
18 22 10.058560
18 23 8.580415
18 24 9.558765
18 25 6.456321
18 26 6.379256
18 27 9.897426
18 28 9.857368
18 29 10.762906
18 33 11.038768
19 20 3.863555
19 21 6.312141
19 22 6.959450
19 23 5.130026
19 24 6.217918
19 25 5.219168
19 26 5.401700
19 27 8.881625
19 28 9.249857
19 29 10.307148
19 30 10.865598
19 31 10.538469
19 32 10.719859
19 33 9.825040
20 21 3.886270
20 22 4.239628
20 23 5.466282
20 24 6.357381
20 25 5.800510
20 26 6.604040
20 27 8.227908
20 28 7.339748
20 29 8.414761
20 30 7.719472
20 31 7.312217
20 32 7.105230
20 33 6.307630
20 34 10.098433
20 35 10.625465
21 23 3.875613
21 24 4.142491
21 25 5.566390
21 26 6.429301
21 27 6.502214
21 28 6.488623
21 29 7.378719
21 30 6.616325
21 31 5.798338
21 32 7.540465
21 33 7.204921
21 34 11.232674
21 35 11.504634
22 23 4.608538
22 24 4.791731
22 25 5.656282
22 26 6.610343
22 27 6.055945
22 28 5.629993
22 29 6.478313
22 30 5.548795
22 31 4.721724
22 32 6.749088
22 33 6.485469
22 34 10.453633
22 35 10.657182
23 25 3.874669
23 26 4.113684
23 27 6.006084
23 28 7.869011
23 29 8.728466
23 30 9.566267
23 31 8.921728
23 32 10.928544
23 33 10.406010
24 25 4.366106
24 26 4.559204
24 27 5.814661
24 28 8.014931
24 29 8.784436
24 30 9.687275
24 31 8.993161
24 32 11.343930
24 33 10.905768
25 27 3.865549
25 28 5.571241
25 29 6.400712
25 30 8.521412
25 31 8.298747
25 32 10.211049
25 33 9.543819
26 27 4.348765
26 28 6.489382
26 29 7.249095
26 30 9.575856
26 31 9.358660
26 32 11.289080
26 33 10.605017
27 28 3.866277
27 29 4.115556
27 30 7.107700
27 31 6.957304
27 32 10.085616
27 33 9.753083
28 30 3.877662
28 31 4.196898
28 32 6.751475
28 33 6.467860
28 34 9.048254
28 35 8.768094
29 30 4.029489
29 31 4.467114
29 32 7.229700
29 33 7.063663
29 34 9.291184
29 35 8.887769
30 32 3.860383
30 33 4.178452
30 34 6.614427
30 35 6.329757
30 36 9.175959
30 37 9.304922
31 32 4.089799
31 33 4.422864
31 34 7.284280
31 35 7.102990
31 36 9.688667
31 37 9.708575
32 34 3.858247
32 35 4.187939
32 36 6.483983
32 37 6.358098
33 34 4.054844
33 35 4.497003
33 36 7.096081
33 37 6.982636
34 36 3.864219
34 37 4.216837
35 36 3.972377
35 37 4.533502

RESIDUES
ASN 1
 3.1 0.000000
 3.2 0.000000
 3.3 0.000000
 3.4 0.000000
 3.5 0.000000
 3.6 0.000000
 3.7 1.833333
 3.8 1.794118
 3.9 1.727273
 4.0 1.647059
 4.1 1.567568
 4.2 1.346154
 4.3 1.145161
 4.4 0.882353
 4.5 0.480000
 4.6 0.285714
 4.7 0.160714
 4.8 0.000000
 4.9 -0.294118
 5.0 -0.500000
 5.1 -0.875000
 5.2 -1.250000
 5.3 -1.243167
 5.4 -1.103724
 5.5 -0.973452
 5.6 -0.795486
 5.7 -0.505273
 5.8 -0.206107
 5.9 -0.007577
 6.0 0.095727
 6.1 0.082385
 6.2 0.107156
 6.3 0.152975
 6.4 0.180690
 6.5 0.193630
 6.6 0.225900
 6.7 0.263061
 6.8 0.308296
 6.9 0.359000
 7.0 0.392593
 7.1 0.400000
 7.2 0.400000
 7.3 0.400000
 7.4 0.400000
 7.5 0.400000
 7.6 0.400000
 7.7 0.400000
 7.8 0.400000
 7.9 0.400000
 8.0 0.400000
 8.1 0.400000
 8.2 0.400000
 8.3 0.400000
 8.4 0.400000
 8.5 0.380769
 8.6 0.336667
 8.7 0.300000
 8.8 0.269697
 8.9 0.224138
 9.0 0.200000
 9.1 0.200000
 9.2 0.190323
 9.3 0.168727
 9.4 0.148400
 9.5 0.123297
 9.6 0.093765
 9.7 0.084394
 9.8 0.090094
 9.9 0.103824
 10.0 0.118969
 10.1 0.131633
 10.2 0.138111
 10.3 0.156065
 10.4 0.172519
 10.5 0.187481
 10.6 0.184065
 10.7 0.165257
 10.8 0.128500
 10.9 0.092625
 11.0 0.056483
 11.1 -0.016370
 11.2 -0.093828
 11.3 -0.168680
 11.4 -0.185840
 11.5 -0.180929
 11.6 -0.183870
 11.7 -0.162118
 11.8 -0.123538
 11.9 -0.096400
 12.0 -0.052000
 12.1 -0.057250
 12.2 0.000000

LEU 2
 3.1 0.000000
 3.2 0.000000
 3.3 0.000000
 3.4 0.000000
 3.5 0.000000
 3.6 0.000000
 3.7 1.466667
 3.8 1.411765
 3.9 1.318182
 4.0 1.058824
 4.1 0.918919
 4.2 0.538462
 4.3 0.387097
 4.4 0.088235
 4.5 -0.300000
 4.6 -0.767857
 4.7 -1.017857
 4.8 -1.409091
 4.9 -2.029412
 5.0 -2.305556
 5.1 -2.541667
 5.2 -2.698000
 5.3 -2.364792
 5.4 -1.888034
 5.5 -1.561903
 5.6 -1.321543
 5.7 -0.830939
 5.8 -0.426250
 5.9 -0.270654
 6.0 -0.154682
 6.1 -0.153231
 6.2 -0.080750
 6.3 -0.012150
 6.4 0.027262
 6.5 0.078913
 6.6 0.165350
 6.7 0.281303
 6.8 0.503259
 6.9 0.759286
 7.0 0.894148
 7.1 0.956655
 7.2 0.990034
 7.3 0.980360
 7.4 0.986647
 7.5 0.943143
 7.6 0.845545
 7.7 0.725778
 7.8 0.733200
 7.9 0.633000
 8.0 0.477063
 8.1 0.398176
 8.2 0.318778
 8.3 0.197238
 8.4 0.166000
 8.5 0.149385
 8.6 0.080667
 8.7 0.051057
 8.8 0.029788
 8.9 -0.028310
 9.0 -0.017536
 9.1 0.146100
 9.2 0.266742
 9.3 0.327970
 9.4 0.397229
 9.5 0.469622
 9.6 0.505912
 9.7 0.563909
 9.8 0.707812
 9.9 0.774676
 10.0 0.829469
 10.1 0.840033
 10.2 0.830667
 10.3 0.724839
 10.4 0.662815
 10.5 0.629630
 10.6 0.592645
 10.7 0.543714
 10.8 0.390389
 10.9 0.271125
 11.0 0.156621
 11.1 -0.067185
 11.2 -0.405931
 11.3 -0.712640
 11.4 -0.800560
 11.5 -0.839929
 11.6 -0.938696
 11.7 -0.971294
 11.8 -0.837692
 11.9 -0.778000
 12.0 -0.676400
 12.1 -0.685000
 12.2 0.000000

TYR 3
 3.1 0.000000
 3.2 0.000000
 3.3 0.000000
 3.4 0.000000
 3.5 0.000000
 3.6 0.000000
 3.7 1.400000
 3.8 1.352941
 3.9 1.272727
 4.0 1.000000
 4.1 0.824324
 4.2 0.384615
 4.3 0.145161
 4.4 -0.264706
 4.5 -0.780000
 4.6 -1.142857
 4.7 -1.375000
 4.8 -1.727273
 4.9 -2.264706
 5.0 -2.666667
 5.1 -3.125000
 5.2 -3.281375
 5.3 -2.809208
 5.4 -2.232897
 5.5 -1.690903
 5.6 -1.412000
 5.7 -0.782333
 5.8 -0.234464
 5.9 0.003808
 6.0 0.083136
 6.1 0.110077
 6.2 -0.082063
 6.3 -0.053600
 6.4 -0.051786
 6.5 0.031000
 6.6 0.104050
 6.7 0.506545
 6.8 1.114778
 6.9 1.878464
 7.0 2.312222
 7.1 2.568862
 7.2 2.745931
 7.3 2.726640
 7.4 2.817765
 7.5 2.628714
 7.6 2.139455
 7.7 1.496111
 7.8 1.423300
 7.9 0.884615
 8.0 0.094687
 8.1 -0.309882
 8.2 -0.725000
 8.3 -1.325333
 8.4 -1.638560
 8.5 -1.712500
 8.6 -1.776800
 8.7 -1.739571
 8.8 -1.714030
 8.9 -1.683793
 9.0 -1.539500
 9.1 -1.118067
 9.2 -0.754065
 9.3 -0.430788
 9.4 -0.134229
 9.5 0.207757
 9.6 0.578647
 9.7 0.879455
 9.8 1.310781
 9.9 1.562529
 10.0 1.776969
 10.1 1.816900
 10.2 1.822037
 10.3 1.783742
 10.4 1.799111
 10.5 1.824185
 10.6 1.821226
 10.7 1.790429
 10.8 1.403806
 10.9 1.125687
 11.0 0.906793
 11.1 0.411741
 11.2 -0.346069
 11.3 -1.001600
 11.4 -1.203680
 11.5 -1.357821
 11.6 -1.631652
 11.7 -1.888059
 11.8 -1.692923
 11.9 -1.629900
 12.0 -1.530000
 12.1 -1.538750
 12.2 0.000000

ILE 4
 3.1 0.000000
 3.2 0.000000
 3.3 0.000000
 3.4 0.000000
 3.5 0.000000
 3.6 0.000000
 3.7 1.266667
 3.8 1.235294
 3.9 1.181818
 4.0 0.926471
 4.1 0.810811
 4.2 0.461538
 4.3 0.129032
 4.4 -0.382353
 4.5 -0.980000
 4.6 -1.392857
 4.7 -1.696429
 4.8 -2.045455
 4.9 -2.647059
 5.0 -3.055556
 5.1 -3.750000
 5.2 -3.875000
 5.3 -3.524333
 5.4 -2.939621
 5.5 -2.395097
 5.6 -1.989029
 5.7 -1.308515
 5.8 -0.612964
 5.9 -0.155731
 6.0 0.096273
 6.1 0.232154
 6.2 0.270844
 6.3 0.260875
 6.4 0.223476
 6.5 0.258717
 6.6 0.262925
 6.7 0.395545
 6.8 0.775963
 6.9 1.283964
 7.0 1.491407
 7.1 1.572483
 7.2 1.600000
 7.3 1.600000
 7.4 1.600000
 7.5 1.600000
 7.6 1.600000
 7.7 1.600000
 7.8 1.600000
 7.9 1.600000
 8.0 1.600000
 8.1 1.600000
 8.2 1.600000
 8.3 1.600000
 8.4 1.594680
 8.5 1.462192
 8.6 1.268267
 8.7 1.037000
 8.8 0.833424
 8.9 0.539655
 9.0 0.364143
 9.1 0.214067
 9.2 0.122677
 9.3 0.055242
 9.4 -0.046029
 9.5 -0.191378
 9.6 -0.339765
 9.7 -0.427364
 9.8 -0.407156
 9.9 -0.266412
 10.0 -0.082812
 10.1 0.066900
 10.2 0.210815
 10.3 0.304194
 10.4 0.402778
 10.5 0.455444
 10.6 0.416516
 10.7 0.362400
 10.8 0.243917
 10.9 0.137688
 11.0 0.032828
 11.1 -0.117481
 11.2 -0.417517
 11.3 -0.682760
 11.4 -0.730160
 11.5 -0.710929
 11.6 -0.777565
 11.7 -0.639882
 11.8 -0.448154
 11.9 -0.388200
 12.0 -0.287600
 12.1 -0.296500
 12.2 0.000000

GLN 5
 3.1 0.000000
 3.2 0.000000
 3.3 0.000000
 3.4 0.000000
 3.5 0.000000
 3.6 0.000000
 3.7 1.233333
 3.8 1.205882
 3.9 1.159091
 4.0 0.838235
 4.1 0.729730
 4.2 0.384615
 4.3 0.241935
 4.4 -0.088235
 4.5 -0.420000
 4.6 -1.000000
 4.7 -1.321429
 4.8 -1.795455
 4.9 -2.529412
 5.0 -2.833333
 5.1 -3.083333
 5.2 -3.218875
 5.3 -2.788458
 5.4 -2.267483
 5.5 -1.890000
 5.6 -1.594029
 5.7 -0.960273
 5.8 -0.452464
 5.9 -0.155808
 6.0 0.050727
 6.1 0.049462
 6.2 0.048063
 6.3 0.042175
 6.4 0.041310
 6.5 0.108674
 6.6 0.203200
 6.7 0.426606
 6.8 0.915926
 6.9 1.464214
 7.0 1.770370
 7.1 1.903517
 7.2 1.944828
 7.3 1.960000
 7.4 1.994118
 7.5 2.000000
 7.6 2.000000
 7.7 2.000000
 7.8 2.000000
 7.9 2.000000
 8.0 2.000000
 8.1 2.000000
 8.2 2.000000
 8.3 2.000000
 8.4 1.976000
 8.5 1.815385
 8.6 1.586667
 8.7 1.300400
 8.8 1.052182
 8.9 0.705966
 9.0 0.481036
 9.1 0.274567
 9.2 0.137774
 9.3 0.050667
 9.4 -0.042657
 9.5 -0.151135
 9.6 -0.263853
 9.7 -0.309697
 9.8 -0.266281
 9.9 -0.209853
 10.0 -0.058781
 10.1 0.063300
 10.2 0.159556
 10.3 0.245419
 10.4 0.388778
 10.5 0.394259
 10.6 0.313935
 10.7 0.278971
 10.8 0.171528
 10.9 0.076531
 11.0 -0.007517
 11.1 -0.149370
 11.2 -0.467517
 11.3 -0.742920
 11.4 -0.791640
 11.5 -0.766321
 11.6 -0.802522
 11.7 -0.645118
 11.8 -0.452692
 11.9 -0.390800
 12.0 -0.290000
 12.1 -0.299750
 12.2 0.000000

TRP 6
 3.1 0.000000
 3.2 0.000000
 3.3 0.000000
 3.4 0.000000
 3.5 0.000000
 3.6 0.000000
 3.7 1.300000
 3.8 1.264706
 3.9 1.204545
 4.0 0.852941
 4.1 0.689189
 4.2 0.250000
 4.3 0.016129
 4.4 -0.455882
 4.5 -0.900000
 4.6 -1.321429
 4.7 -1.553571
 4.8 -1.931818
 4.9 -2.411765
 5.0 -2.916667
 5.1 -3.375000
 5.2 -3.354188
 5.3 -2.826333
 5.4 -2.224138
 5.5 -1.559194
 5.6 -1.262943
 5.7 -0.760727
 5.8 -0.377607
 5.9 -0.279654
 6.0 -0.389545
 6.1 -0.321231
 6.2 -0.061531
 6.3 0.364525
 6.4 0.569405
 6.5 0.732609
 6.6 0.969600
 6.7 1.282909
 6.8 1.479111
 6.9 1.964857
 7.0 2.253000
 7.1 2.421621
 7.2 2.542207
 7.3 2.619040
 7.4 2.680118
 7.5 2.383143
 7.6 1.897091
 7.7 1.322667
 7.8 1.063700
 7.9 0.677154
 8.0 0.125000
 8.1 -0.158000
 8.2 -0.449333
 8.3 -0.906571
 8.4 -1.339560
 8.5 -1.588654
 8.6 -1.815667
 8.7 -1.971514
 8.8 -2.050061
 8.9 -2.053241
 9.0 -1.981036
 9.1 -1.680133
 9.2 -1.343903
 9.3 -1.017788
 9.4 -0.733543
 9.5 -0.334378
 9.6 0.117324
 9.7 0.463121
 9.8 0.913312
 9.9 1.087412
 10.0 1.210094
 10.1 1.185300
 10.2 1.131704
 10.3 1.022581
 10.4 0.995593
 10.5 0.930593
 10.6 0.797677
 10.7 0.659629
 10.8 0.240806
 10.9 -0.039094
 11.0 -0.226034
 11.1 -0.579407
 11.2 -1.106034
 11.3 -1.551520
 11.4 -1.667360
 11.5 -1.719286
 11.6 -1.876696
 11.7 -1.906235
 11.8 -1.705538
 11.9 -1.637200
 12.0 -1.537600
 12.1 -1.546500
 12.2 0.000000

LEU 7
 3.1 0.000000
 3.2 0.000000
 3.3 0.000000
 3.4 0.000000
 3.5 0.000000
 3.6 0.000000
 3.7 0.966667
 3.8 0.911765
 3.9 0.818182
 4.0 0.397059
 4.1 0.243243
 4.2 -0.269231
 4.3 -0.564516
 4.4 -1.137265
 4.5 -1.686720
 4.6 -2.226321
 4.7 -2.512071
 4.8 -2.932045
 4.9 -3.431706
 5.0 -3.741111
 5.1 -4.042083
 5.2 -3.844125
 5.3 -3.305750
 5.4 -2.534655
 5.5 -1.645194
 5.6 -1.115286
 5.7 -0.290909
 5.8 0.491679
 5.9 0.922538
 6.0 0.917455
 6.1 0.843731
 6.2 0.803375
 6.3 0.835600
 6.4 0.811619
 6.5 0.768913
 6.6 0.675475
 6.7 0.632697
 6.8 0.539296
 6.9 0.673679
 7.0 0.772148
 7.1 0.867207
 7.2 0.908724
 7.3 0.982200
 7.4 0.986588
 7.5 0.948071
 7.6 0.855091
 7.7 0.734000
 7.8 0.723800
 7.9 0.713077
 8.0 0.710437
 8.1 0.711647
 8.2 0.703500
 8.3 0.668857
 8.4 0.634520
 8.5 0.581308
 8.6 0.526033
 8.7 0.421343
 8.8 0.355758
 8.9 0.230690
 9.0 0.081071
 9.1 -0.103933
 9.2 -0.227903
 9.3 -0.267152
 9.4 -0.254857
 9.5 -0.197432
 9.6 -0.134000
 9.7 -0.057394
 9.8 0.129656
 9.9 0.228824
 10.0 0.317688
 10.1 0.382200
 10.2 0.433741
 10.3 0.430194
 10.4 0.471630
 10.5 0.507593
 10.6 0.440581
 10.7 0.369571
 10.8 0.204972
 10.9 0.074687
 11.0 -0.042000
 11.1 -0.203333
 11.2 -0.518345
 11.3 -0.782440
 11.4 -0.825160
 11.5 -0.795536
 11.6 -0.857217
 11.7 -0.704529
 11.8 -0.504077
 11.9 -0.436100
 12.0 -0.337600
 12.1 -0.346500
 12.2 0.000000

LYS 8
 3.1 0.000000
 3.2 0.000000
 3.3 0.000000
 3.4 0.000000
 3.5 0.000000
 3.6 0.000000
 3.7 1.533333
 3.8 1.470588
 3.9 1.363636
 4.0 1.044118
 4.1 0.905405
 4.2 0.480769
 4.3 0.274194
 4.4 -0.117647
 4.5 -0.540000
 4.6 -0.982143
 4.7 -1.250000
 4.8 -1.613636
 4.9 -2.088235
 5.0 -2.305556
 5.1 -2.500000
 5.2 -2.468875
 5.3 -1.986125
 5.4 -1.626483
 5.5 -1.354935
 5.6 -1.172543
 5.7 -0.753667
 5.8 -0.485964
 5.9 -0.166308
 6.0 0.073227
 6.1 0.217769
 6.2 0.249375
 6.3 0.209925
 6.4 0.066976
 6.5 0.005000
 6.6 -0.061300
 6.7 -0.095030
 6.8 -0.075444
 6.9 0.275714
 7.0 0.516185
 7.1 0.658759
 7.2 0.769103
 7.3 0.887560
 7.4 0.984353
 7.5 1.000000
 7.6 1.000000
 7.7 1.000000
 7.8 1.000000
 7.9 1.000000
 8.0 1.000000
 8.1 1.000000
 8.2 1.000000
 8.3 1.000000
 8.4 1.021280
 8.5 0.974962
 8.6 0.880600
 8.7 0.726229
 8.8 0.614970
 8.9 0.427448
 9.0 0.293179
 9.1 0.168000
 9.2 0.122129
 9.3 0.095364
 9.4 0.081657
 9.5 0.071108
 9.6 0.064441
 9.7 0.062515
 9.8 0.079687
 9.9 0.096029
 10.0 0.126344
 10.1 0.150900
 10.2 0.170444
 10.3 0.190677
 10.4 0.215148
 10.5 0.215519
 10.6 0.172806
 10.7 0.135400
 10.8 0.065111
 10.9 0.018125
 11.0 -0.027759
 11.1 -0.079963
 11.2 -0.133069
 11.3 -0.175000
 11.4 -0.194040
 11.5 -0.196107
 11.6 -0.204522
 11.7 -0.192176
 11.8 -0.160154
 11.9 -0.137600
 12.0 -0.087200
 12.1 -0.080750
 12.2 0.000000

ASP 9
 3.1 0.000000
 3.2 0.000000
 3.3 0.000000
 3.4 0.000000
 3.5 0.000000
 3.6 0.000000
 3.7 1.600000
 3.8 1.529412
 3.9 1.409091
 4.0 1.205882
 4.1 1.108108
 4.2 0.788462
 4.3 0.596774
 4.4 0.279412
 4.5 -0.080000
 4.6 -0.321429
 4.7 -0.482143
 4.8 -0.659091
 4.9 -0.823529
 5.0 -1.027778
 5.1 -1.250000
 5.2 -1.093812
 5.3 -0.534750
 5.4 -0.160897
 5.5 0.155968
 5.6 0.252429
 5.7 0.474848
 5.8 0.404857
 5.9 0.192346
 6.0 0.030273
 6.1 -0.205308
 6.2 -0.342875
 6.3 -0.412725
 6.4 -0.503690
 6.5 -0.557652
 6.6 -0.626175
 6.7 -0.733788
 6.8 -0.810259
 6.9 -0.523500
 7.0 -0.303444
 7.1 -0.136690
 7.2 0.019586
 7.3 0.198640
 7.4 0.254471
 7.5 0.266000
 7.6 0.272182
 7.7 0.288667
 7.8 0.305100
 7.9 0.311769
 8.0 0.325313
 8.1 0.332647
 8.2 0.338056
 8.3 0.353905
 8.4 0.390400
 8.5 0.387385
 8.6 0.352800
 8.7 0.287571
 8.8 0.240515
 8.9 0.147897
 9.0 0.085571
 9.1 0.036667
 9.2 0.024484
 9.3 0.017879
 9.4 0.016914
 9.5 0.013568
 9.6 0.007353
 9.7 0.003455
 9.8 0.002687
 9.9 0.014529
 10.0 0.025656
 10.1 0.032967
 10.2 0.041185
 10.3 0.049935
 10.4 0.052852
 10.5 0.051519
 10.6 0.048484
 10.7 0.044114
 10.8 0.016889
 10.9 -0.001938
 11.0 -0.018517
 11.1 -0.055481
 11.2 -0.104172
 11.3 -0.116160
 11.4 -0.101160
 11.5 -0.079000
 11.6 -0.066870
 11.7 -0.006529
 11.8 0.024769
 11.9 0.027100
 12.0 0.034000
 12.1 0.034250
 12.2 0.000000

GLY 10
 3.1 0.000000
 3.2 0.000000
 3.3 0.000000
 3.4 0.000000
 3.5 0.000000
 3.6 0.000000
 3.7 0.633333
 3.8 0.558824
 3.9 0.431818
 4.0 0.279412
 4.1 0.229730
 4.2 0.000000
 4.3 -0.048387
 4.4 -0.166676
 4.5 -0.306720
 4.6 -0.440607
 4.7 -0.512071
 4.8 -0.613864
 4.9 -0.725824
 5.0 -0.879889
 5.1 -1.055750
 5.2 -1.229250
 5.3 -0.861167
 5.4 -0.609207
 5.5 -0.392484
 5.6 -0.295286
 5.7 -0.037939
 5.8 0.008893
 5.9 0.022385
 6.0 0.064318
 6.1 0.201923
 6.2 0.361437
 6.3 0.513200
 6.4 0.582452
 6.5 0.574609
 6.6 0.591650
 6.7 0.579848
 6.8 0.408259
 6.9 0.282857
 7.0 0.222333
 7.1 0.178862
 7.2 0.136310
 7.3 0.146760
 7.4 0.159059
 7.5 0.158500
 7.6 0.183364
 7.7 0.194333
 7.8 0.188200
 7.9 0.180769
 8.0 0.176062
 8.1 0.169647
 8.2 0.163944
 8.3 0.164286
 8.4 0.136600
 8.5 0.089077
 8.6 0.049900
 8.7 0.032229
 8.8 0.006909
 8.9 -0.012862
 9.0 0.000786
 9.1 0.016100
 9.2 0.012323
 9.3 0.010788
 9.4 0.016486
 9.5 0.017486
 9.6 0.022529
 9.7 0.029455
 9.8 0.032375
 9.9 0.020765
 10.0 0.013594
 10.1 0.009000
 10.2 0.002889
 10.3 -0.000935
 10.4 0.001148
 10.5 0.001407
 10.6 0.003645
 10.7 0.006686
 10.8 0.007861
 10.9 0.009000
 11.0 0.009759
 11.1 0.008111
 11.2 0.009655
 11.3 0.012840
 11.4 0.015760
 11.5 0.018786
 11.6 0.023609
 11.7 0.027294
 11.8 0.029231
 11.9 0.030800
 12.0 0.034800
 12.1 0.035250
 12.2 0.000000

GLY 11
 3.1 0.000000
 3.2 0.000000
 3.3 0.000000
 3.4 0.000000
 3.5 0.000000
 3.6 0.000000
 3.7 0.100000
 3.8 0.029412
 3.9 -0.090909
 4.0 -0.250000
 4.1 -0.378378
 4.2 -0.750000
 4.3 -0.935484
 4.4 -1.122559
 4.5 -1.406720
 4.6 -1.369179
 4.7 -1.333500
 4.8 -1.272955
 4.9 -1.167000
 5.0 -1.129889
 5.1 -1.083500
 5.2 -0.958250
 5.3 -0.701250
 5.4 -0.505690
 5.5 -0.344032
 5.6 -0.271429
 5.7 -0.118788
 5.8 -0.074607
 5.9 -0.067500
 6.0 -0.094955
 6.1 -0.106038
 6.2 -0.055281
 6.3 0.046675
 6.4 0.134190
 6.5 0.168913
 6.6 0.225150
 6.7 0.286939
 6.8 0.332741
 6.9 0.467250
 7.0 0.609185
 7.1 0.714897
 7.2 0.755138
 7.3 0.808600
 7.4 0.804824
 7.5 0.653571
 7.6 0.390818
 7.7 0.251778
 7.8 0.178300
 7.9 0.044846
 8.0 -0.255250
 8.1 -0.421647
 8.2 -0.531556
 8.3 -0.620714
 8.4 -0.633400
 8.5 -0.305769
 8.6 0.141133
 8.7 0.469257
 8.8 0.724727
 8.9 1.081793
 9.0 1.121286
 9.1 1.057933
 9.2 1.007968
 9.3 1.053030
 9.4 1.043886
 9.5 0.994541
 9.6 0.886647
 9.7 0.771788
 9.8 0.582500
 9.9 0.427882
 10.0 0.285031
 10.1 0.174900
 10.2 0.100815
 10.3 0.002097
 10.4 -0.082222
 10.5 -0.083519
 10.6 -0.090032
 10.7 -0.061029
 10.8 0.008583
 10.9 0.064313
 11.0 0.097931
 11.1 0.195407
 11.2 0.239207
 11.3 0.222680
 11.4 0.229120
 11.5 0.212536
 11.6 0.203478
 11.7 0.192000
 11.8 0.200308
 11.9 0.160000
 12.0 0.160800
 12.1 0.161250
 12.2 0.000000

PRO 12
 3.1 0.000000
 3.2 0.000000
 3.3 0.000000
 3.4 0.000000
 3.5 0.000000
 3.6 0.000000
 3.7 1.766667
 3.8 1.676471
 3.9 1.500000
 4.0 1.132353
 4.1 0.986486
 4.2 0.461538
 4.3 0.322581
 4.4 0.132353
 4.5 -0.160000
 4.6 -0.428571
 4.7 -0.589286
 4.8 -0.818182
 4.9 -1.264706
 5.0 -1.361111
 5.1 -1.500000
 5.2 -1.500000
 5.3 -1.271083
 5.4 -1.212931
 5.5 -1.037903
 5.6 -1.000314
 5.7 -0.869121
 5.8 -0.857536
 5.9 -0.743923
 6.0 -0.811000
 6.1 -0.772538
 6.2 -0.703625
 6.3 -0.455275
 6.4 -0.258619
 6.5 -0.171717
 6.6 -0.016775
 6.7 0.205848
 6.8 0.239185
 6.9 0.152179
 7.0 0.183815
 7.1 0.178103
 7.2 0.061000
 7.3 -0.010560
 7.4 -0.098941
 7.5 -0.386643
 7.6 -0.714818
 7.7 -0.711000
 7.8 -0.606600
 7.9 -0.464000
 8.0 -0.308375
 8.1 -0.239176
 8.2 -0.202722
 8.3 -0.095238
 8.4 -0.020160
 8.5 -0.025038
 8.6 -0.049633
 8.7 -0.071371
 8.8 -0.108515
 8.9 -0.166931
 9.0 -0.168214
 9.1 -0.162467
 9.2 -0.143161
 9.3 -0.134970
 9.4 -0.113657
 9.5 -0.072703
 9.6 -0.009471
 9.7 0.029455
 9.8 0.078313
 9.9 0.103412
 10.0 0.114812
 10.1 0.122200
 10.2 0.126889
 10.3 0.129065
 10.4 0.125926
 10.5 0.108481
 10.6 0.090742
 10.7 0.080943
 10.8 0.067056
 10.9 0.059719
 11.0 0.060207
 11.1 0.064778
 11.2 0.064759
 11.3 0.066480
 11.4 0.067320
 11.5 0.068607
 11.6 0.067130
 11.7 0.067588
 11.8 0.065923
 11.9 0.065200
 12.0 0.060000
 12.1 0.060000
 12.2 0.000000

SER 13
 3.1 0.000000
 3.2 0.000000
 3.3 0.000000
 3.4 0.000000
 3.5 0.000000
 3.6 0.000000
 3.7 1.633333
 3.8 1.558824
 3.9 1.340909
 4.0 0.867647
 4.1 0.743243
 4.2 0.134615
 4.3 -0.064516
 4.4 -0.411765
 4.5 -0.740000
 4.6 -1.071429
 4.7 -1.232143
 4.8 -1.500000
 4.9 -1.823529
 5.0 -1.972278
 5.1 -2.180667
 5.2 -2.145938
 5.3 -1.847167
 5.4 -1.471310
 5.5 -1.086032
 5.6 -0.933314
 5.7 -0.598455
 5.8 -0.288857
 5.9 -0.086462
 6.0 -0.087000
 6.1 0.080269
 6.2 0.252156
 6.3 0.355025
 6.4 0.340357
 6.5 0.299065
 6.6 0.270500
 6.7 0.180364
 6.8 -0.007704
 6.9 -0.050000
 7.0 -0.056519
 7.1 -0.060483
 7.2 -0.064897
 7.3 -0.066000
 7.4 -0.066000
 7.5 -0.066000
 7.6 -0.066000
 7.7 -0.043778
 7.8 0.002300
 7.9 0.042846
 8.0 0.081687
 8.1 0.111118
 8.2 0.126167
 8.3 0.137429
 8.4 0.144720
 8.5 0.148692
 8.6 0.140567
 8.7 0.131886
 8.8 0.123515
 8.9 0.110069
 9.0 0.102179
 9.1 0.098867
 9.2 0.097290
 9.3 0.098121
 9.4 0.095143
 9.5 0.089405
 9.6 0.084735
 9.7 0.084061
 9.8 0.083625
 9.9 0.090941
 10.0 0.095344
 10.1 0.097300
 10.2 0.095778
 10.3 0.094161
 10.4 0.091000
 10.5 0.089111
 10.6 0.089161
 10.7 0.089171
 10.8 0.087694
 10.9 0.086500
 11.0 0.086483
 11.1 0.085593
 11.2 0.085138
 11.3 0.085320
 11.4 0.085200
 11.5 0.084143
 11.6 0.083739
 11.7 0.082235
 11.8 0.080615
 11.9 0.079400
 12.0 0.080000
 12.1 0.080000
 12.2 0.000000

SER 14
 3.1 0.000000
 3.2 0.000000
 3.3 0.000000
 3.4 0.000000
 3.5 0.000000
 3.6 0.000000
 3.7 1.500000
 3.8 1.441176
 3.9 1.272727
 4.0 1.000000
 4.1 0.905405
 4.2 0.442308
 4.3 0.193548
 4.4 -0.161765
 4.5 -0.580000
 4.6 -0.821429
 4.7 -0.875000
 4.8 -1.000000
 4.9 -1.000000
 5.0 -1.027833
 5.1 -1.055667
 5.2 -1.146125
 5.3 -1.222667
 5.4 -1.270655
 5.5 -1.204903
 5.6 -1.086229
 5.7 -0.901909
 5.8 -0.556821
 5.9 -0.182885
 6.0 0.034045
 6.1 0.259731
 6.2 0.192281
 6.3 0.011350
 6.4 -0.111786
 6.5 -0.193413
 6.6 -0.372975
 6.7 -0.496121
 6.8 -0.594000
 6.9 -0.555964
 7.0 -0.531963
 7.1 -0.540552
 7.2 -0.556690
 7.3 -0.576520
 7.4 -0.635294
 7.5 -0.697857
 7.6 -0.727909
 7.7 -0.652333
 7.8 -0.500300
 7.9 -0.349000
 8.0 -0.201250
 8.1 -0.049118
 8.2 0.012889
 8.3 0.035571
 8.4 0.065320
 8.5 0.066692
 8.6 0.012267
 8.7 -0.008257
 8.8 -0.007212
 8.9 -0.028276
 9.0 -0.018750
 9.1 0.006433
 9.2 0.032548
 9.3 0.040182
 9.4 0.053743
 9.5 0.068135
 9.6 0.084353
 9.7 0.092212
 9.8 0.104063
 9.9 0.103882
 10.0 0.097156
 10.1 0.090067
 10.2 0.087667
 10.3 0.089323
 10.4 0.084889
 10.5 0.080333
 10.6 0.078903
 10.7 0.076257
 10.8 0.069889
 10.9 0.067438
 11.0 0.068586
 11.1 0.070000
 11.2 0.071172
 11.3 0.071400
 11.4 0.071120
 11.5 0.071107
 11.6 0.071130
 11.7 0.069941
 11.8 0.069308
 11.9 0.069500
 12.0 0.068000
 12.1 0.067000
 12.2 0.000000

GLY 15
 3.1 0.000000
 3.2 0.000000
 3.3 0.000000
 3.4 0.000000
 3.5 0.000000
 3.6 0.000000
 3.7 0.400000
 3.8 0.352941
 3.9 0.227273
 4.0 -0.029412
 4.1 -0.121622
 4.2 -0.480769
 4.3 -0.629032
 4.4 -0.779412
 4.5 -0.940000
 4.6 -1.000000
 4.7 -1.000000
 4.8 -1.000000
 4.9 -1.000000
 5.0 -1.000000
 5.1 -1.000000
 5.2 -1.000000
 5.3 -1.000000
 5.4 -0.919621
 5.5 -0.860355
 5.6 -0.814429
 5.7 -0.727424
 5.8 -0.583464
 5.9 -0.468000
 6.0 -0.393909
 6.1 -0.310846
 6.2 -0.187531
 6.3 -0.058375
 6.4 -0.037714
 6.5 -0.056174
 6.6 -0.027100
 6.7 -0.050455
 6.8 -0.185222
 6.9 -0.193536
 7.0 -0.157444
 7.1 -0.120724
 7.2 -0.178241
 7.3 -0.220040
 7.4 -0.294176
 7.5 -0.428786
 7.6 -0.667000
 7.7 -0.637222
 7.8 -0.573400
 7.9 -0.512846
 8.0 -0.460375
 8.1 -0.413588
 8.2 -0.361889
 8.3 -0.239571
 8.4 -0.126680
 8.5 -0.034692
 8.6 0.017167
 8.7 0.045943
 8.8 0.053242
 8.9 0.061966
 9.0 0.069464
 9.1 0.071600
 9.2 0.070419
 9.3 0.066242
 9.4 0.064371
 9.5 0.061649
 9.6 0.056735
 9.7 0.053485
 9.8 0.050719
 9.9 0.046000
 10.0 0.039406
 10.1 0.036833
 10.2 0.034704
 10.3 0.030645
 10.4 0.028111
 10.5 0.029000
 10.6 0.031613
 10.7 0.034543
 10.8 0.039361
 10.9 0.041375
 11.0 0.043138
 11.1 0.045111
 11.2 0.045862
 11.3 0.046520
 11.4 0.046720
 11.5 0.046750
 11.6 0.046826
 11.7 0.046412
 11.8 0.046077
 11.9 0.045800
 12.0 0.045000
 12.1 0.045000
 12.2 0.000000

ARG 16
 3.1 0.000000
 3.2 0.000000
 3.3 0.000000
 3.4 0.000000
 3.5 0.000000
 3.6 0.000000
 3.7 1.566667
 3.8 1.470588
 3.9 1.204545
 4.0 0.705882
 4.1 0.540541
 4.2 -0.115385
 4.3 -0.370968
 4.4 -0.617647
 4.5 -0.860000
 4.6 -0.946429
 4.7 -1.000000
 4.8 -1.000000
 4.9 -1.000000
 5.0 -1.000000
 5.1 -1.000000
 5.2 -1.000000
 5.3 -1.000000
 5.4 -1.034552
 5.5 -0.967871
 5.6 -0.923971
 5.7 -0.868909
 5.8 -0.797929
 5.9 -0.647615
 6.0 -0.636455
 6.1 -0.612077
 6.2 -0.630031
 6.3 -0.499825
 6.4 -0.358952
 6.5 -0.248000
 6.6 -0.122750
 6.7 0.131515
 6.8 0.327333
 6.9 0.360143
 7.0 0.293111
 7.1 0.218828
 7.2 0.117586
 7.3 0.015800
 7.4 -0.174706
 7.5 -0.326357
 7.6 -0.482091
 7.7 -0.533667
 7.8 -0.473800
 7.9 -0.398000
 8.0 -0.322437
 8.1 -0.202353
 8.2 -0.138222
 8.3 -0.055714
 8.4 0.016040
 8.5 0.069308
 8.6 0.056200
 8.7 0.065171
 8.8 0.090273
 8.9 0.134897
 9.0 0.197893
 9.1 0.288167
 9.2 0.390387
 9.3 0.434727
 9.4 0.465886
 9.5 0.503405
 9.6 0.532118
 9.7 0.531727
 9.8 0.530812
 9.9 0.501765
 10.0 0.450750
 10.1 0.414600
 10.2 0.381148
 10.3 0.321032
 10.4 0.262852
 10.5 0.201778
 10.6 0.146710
 10.7 0.117857
 10.8 0.070222
 10.9 0.049500
 11.0 0.055034
 11.1 0.063185
 11.2 0.066414
 11.3 0.068280
 11.4 0.068480
 11.5 0.068679
 11.6 0.067870
 11.7 0.067824
 11.8 0.068846
 11.9 0.069400
 12.0 0.070000
 12.1 0.070000
 12.2 0.000000

PRO 17
 3.1 0.000000
 3.2 0.000000
 3.3 0.000000
 3.4 0.000000
 3.5 0.000000
 3.6 0.000000
 3.7 1.466667
 3.8 1.382353
 3.9 1.090909
 4.0 0.514706
 4.1 0.310811
 4.2 -0.480769
 4.3 -0.903226
 4.4 -1.308824
 4.5 -1.820000
 4.6 -2.107143
 4.7 -2.232143
 4.8 -2.318182
 4.9 -2.500000
 5.0 -2.500000
 5.1 -2.500000
 5.2 -2.500000
 5.3 -2.520833
 5.4 -2.632207
 5.5 -2.591548
 5.6 -2.628800
 5.7 -2.687212
 5.8 -2.750500
 5.9 -2.718615
 6.0 -2.834000
 6.1 -2.827577
 6.2 -2.771375
 6.3 -2.367000
 6.4 -2.004119
 6.5 -1.800804
 6.6 -1.437450
 6.7 -0.853364
 6.8 -0.382407
 6.9 -0.008714
 7.0 0.293370
 7.1 0.454724
 7.2 0.548931
 7.3 0.655920
 7.4 0.771412
 7.5 0.703357
 7.6 0.464818
 7.7 0.323667
 7.8 0.272800
 7.9 0.268615
 8.0 0.220250
 8.1 0.122059
 8.2 0.082889
 8.3 0.074238
 8.4 -0.051640
 8.5 -0.119423
 8.6 -0.133467
 8.7 -0.187057
 8.8 -0.214970
 8.9 -0.144966
 9.0 -0.075321
 9.1 0.054267
 9.2 0.230355
 9.3 0.375091
 9.4 0.446571
 9.5 0.541703
 9.6 0.691441
 9.7 0.781303
 9.8 0.825156
 9.9 0.822912
 10.0 0.791438
 10.1 0.721000
 10.2 0.644741
 10.3 0.614581
 10.4 0.583519
 10.5 0.530148
 10.6 0.502323
 10.7 0.497829
 10.8 0.353306
 10.9 0.273687
 11.0 0.267724
 11.1 0.183185
 11.2 0.043517
 11.3 -0.070400
 11.4 -0.114640
 11.5 -0.161429
 11.6 -0.220783
 11.7 -0.329059
 11.8 -0.325231
 11.9 -0.322000
 12.0 -0.326000
 12.1 -0.326000
 12.2 0.000000

PRO 18
 3.1 0.000000
 3.2 0.000000
 3.3 0.000000
 3.4 0.000000
 3.5 0.000000
 3.6 0.000000
 3.7 1.133333
 3.8 1.117647
 3.9 0.886364
 4.0 0.367647
 4.1 0.175676
 4.2 -0.480769
 4.3 -0.903226
 4.4 -1.308824
 4.5 -1.740000
 4.6 -1.910714
 4.7 -1.982143
 4.8 -2.000000
 4.9 -2.000000
 5.0 -2.000000
 5.1 -2.000000
 5.2 -2.187500
 5.3 -2.243125
 5.4 -2.258724
 5.5 -2.306484
 5.6 -2.323800
 5.7 -2.328273
 5.8 -2.357071
 5.9 -2.461462
 6.0 -2.515182
 6.1 -2.532154
 6.2 -2.229344
 6.3 -1.579400
 6.4 -1.035905
 6.5 -0.731978
 6.6 -0.220875
 6.7 0.363727
 6.8 0.673111
 6.9 1.047750
 7.0 1.429037
 7.1 1.891345
 7.2 2.336103
 7.3 2.805840
 7.4 3.428412
 7.5 3.602357
 7.6 3.351455
 7.7 2.925889
 7.8 2.729800
 7.9 2.466538
 8.0 2.075875
 8.1 1.810706
 8.2 1.532333
 8.3 0.936619
 8.4 0.045520
 8.5 -0.610577
 8.6 -1.133633
 8.7 -1.525057
 8.8 -1.812970
 8.9 -1.890759
 9.0 -1.844107
 9.1 -1.535633
 9.2 -1.165484
 9.3 -0.767424
 9.4 -0.476686
 9.5 -0.136378
 9.6 0.347529
 9.7 0.691182
 9.8 0.993844
 9.9 1.178353
 10.0 1.342813
 10.1 1.311267
 10.2 1.252407
 10.3 1.275613
 10.4 1.302963
 10.5 1.310889
 10.6 1.350387
 10.7 1.390771
 10.8 1.085167
 10.9 0.874531
 11.0 0.766345
 11.1 0.431593
 11.2 -0.132345
 11.3 -0.594320
 11.4 -0.729440
 11.5 -0.842321
 11.6 -1.048261
 11.7 -1.248588
 11.8 -1.076077
 11.9 -1.031300
 12.0 -0.953200
 12.1 -0.943250
 12.2 0.000000

PRO 19
 3.1 0.000000
 3.2 0.000000
 3.3 0.000000
 3.4 0.000000
 3.5 0.000000
 3.6 0.000000
 3.7 1.200000
 3.8 1.117647
 3.9 0.863636
 4.0 0.426471
 4.1 0.229730
 4.2 -0.403846
 4.3 -0.725806
 4.4 -1.132353
 4.5 -1.600000
 4.6 -1.785714
 4.7 -1.892857
 4.8 -2.000000
 4.9 -2.000000
 5.0 -2.000000
 5.1 -2.000000
 5.2 -2.000000
 5.3 -2.034792
 5.4 -2.074862
 5.5 -2.102355
 5.6 -2.114514
 5.7 -2.146758
 5.8 -2.167000
 5.9 -2.115615
 6.0 -2.075909
 6.1 -2.006346
 6.2 -1.817594
 6.3 -1.424825
 6.4 -1.126833
 6.5 -0.970935
 6.6 -0.695850
 6.7 -0.343485
 6.8 -0.092778
 6.9 0.422393
 7.0 0.814593
 7.1 1.149241
 7.2 1.465310
 7.3 1.793120
 7.4 2.029176
 7.5 2.023643
 7.6 1.802909
 7.7 1.500111
 7.8 1.383700
 7.9 1.090077
 8.0 0.656437
 8.1 0.402059
 8.2 0.129778
 8.3 -0.349143
 8.4 -0.767920
 8.5 -1.035769
 8.6 -1.211600
 8.7 -1.298514
 8.8 -1.355939
 8.9 -1.377448
 9.0 -1.336143
 9.1 -1.158667
 9.2 -0.979484
 9.3 -0.703939
 9.4 -0.494229
 9.5 -0.270270
 9.6 0.037235
 9.7 0.256485
 9.8 0.409469
 9.9 0.536676
 10.0 0.673625
 10.1 0.685500
 10.2 0.674519
 10.3 0.765419
 10.4 0.841111
 10.5 0.913741
 10.6 1.061871
 10.7 1.184971
 10.8 1.012611
 10.9 0.880969
 11.0 0.799621
 11.1 0.447148
 11.2 -0.111172
 11.3 -0.566400
 11.4 -0.719760
 11.5 -0.870357
 11.6 -1.084826
 11.7 -1.399706
 11.8 -1.319538
 11.9 -1.298100
 12.0 -1.274600
 12.1 -1.282500
 12.2 0.000000

SER 20
 3.1 0.000000
 3.2 0.000000
 3.3 0.000000
 3.4 0.000000
 3.5 0.000000
 3.6 0.000000
 3.7 1.666667
 3.8 1.588235
 3.9 1.454545
 4.0 1.250000
 4.1 1.148649
 4.2 0.807692
 4.3 0.693548
 4.4 0.485294
 4.5 0.240000
 4.6 0.142857
 4.7 0.089286
 4.8 0.000000
 4.9 0.000000
 5.0 0.000000
 5.1 0.000000
 5.2 0.000000
 5.3 0.000000
 5.4 0.000000
 5.5 0.000000
 5.6 0.000000
 5.7 0.000000
 5.8 0.000000
 5.9 0.000000
 6.0 0.000000
 6.1 0.000000
 6.2 0.052188
 6.3 0.121075
 6.4 0.178929
 6.5 0.206935
 6.6 0.263025
 6.7 0.308697
 6.8 0.346296
 6.9 0.440714
 7.0 0.506148
 7.1 0.551517
 7.2 0.597310
 7.3 0.652720
 7.4 0.666000
 7.5 0.666000
 7.6 0.635818
 7.7 0.592222
 7.8 0.549800
 7.9 0.487231
 8.0 0.417000
 8.1 0.382765
 8.2 0.333778
 8.3 0.262381
 8.4 0.187040
 8.5 0.115615
 8.6 0.072367
 8.7 0.047714
 8.8 0.020242
 8.9 -0.002276
 9.0 -0.016643
 9.1 -0.041233
 9.2 -0.059355
 9.3 -0.017182
 9.4 0.008657
 9.5 0.029892
 9.6 0.077647
 9.7 0.113273
 9.8 0.122750
 9.9 0.157412
 10.0 0.206625
 10.1 0.232667
 10.2 0.251185
 10.3 0.317871
 10.4 0.375185
 10.5 0.434741
 10.6 0.525032
 10.7 0.602229
 10.8 0.580833
 10.9 0.555375
 11.0 0.534552
 11.1 0.411111
 11.2 0.210345
 11.3 0.032000
 11.4 -0.040000
 11.5 -0.121429
 11.6 -0.217391
 11.7 -0.400000
 11.8 -0.400000
 11.9 -0.400000
 12.0 -0.400000
 12.1 -0.400000
 12.2 0.000000

