ATOMS
N -8.901 4.127 -0.555
O -6.634 1.849 -1.758

N -6.379 4.031 -2.228
O -3.391 2.274 -1.760

N -4.354 3.455 -0.111
O -3.291 0.409 1.442

N -5.342 0.925 0.689
O -4.621 -2.334 -0.226

N -4.907 -0.601 -1.645
O -1.986 -2.240 -2.884

N -2.074 -0.459 -1.528
O 0.295 -2.579 -0.004

N -1.600 -1.860 0.967
O -1.144 -5.248 1.742

N -2.753 -4.481 0.360
O -1.719 -7.648 -1.030

N -0.828 -5.607 -1.355
O 2.545 -6.971 -1.194

N 1.185 -6.278 0.464
O 3.496 -5.594 3.208

N 2.172 -4.187 2.055
O 4.710 -2.829 1.551

N 4.871 -2.651 3.794
O 8.139 -3.562 2.601

N 6.463 -4.929 3.205
O 7.025 -7.488 0.697

N 6.637 -5.290 0.434
O 7.082 -4.123 -2.993

N 8.419 -3.920 -1.202
O 9.539 -1.177 -3.267

N 7.956 -1.164 -1.660
O 6.222 0.366 0.076

N 7.156 2.230 -0.780
O 4.586 3.165 -0.624

N 4.710 3.739 1.555
O 3.684 6.256 0.871

N 1.688 5.360 0.336
O -0.124 7.324 1.513

N 1.271 8.822 0.549
O -0.387 10.916 -0.540

EDGES
1 3 3.027974
1 5 4.617784
1 7 4.946395
2 3 2.246564
2 4 3.270730
2 5 3.238865
2 6 4.846571
2 7 2.917336
2 8 4.888423
2 9 2.999633
2 11 5.115991
3 5 2.985647
3 7 4.385373
3 9 4.895109
4 5 2.245291
4 6 3.706889
4 7 3.409370
4 8 5.009962
4 9 3.252246
4 10 4.859382
4 11 3.042631
4 13 5.266324
5 7 2.831439
5 8 5.796295
5 9 4.371510
5 11 4.746123
6 7 2.244965
6 8 3.474935
6 9 3.627826
6 10 5.237796
6 11 3.324968
6 12 4.886559
6 13 2.869402
6 15 5.037089
7 9 2.822314
7 11 4.184539
7 13 4.672908
8 9 2.258018
8 10 3.743932
8 11 3.420239
8 12 4.927105
8 13 3.282433
8 14 4.945093
8 15 2.905586
8 17 5.135564
9 11 2.838968
9 13 4.398167
9 15 4.869717
10 11 2.240188
10 12 3.689483
10 13 3.888907
10 14 5.581837
10 15 4.016703
10 16 5.723204
10 17 3.874983
11 13 2.900431
11 15 4.494671
11 17 5.299467
12 13 2.247405
12 14 3.498971
12 15 3.611150
12 16 5.550102
12 17 3.500730
12 18 5.076245
12 19 3.833239
12 20 5.445509
12 21 3.216873
12 22 4.687510
13 15 2.927029
13 17 4.475229
13 19 5.246709
13 21 4.563623
14 15 2.255459
14 16 3.711416
14 17 3.133711
14 18 5.019716
14 19 2.849285
14 20 4.878368
14 21 3.495647
15 17 2.813312
15 19 4.329881
15 21 5.216808
16 17 2.250597
16 18 4.320523
16 19 3.541490
17 19 2.794847
17 21 4.758624
18 19 2.253622
18 20 4.709367
18 21 4.294856
18 22 5.420186
18 26 4.890150
18 27 4.713874
18 28 5.650829
19 21 2.806730
19 22 5.050029
19 27 5.540880
20 21 2.249896
20 22 3.444513
20 23 3.300798
20 24 5.104402
20 25 3.040612
20 26 4.727177
20 27 4.201592
21 23 3.559216
21 25 4.503970
21 27 4.876523
22 23 2.255805
22 24 3.660305
22 25 3.196674
22 26 5.272079
22 27 3.319268
22 28 5.286658
22 29 4.746153
22 31 4.859965
22 32 3.830117
23 25 2.840892
23 27 4.623059
23 32 4.975039
24 25 2.245547
24 26 4.503297
24 27 3.152440
24 28 5.720560
24 29 3.830062
24 31 4.892853
24 32 5.047742
25 27 2.799828
25 29 4.926019
26 27 2.247425
26 28 4.994254
26 29 4.275519
27 29 2.780094
27 31 4.811286
27 32 5.682493
28 29 2.244206
28 30 3.845886
28 31 3.361019
28 32 5.505405
29 31 2.831902
29 32 4.982960
30 31 2.255772
30 32 4.955702
30 33 4.844740
31 33 3.596336
31 34 5.583049
32 33 2.253794
32 34 3.316760
32 35 3.981296
33 35 3.703002
33 36 5.566800
34 35 2.256744
34 36 3.550058
34 37 3.760057
35 37 3.639517
36 37 2.252345
36 38 4.006701
36 39 3.537034
37 39 3.493523
38 39 2.262593
38 40 4.145653

RESIDUES
ASN 1
 2.0 1.833333
 2.1 1.642857
 2.2 1.642857
 2.3 1.653846
 2.4 1.642857
 2.5 1.500000
 2.6 1.500000
 2.7 1.437500
 2.8 1.230095
 2.9 1.189318
 3.0 1.064000
 3.1 0.712091
 3.2 0.539667
 3.3 0.520875
 3.4 0.523857
 3.5 0.538967
 3.6 0.506185
 3.7 0.500000
 3.8 0.500000
 3.9 0.500000
 4.0 0.500000
 4.1 0.500000
 4.2 0.520538
 4.3 0.552500
 4.4 0.547000
 4.5 0.522600
 4.6 0.510100
 4.7 0.433871
 4.8 0.376389
 4.9 0.357649
 5.0 0.336265
 5.1 0.320088
 5.2 0.294000
 5.3 0.300000
 5.4 0.300000
 5.5 0.300000
 5.6 0.301308
 5.7 0.301545
 5.8 0.302125
 5.9 0.303400
 6.0 0.000000

LEU 2
 2.0 1.500000
 2.1 1.214286
 2.2 1.214286
 2.3 1.230769
 2.4 1.214286
 2.5 1.000000
 2.6 1.000000
 2.7 1.000000
 2.8 0.785714
 2.9 0.727273
 3.0 0.551269
 3.1 0.090773
 3.2 -0.174810
 3.3 -0.229458
 3.4 -0.208643
 3.5 -0.172567
 3.6 -0.167000
 3.7 -0.167000
 3.8 -0.167000
 3.9 -0.167000
 4.0 -0.161500
 4.1 -0.150500
 4.2 -0.149077
 4.3 -0.154929
 4.4 -0.117813
 4.5 -0.034200
 4.6 0.030850
 4.7 0.052161
 4.8 0.095417
 4.9 0.105027
 5.0 0.100618
 5.1 0.097765
 5.2 0.142000
 5.3 0.158688
 5.4 0.164800
 5.5 0.167000
 5.6 0.168308
 5.7 0.168545
 5.8 0.169125
 5.9 0.170400
 6.0 0.000000

TYR 3
 2.0 1.333333
 2.1 1.142857
 2.2 1.142857
 2.3 1.153846
 2.4 1.142857
 2.5 1.000000
 2.6 0.772727
 2.7 0.531250
 2.8 0.285714
 2.9 0.250000
 3.0 0.141038
 3.1 -0.242409
 3.2 -0.273905
 3.3 -0.191167
 3.4 -0.157964
 3.5 -0.069733
 3.6 -0.046667
 3.7 -0.021167
 3.8 0.035381
 3.9 0.083000
 4.0 0.088500
 4.1 0.099500
 4.2 0.109846
 4.3 0.136786
 4.4 0.128125
 4.5 0.103400
 4.6 0.077700
 4.7 0.003903
 4.8 -0.002694
 4.9 -0.002243
 5.0 -0.002971
 5.1 0.006265
 5.2 0.062636
 5.3 0.066125
 5.4 0.068267
 5.5 0.066000
 5.6 0.063462
 5.7 0.063000
 5.8 0.061875
 5.9 0.059400
 6.0 0.000000

ILE 4
 2.0 1.666667
 2.1 1.500000
 2.2 1.500000
 2.3 1.500000
 2.4 1.500000
 2.5 1.388889
 2.6 0.500000
 2.7 0.187500
 2.8 -0.031810
 2.9 -0.060682
 3.0 -0.141115
 3.1 -0.560682
 3.2 -0.547667
 3.3 -0.465042
 3.4 -0.419357
 3.5 -0.310867
 3.6 -0.240593
 3.7 -0.187417
 3.8 -0.091381
 3.9 -0.010750
 4.0 -0.015667
 4.1 0.023333
 4.2 0.033077
 4.3 0.036643
 4.4 0.036250
 4.5 0.027400
 4.6 0.029250
 4.7 0.038839
 4.8 0.014500
 4.9 0.005568
 5.0 -0.000794
 5.1 -0.013059
 5.2 -0.055864
 5.3 -0.053938
 5.4 -0.054200
 5.5 -0.046625
 5.6 -0.043385
 5.7 -0.042182
 5.8 -0.039250
 5.9 -0.039600
 6.0 0.000000

GLN 5
 2.0 1.500000
 2.1 1.428571
 2.2 1.428571
 2.3 1.423077
 2.4 1.428571
 2.5 1.388889
 2.6 0.590909
 2.7 0.406250
 2.8 0.277714
 2.9 0.257500
 3.0 0.192192
 3.1 -0.083455
 3.2 -0.043762
 3.3 0.128542
 3.4 0.208464
 3.5 0.244633
 3.6 0.259407
 3.7 0.218917
 3.8 0.123143
 3.9 -0.026000
 4.0 -0.098667
 4.1 -0.032000
 4.2 -0.005308
 4.3 0.004500
 4.4 0.003937
 4.5 0.011700
 4.6 0.020150
 4.7 -0.016548
 4.8 -0.015083
 4.9 -0.011486
 5.0 -0.015559
 5.1 -0.016059
 5.2 0.028955
 5.3 0.059375
 5.4 0.067667
 5.5 0.064500
 5.6 0.058846
 5.7 0.054455
 5.8 0.043750
 5.9 0.033400
 6.0 0.000000

TRP 6
 2.0 1.333333
 2.1 1.142857
 2.2 1.142857
 2.3 1.153846
 2.4 1.142857
 2.5 1.000000
 2.6 0.863636
 2.7 0.625000
 2.8 0.452381
 2.9 0.409091
 3.0 0.230769
 3.1 -0.378864
 3.2 -0.563571
 3.3 -0.729083
 3.4 -0.737929
 3.5 -0.769233
 3.6 -0.774296
 3.7 -0.718333
 3.8 -0.610762
 3.9 -0.520562
 4.0 -0.265000
 4.1 -0.084583
 4.2 -0.079385
 4.3 -0.100071
 4.4 -0.035500
 4.5 -0.057400
 4.6 -0.129050
 4.7 -0.169452
 4.8 -0.196361
 4.9 -0.217649
 5.0 -0.222765
 5.1 -0.182676
 5.2 -0.154773
 5.3 -0.091875
 5.4 -0.093533
 5.5 -0.075187
 5.6 -0.048769
 5.7 -0.045545
 5.8 -0.041750
 5.9 -0.033400
 6.0 0.000000

LEU 7
 2.0 1.833333
 2.1 1.464286
 2.2 1.464286
 2.3 1.461538
 2.4 1.464286
 2.5 1.222222
 2.6 0.954545
 2.7 0.500000
 2.8 0.142857
 2.9 0.098500
 3.0 -0.044808
 3.1 -0.818045
 3.2 -0.833095
 3.3 -0.624833
 3.4 -0.505786
 3.5 -0.333133
 3.6 -0.135556
 3.7 -0.055333
 3.8 0.047952
 3.9 0.078500
 4.0 0.035000
 4.1 0.037583
 4.2 0.032000
 4.3 -0.006214
 4.4 -0.042938
 4.5 -0.109350
 4.6 -0.137600
 4.7 -0.120903
 4.8 -0.151194
 4.9 -0.145757
 5.0 -0.119912
 5.1 -0.113647
 5.2 -0.137136
 5.3 -0.079313
 5.4 -0.062333
 5.5 -0.065625
 5.6 -0.060077
 5.7 -0.061909
 5.8 -0.070625
 5.9 -0.069800
 6.0 0.000000

LYS 8
 2.0 2.000000
 2.1 1.535714
 2.2 1.535714
 2.3 1.500000
 2.4 1.535714
 2.5 1.277778
 2.6 0.681818
 2.7 0.500000
 2.8 0.261905
 2.9 0.242409
 3.0 0.179423
 3.1 -0.106091
 3.2 -0.103143
 3.3 0.055667
 3.4 0.080464
 3.5 0.141833
 3.6 0.163778
 3.7 0.170333
 3.8 0.174762
 3.9 0.198125
 4.0 0.194667
 4.1 0.190333
 4.2 0.157615
 4.3 0.112786
 4.4 0.086062
 4.5 0.048650
 4.6 0.021050
 4.7 0.006903
 4.8 0.032861
 4.9 0.047838
 5.0 0.061529
 5.1 0.077794
 5.2 0.140318
 5.3 0.155500
 5.4 0.155800
 5.5 0.158562
 5.6 0.156692
 5.7 0.154818
 5.8 0.152375
 5.9 0.147000
 6.0 0.000000

ASP 9
 2.0 2.000000
 2.1 1.500000
 2.2 1.500000
 2.3 1.461538
 2.4 1.500000
 2.5 1.222222
 2.6 0.227273
 2.7 0.156250
 2.8 0.119048
 2.9 0.121227
 3.0 0.128269
 3.1 0.091091
 3.2 0.127238
 3.3 0.166917
 3.4 0.205571
 3.5 0.258533
 3.6 0.324185
 3.7 0.357750
 3.8 0.440571
 3.9 0.468875
 4.0 0.486167
 4.1 0.405667
 4.2 0.356462
 4.3 0.278571
 4.4 0.240625
 4.5 0.129050
 4.6 0.039050
 4.7 -0.051065
 4.8 -0.088806
 4.9 -0.111108
 5.0 -0.125735
 5.1 -0.124706
 5.2 -0.104182
 5.3 -0.099625
 5.4 -0.096467
 5.5 -0.107063
 5.6 -0.099846
 5.7 -0.134727
 5.8 -0.145750
 5.9 -0.169800
 6.0 0.000000

GLY 10
 2.0 1.916667
 2.1 1.464286
 2.2 1.464286
 2.3 1.461538
 2.4 1.464286
 2.5 1.166667
 2.6 0.136364
 2.7 -0.062500
 2.8 -0.214286
 2.9 -0.234864
 3.0 -0.301346
 3.1 -0.666909
 3.2 -0.742429
 3.3 -0.739875
 3.4 -0.684821
 3.5 -0.628100
 3.6 -0.549704
 3.7 -0.472542
 3.8 -0.389381
 3.9 -0.354750
 4.0 -0.340917
 4.1 -0.233750
 4.2 -0.118231
 4.3 0.024857
 4.4 0.097812
 4.5 0.210850
 4.6 0.283350
 4.7 0.209613
 4.8 0.154611
 4.9 0.111189
 5.0 0.053794
 5.1 -0.002029
 5.2 -0.066682
 5.3 -0.083500
 5.4 -0.047933
 5.5 -0.016937
 5.6 0.018692
 5.7 0.019091
 5.8 0.016000
 5.9 0.016000
 6.0 0.000000

GLY 11
 2.0 1.916667
 2.1 1.535714
 2.2 1.535714
 2.3 1.538462
 2.4 1.535714
 2.5 1.277778
 2.6 0.636364
 2.7 0.593750
 2.8 0.571429
 2.9 0.568182
 3.0 0.499962
 3.1 0.204455
 3.2 0.027714
 3.3 -0.191083
 3.4 -0.256107
 3.5 -0.355667
 3.6 -0.463074
 3.7 -0.527958
 3.8 -0.631143
 3.9 -0.739750
 4.0 -0.882250
 4.1 -0.923917
 4.2 -0.942538
 4.3 -0.970429
 4.4 -1.024063
 4.5 -1.159100
 4.6 -1.254200
 4.7 -1.264548
 4.8 -1.126000
 4.9 -1.060892
 5.0 -0.955559
 5.1 -0.856971
 5.2 -0.562273
 5.3 -0.419875
 5.4 -0.259067
 5.5 -0.126187
 5.6 0.022923
 5.7 0.058909
 5.8 0.051875
 5.9 0.003200
 6.0 0.000000

PRO 12
 2.0 1.750000
 2.1 1.464286
 2.2 1.464286
 2.3 1.461538
 2.4 1.464286
 2.5 1.277778
 2.6 0.909091
 2.7 0.781250
 2.8 0.714286
 2.9 0.704545
 3.0 0.685808
 3.1 0.537682
 3.2 0.543429
 3.3 0.565667
 3.4 0.541286
 3.5 0.494100
 3.6 0.431704
 3.7 0.388417
 3.8 0.301048
 3.9 0.239063
 4.0 0.179917
 4.1 0.166000
 4.2 0.166000
 4.3 0.160143
 4.4 0.157938
 4.5 0.149000
 4.6 0.155800
 4.7 0.181194
 4.8 0.152333
 4.9 0.135108
 5.0 0.123941
 5.1 0.098912
 5.2 0.015000
 5.3 -0.010625
 5.4 -0.012467
 5.5 0.008125
 5.6 0.022923
 5.7 0.030182
 5.8 0.047875
 5.9 0.086800
 6.0 0.000000

SER 13
 2.0 1.583333
 2.1 1.250000
 2.2 1.250000
 2.3 1.269231
 2.4 1.250000
 2.5 1.000000
 2.6 0.500000
 2.7 0.343750
 2.8 0.214286
 2.9 0.181818
 3.0 0.109000
 3.1 -0.136318
 3.2 -0.075381
 3.3 0.114708
 3.4 0.190643
 3.5 0.316800
 3.6 0.438407
 3.7 0.458500
 3.8 0.476286
 3.9 0.500000
 4.0 0.506917
 4.1 0.478917
 4.2 0.461154
 4.3 0.422143
 4.4 0.387062
 4.5 0.323700
 4.6 0.263700
 4.7 0.169129
 4.8 0.082750
 4.9 0.052622
 5.0 0.014235
 5.1 0.000088
 5.2 -0.049091
 5.3 -0.001875
 5.4 0.028000
 5.5 0.074063
 5.6 0.106538
 5.7 0.113727
 5.8 0.131250
 5.9 0.169800
 6.0 0.000000

SER 14
 2.0 1.416667
 2.1 1.178571
 2.2 1.178571
 2.3 1.192308
 2.4 1.178571
 2.5 1.000000
 2.6 0.090909
 2.7 0.062500
 2.8 0.047619
 2.9 0.045455
 3.0 0.012769
 3.1 -0.098591
 3.2 -0.198524
 3.3 -0.340375
 3.4 -0.381036
 3.5 -0.416767
 3.6 -0.438407
 3.7 -0.409875
 3.8 -0.361286
 3.9 -0.302313
 4.0 -0.243167
 4.1 -0.173583
 4.2 -0.121769
 4.3 -0.047500
 4.4 -0.013312
 4.5 0.041150
 4.6 0.072900
 4.7 0.176258
 4.8 0.215278
 4.9 0.209865
 5.0 0.215059
 5.1 0.194882
 5.2 0.120636
 5.3 0.062563
 5.4 0.105667
 5.5 0.153250
 5.6 0.210462
 5.7 0.245636
 5.8 0.237625
 5.9 0.220000
 6.0 0.000000

GLY 15
 2.0 1.583333
 2.1 1.392857
 2.2 1.392857
 2.3 1.384615
 2.4 1.392857
 2.5 1.277778
 2.6 0.318182
 2.7 0.218750
 2.8 0.166667
 2.9 0.159091
 3.0 0.134615
 3.1 0.000000
 3.2 0.063429
 3.3 0.166500
 3.4 0.202179
 3.5 0.255300
 3.6 0.308370
 3.7 0.277542
 3.8 0.222048
 3.9 0.166563
 4.0 0.055583
 4.1 -0.055667
 4.2 -0.089923
 4.3 -0.119357
 4.4 -0.120188
 4.5 -0.125500
 4.6 -0.092150
 4.7 -0.008129
 4.8 0.009750
 4.9 0.032514
 5.0 0.065882
 5.1 0.076706
 5.2 0.070545
 5.3 0.171875
 5.4 0.229933
 5.5 0.293625
 5.6 0.363923
 5.7 0.427000
 5.8 0.424750
 5.9 0.419800
 6.0 0.000000

ARG 16
 2.0 2.000000
 2.1 1.642857
 2.2 1.642857
 2.3 1.615385
 2.4 1.642857
 2.5 1.444444
 2.6 0.818182
 2.7 0.718750
 2.8 0.666667
 2.9 0.659091
 3.0 0.634615
 3.1 0.431818
 3.2 0.301524
 3.3 0.104000
 3.4 -0.029964
 3.5 -0.228033
 3.6 -0.469444
 3.7 -0.562750
 3.8 -0.690571
 3.9 -0.760375
 4.0 -0.791333
 4.1 -0.693833
 4.2 -0.666000
 4.3 -0.666000
 4.4 -0.666000
 4.5 -0.666000
 4.6 -0.657750
 4.7 -0.630194
 4.8 -0.742722
 4.9 -0.800216
 5.0 -0.860676
 5.1 -0.925471
 5.2 -1.152500
 5.3 -1.133813
 5.4 -1.095000
 5.5 -1.129625
 5.6 -1.127308
 5.7 -1.126091
 5.8 -1.216875
 5.9 -1.316600
 6.0 0.000000

PRO 17
 2.0 2.000000
 2.1 1.678571
 2.2 1.678571
 2.3 1.653846
 2.4 1.678571
 2.5 1.500000
 2.6 1.000000
 2.7 1.000000
 2.8 1.000000
 2.9 1.000000
 3.0 1.000000
 3.1 0.931818
 3.2 0.833333
 3.3 0.666667
 3.4 0.464286
 3.5 0.133333
 3.6 -0.178963
 3.7 -0.354083
 3.8 -0.595190
 3.9 -0.666625
 4.0 -0.500000
 4.1 -0.278000
 4.2 -0.167000
 4.3 -0.167000
 4.4 -0.167000
 4.5 -0.167000
 4.6 -0.183600
 4.7 -0.252677
 4.8 -0.199028
 4.9 -0.180108
 5.0 -0.166529
 5.1 -0.137118
 5.2 0.000000
 5.3 0.000000
 5.4 -0.133333
 5.5 -0.375000
 5.6 -0.538462
 5.7 -0.636364
 5.8 -0.875000
 5.9 -1.000000
 6.0 0.000000

PRO 18
 2.0 2.000000
 2.1 1.642857
 2.2 1.642857
 2.3 1.615385
 2.4 1.642857
 2.5 1.444444
 2.6 1.000000
 2.7 1.000000
 2.8 1.000000
 2.9 1.000000
 3.0 1.000000
 3.1 1.000000
 3.2 1.000000
 3.3 0.958292
 3.4 0.827286
 3.5 0.538733
 3.6 0.339333
 3.7 0.201208
 3.8 -0.063667
 3.9 -0.177188
 4.0 0.013917
 4.1 0.013917
 4.2 0.012846
 4.3 0.000000
 4.4 0.000000
 4.5 0.000000
 4.6 0.000000
 4.7 0.000000
 4.8 0.000000
 4.9 0.000000
 5.0 0.000000
 5.1 0.000000
 5.2 0.000000
 5.3 0.000000
 5.4 -0.100000
 5.5 -0.218750
 5.6 -0.307692
 5.7 -0.363636
 5.8 -0.500000
 5.9 -0.500000
 6.0 0.000000

PRO 19
 2.0 2.000000
 2.1 1.714286
 2.2 1.714286
 2.3 1.692308
 2.4 1.714286
 2.5 1.555556
 2.6 1.000000
 2.7 1.000000
 2.8 1.000000
 2.9 1.000000
 3.0 1.000000
 3.1 1.000000
 3.2 1.000000
 3.3 0.895792
 3.4 0.863000
 3.5 0.738733
 3.6 0.635630
 3.7 0.555375
 3.8 0.507714
 3.9 0.374813
 4.0 0.305417
 4.1 0.083083
 4.2 -0.038769
 4.3 -0.167000
 4.4 -0.167000
 4.5 -0.167000
 4.6 -0.167000
 4.7 -0.167000
 4.8 -0.167000
 4.9 -0.167000
 5.0 -0.167000
 5.1 -0.167000
 5.2 -0.167000
 5.3 -0.167000
 5.4 -0.167000
 5.5 -0.167000
 5.6 -0.167000
 5.7 -0.167000
 5.8 -0.167000
 5.9 -0.167000
 6.0 0.000000

SER 20
 2.0 2.000000
 2.1 1.964286
 2.2 1.964286
 2.3 1.961538
 2.4 1.964286
 2.5 1.944444
 2.6 1.500000
 2.7 1.500000
 2.8 1.500000
 2.9 1.500000
 3.0 1.500000
 3.1 1.500000
 3.2 1.500000
 3.3 1.333292
 3.4 1.238000
 3.5 1.122067
 3.6 0.981259
 3.7 0.888625
 3.8 0.864810
 3.9 0.864375
 4.0 0.847167
 4.1 0.791833
 4.2 0.756692
 4.3 0.667000
 4.4 0.667000
 4.5 0.667000
 4.6 0.667000
 4.7 0.667000
 4.8 0.667000
 4.9 0.667000
 5.0 0.667000
 5.1 0.667000
 5.2 0.667000
 5.3 0.667000
 5.4 0.667000
 5.5 0.667000
 5.6 0.667000
 5.7 0.667000
 5.8 0.667000
 5.9 0.667000
 6.0 0.000000

