ATOMS
CA -8.608 3.135 -1.618
HA -8.930 2.162 -1.239

CA -4.923 4.002 -2.452
HA -4.750 3.494 -3.403

CA -3.690 2.738 0.981
HA -2.615 2.768 0.796

CA -5.857 -0.449 0.613
HA -5.670 -0.941 1.568

CA -4.122 -1.167 -2.743
HA -4.517 -2.162 -2.940

CA -0.716 -0.631 -0.993
HA -0.052 -0.908 -1.813

CA -1.641 -2.932 1.963
HA -0.666 -2.978 2.445

CA -3.024 -5.791 -0.269
HA -3.309 -6.478 0.529

CA 0.466 -6.016 -1.905
HA 0.319 -6.867 -2.574

CA 2.060 -6.618 1.593

CA 2.626 -2.967 2.723

CA 6.333 -2.533 3.806
HA 6.611 -1.626 3.267

CA 7.049 -6.179 2.704
HA 8.121 -6.159 2.903

CA 6.389 -5.315 -1.015
HA 6.562 -6.329 -1.378

CA 9.451 -3.116 -1.870

CA 7.289 0.084 -2.054
HA 8.009 0.663 -2.630

CA 6.782 3.088 0.345
HA 7.107 2.628 1.279

CA 3.287 4.031 1.686
HA 2.719 3.181 1.316

CA 1.185 6.543 -0.353
HA 1.961 6.966 -0.991

CA 0.852 10.027 1.285
HA 0.601 9.760 2.310

EDGES
1 2 1.092728
1 3 3.876399
1 4 4.266060
1 5 5.576660
1 6 6.471332
1 7 5.038891
1 8 5.949472
1 9 6.316409
1 10 6.822182
1 11 8.766815
1 12 9.465147
1 13 9.908135
1 14 10.814440
1 15 10.614817
1 16 11.184757
1 33 11.700915
1 34 10.445934
1 35 11.259372
2 3 4.573075
2 4 4.891781
2 5 5.719945
2 6 6.662408
2 7 4.437404
2 8 5.304287
2 9 6.038304
2 10 6.408194
2 11 8.679353
2 12 9.411337
2 13 9.451516
2 14 10.406015
2 15 9.953489
2 16 10.458062
2 33 11.969360
2 34 11.058543
2 35 11.906041
3 4 1.091968
3 5 3.860502
3 6 4.171226
3 7 5.484340
3 8 6.414956
3 9 5.238783
3 10 6.196602
3 11 6.425902
3 12 6.945723
3 13 8.851221
3 14 9.530113
3 15 10.211491
3 16 11.014616
3 17 11.388628
3 20 11.503694
3 32 9.193910
3 33 8.559908
3 34 6.940472
3 35 7.636051
3 36 9.144201
3 37 9.292243
4 5 4.573247
4 6 4.766225
4 7 5.735935
4 8 6.725063
4 9 4.749200
4 10 5.679700
4 11 6.252750
4 12 6.631509
4 13 8.930471
4 14 9.631456
4 15 9.950490
4 16 10.815632
4 17 10.949464
4 18 11.564269
4 20 11.561910
4 32 9.527836
4 33 8.840412
4 34 7.336425
4 35 7.931586
4 36 9.799992
4 37 10.026681
5 6 1.091215
5 7 3.871470
5 8 4.219006
5 9 5.413301
5 10 6.329942
5 11 4.908311
5 12 5.859590
5 13 6.108324
5 14 6.630274
5 15 8.645802
5 16 9.234940
5 17 10.111076
5 18 10.998460
5 19 10.998717
5 20 8.687545
5 21 11.671529
5 22 11.418445
5 28 11.695870
5 30 10.497132
5 31 10.801672
5 32 7.130736
5 33 6.433021
5 34 6.326390
5 35 7.327931
5 36 8.593701
5 37 8.335911
6 7 4.570902
6 8 4.866795
6 9 5.502708
6 10 6.471491
6 11 4.284848
6 12 5.185444
6 13 5.899200
6 14 6.287632
6 15 8.634697
6 16 9.275853
6 17 9.692606
6 18 10.620663
6 19 10.516075
6 20 8.004476
6 21 10.827161
6 22 10.513427
6 28 10.649675
6 29 11.359484
6 30 9.413257
6 31 9.734997
6 32 6.100891
6 33 5.375177
6 34 5.478214
6 35 6.461915
6 36 8.059298
6 37 7.843655
7 8 1.090439
7 9 3.845580
7 10 4.165787
7 11 5.389085
7 12 6.308263
7 13 5.075672
7 14 6.057932
7 15 6.110710
7 16 6.545854
7 17 8.792732
7 18 9.459951
7 19 10.084436
7 20 9.096907
7 32 10.238870
7 33 9.339105
7 34 9.970506
7 35 10.893859
8 9 4.586077
8 10 4.810646
8 11 5.585422
8 12 6.556994
8 13 4.511424
8 14 5.473437
8 15 5.822232
8 16 6.108372
8 17 8.687223
8 18 9.388384
8 19 9.590717
8 20 8.617559
8 32 10.245124
8 33 9.350386
8 34 10.329159
8 35 11.282787
9 10 1.088512
9 11 3.866605
9 12 4.182927
9 13 5.605089
9 14 6.491456
9 15 5.357953
9 16 6.290761
9 17 6.727911
9 18 7.227796
9 19 9.312971
9 20 8.868633
9 25 11.431230
9 26 11.943924
9 28 11.500028
9 32 10.076136
9 33 9.065311
9 34 9.660251
9 35 10.306216
10 11 4.536780
10 12 4.772721
10 13 5.736173
10 14 6.670403
10 15 4.746886
10 16 5.667546
10 17 6.383951
10 18 6.757061
10 19 9.146636
10 20 9.150959
10 25 11.514681
10 26 11.939346
10 32 10.984332
10 33 9.950924
10 34 10.722985
10 35 11.361491
11 12 1.090883
11 13 3.858518
11 14 4.163022
11 15 5.698828
11 16 6.574766
11 17 5.588121
11 18 6.516017
11 19 7.087859
11 20 5.516749
11 21 8.737071
11 22 8.533613
11 23 10.234419
11 24 11.127900
11 25 8.510074
11 26 9.251201
11 27 10.502964
11 28 8.106600
11 29 8.971055
11 30 8.475919
11 31 8.773961
11 32 6.703379
11 33 5.626904
11 34 7.449139
11 35 8.054858
11 36 11.010943
11 37 10.982585
12 13 4.569428
12 14 4.774145
12 15 5.921183
12 16 6.864249
12 17 5.135022
12 18 6.018841
12 19 6.976065
12 20 5.655657
12 21 8.659215
12 22 8.409369
12 23 9.930304
12 24 10.798684
12 25 7.845058
12 26 8.562795
12 27 9.756307
12 28 7.411641
12 29 8.253196
12 30 8.205397
12 31 8.562420
12 32 6.912716
12 33 5.847136
12 34 7.692800
12 35 8.168704
12 36 11.401274
12 37 11.455643
13 14 1.088607
13 15 3.881803
13 16 4.172852
13 17 5.376981
13 18 6.317452
13 19 5.236497
13 20 4.334295
13 21 8.193932
13 22 8.455859
13 23 9.306352
13 24 10.324426
13 25 8.889774
13 26 9.486364
13 27 11.737044
13 28 10.245850
13 29 11.275734
13 30 10.478800
13 31 10.387924
13 32 8.534945
13 33 7.536377
13 34 10.155085
13 35 10.939421
14 15 4.564968
14 16 4.786074
14 17 5.425253
14 18 6.425333
14 19 4.626725
14 20 3.303736
14 21 7.143973
14 22 7.447034
14 23 8.356716
14 24 9.356276
14 25 8.197938
14 26 8.836771
14 27 10.999634
14 28 9.638406
14 29 10.689627
14 30 9.832551
14 31 9.654342
14 32 8.082597
14 33 7.118016
14 34 10.094773
14 35 10.843909
15 16 1.090870
15 17 3.860987
15 18 4.200768
15 19 5.477046
15 20 6.989245
15 21 10.713246
15 22 11.076269
15 23 10.509738
15 24 11.593448
15 25 9.454505
15 26 9.664922
15 32 11.837332
15 33 10.769914
16 17 4.515354
16 18 4.789814
16 19 5.475204
16 20 7.236365
16 21 10.921077
16 22 11.377388
16 23 10.588116
16 24 11.678293
16 25 9.888767
16 26 10.054625
16 33 11.412819
17 18 1.092415
17 19 3.890918
17 20 5.948141
17 21 8.897668
17 22 9.153290
17 23 8.037745
17 24 9.040815
17 25 6.030376
17 26 6.126738
17 27 9.441475
17 28 9.153444
17 29 10.101065
17 30 11.306510
17 31 11.356032
17 32 11.036101
17 33 10.001783
18 19 4.522938
18 20 6.970686
18 21 9.780396
18 22 10.058560
18 23 8.580415
18 24 9.558765
18 25 6.456321
18 26 6.379256
18 27 9.897426
18 28 9.857368
18 29 10.762906
18 33 11.038768
19 20 3.863555
19 21 6.312141
19 22 6.959450
19 23 5.130026
19 24 6.217918
19 25 5.219168
19 26 5.401700
19 27 8.881625
19 28 9.249857
19 29 10.307148
19 30 10.865598
19 31 10.538469
19 32 10.719859
19 33 9.825040
20 21 3.886270
20 22 4.239628
20 23 5.466282
20 24 6.357381
20 25 5.800510
20 26 6.604040
20 27 8.227908
20 28 7.339748
20 29 8.414761
20 30 7.719472
20 31 7.312217
20 32 7.105230
20 33 6.307630
20 34 10.098433
20 35 10.625465
21 22 1.091079
21 23 3.875613
21 24 4.142491
21 25 5.566390
21 26 6.429301
21 27 6.502214
21 28 6.488623
21 29 7.378719
21 30 6.616325
21 31 5.798338
21 32 7.540465
21 33 7.204921
21 34 11.232674
21 35 11.504634
22 23 4.608538
22 24 4.791731
22 25 5.656282
22 26 6.610343
22 27 6.055945
22 28 5.629993
22 29 6.478313
22 30 5.548795
22 31 4.721724
22 32 6.749088
22 33 6.485469
22 34 10.453633
22 35 10.657182
23 24 1.090498
23 25 3.874669
23 26 4.113684
23 27 6.006084
23 28 7.869011
23 29 8.728466
23 30 9.566267
23 31 8.921728
23 32 10.928544
23 33 10.406010
24 25 4.366106
24 26 4.559204
24 27 5.814661
24 28 8.014931
24 29 8.784436
24 30 9.687275
24 31 8.993161
24 32 11.343930
24 33 10.905768
25 26 1.090823
25 27 3.865549
25 28 5.571241
25 29 6.400712
25 30 8.521412
25 31 8.298747
25 32 10.211049
25 33 9.543819
26 27 4.348765
26 28 6.489382
26 29 7.249095
26 30 9.575856
26 31 9.358660
26 32 11.289080
26 33 10.605017
27 28 3.866277
27 29 4.115556
27 30 7.107700
27 31 6.957304
27 32 10.085616
27 33 9.753083
28 29 1.088769
28 30 3.877662
28 31 4.196898
28 32 6.751475
28 33 6.467860
28 34 9.048254
28 35 8.768094
29 30 4.029489
29 31 4.467114
29 32 7.229700
29 33 7.063663
29 34 9.291184
29 35 8.887769
30 31 1.090679
30 32 3.860383
30 33 4.178452
30 34 6.614427
30 35 6.329757
30 36 9.175959
30 37 9.304922
31 32 4.089799
31 33 4.422864
31 34 7.284280
31 35 7.102990
31 36 9.688667
31 37 9.708575
32 33 1.087209
32 34 3.858247
32 35 4.187939
32 36 6.483983
32 37 6.358098
33 34 4.054844
33 35 4.497003
33 36 7.096081
33 37 6.982636
34 35 1.090022
34 36 3.864219
34 37 4.216837
35 36 3.972377
35 37 4.533502
36 37 1.088538

RESIDUES
ASN 1
 0.9 1.833333
 1.0 1.833333
 1.1 1.833333
 1.2 1.833333
 3.1 0.000000
 3.2 0.000000
 3.3 0.000000
 3.4 0.000000
 3.5 0.000000
 3.6 0.000000
 3.7 0.833333
 3.8 0.794118
 3.9 0.727273
 4.0 0.647059
 4.1 0.603568
 4.2 0.435808
 4.3 0.295548
 4.4 0.176294
 4.5 -0.000240
 4.6 -0.047786
 4.7 -0.065607
 4.8 -0.022818
 4.9 0.039059
 5.0 0.073778
 5.1 0.110667
 5.2 0.083000
 5.3 0.076250
 5.4 0.092000
 5.5 0.101258
 5.6 0.125400
 5.7 0.170394
 5.8 0.210393
 5.9 0.229192
 6.0 0.240545
 6.1 0.234308
 6.2 0.227813
 6.3 0.222900
 6.4 0.218857
 6.5 0.216391
 6.6 0.213000
 6.7 0.208727
 6.8 0.204667
 6.9 0.201643
 7.0 0.200593
 7.1 0.200000
 7.2 0.200000
 7.3 0.200000
 7.4 0.200000
 7.5 0.200000
 7.6 0.200000
 7.7 0.200000
 7.8 0.200000
 7.9 0.200000
 8.0 0.200000
 8.1 0.200000
 8.2 0.200000
 8.3 0.200000
 8.4 0.200000
 8.5 0.197885
 8.6 0.193967
 8.7 0.190714
 8.8 0.187970
 8.9 0.183828
 9.0 0.182000
 9.1 0.182000
 9.2 0.181129
 9.3 0.176152
 9.4 0.172543
 9.5 0.168081
 9.6 0.162794
 9.7 0.159242
 9.8 0.156594
 9.9 0.153441
 10.0 0.150969
 10.1 0.148967
 10.2 0.146444
 10.3 0.141097
 10.4 0.136593
 10.5 0.131370
 10.6 0.127161
 10.7 0.124914
 10.8 0.123306
 10.9 0.122500
 11.0 0.121759
 11.1 0.118593
 11.2 0.115345
 11.3 0.111960
 11.4 0.111000
 11.5 0.110429
 11.6 0.110522
 11.7 0.109412
 11.8 0.108231
 11.9 0.107400
 12.0 0.105000
 12.1 0.104250
 12.2 0.000000

LEU 2
 0.9 1.666667
 1.0 1.666667
 1.1 1.666667
 1.2 1.666667
 3.1 0.000000
 3.2 0.000000
 3.3 0.000000
 3.4 0.000000
 3.5 0.000000
 3.6 0.000000
 3.7 0.466667
 3.8 0.411765
 3.9 0.318182
 4.0 0.156765
 4.1 0.117027
 4.2 -0.064231
 4.3 -0.053871
 4.4 -0.049118
 4.5 -0.020000
 4.6 -0.142857
 4.7 -0.196429
 4.8 -0.272727
 4.9 -0.441176
 5.0 -0.490778
 5.1 -0.472333
 5.2 -0.385625
 5.3 -0.227042
 5.4 -0.079897
 5.5 0.001065
 5.6 0.022343
 5.7 0.096939
 5.8 0.119429
 5.9 0.092846
 6.0 0.095364
 6.1 0.103038
 6.2 0.120438
 6.3 0.136025
 6.4 0.144405
 6.5 0.147457
 6.6 0.156225
 6.7 0.155061
 6.8 0.132074
 6.9 0.101536
 7.0 0.083704
 7.1 0.072379
 7.2 0.064655
 7.3 0.065640
 7.4 0.063059
 7.5 0.060071
 7.6 0.058545
 7.7 0.055333
 7.8 0.043800
 7.9 0.047692
 8.0 0.052875
 8.1 0.055294
 8.2 0.058333
 8.3 0.063714
 8.4 0.060240
 8.5 0.057462
 8.6 0.056400
 8.7 0.053286
 8.8 0.049606
 8.9 0.048448
 9.0 0.043321
 9.1 0.032300
 9.2 0.025613
 9.3 0.023909
 9.4 0.021571
 9.5 0.021541
 9.6 0.022706
 9.7 0.021939
 9.8 0.019219
 9.9 0.017971
 10.0 0.016031
 10.1 0.016000
 10.2 0.017185
 10.3 0.020581
 10.4 0.024444
 10.5 0.027704
 10.6 0.029548
 10.7 0.030686
 10.8 0.033278
 10.9 0.034750
 11.0 0.036000
 11.1 0.039037
 11.2 0.042483
 11.3 0.045480
 11.4 0.046120
 11.5 0.046036
 11.6 0.046348
 11.7 0.046471
 11.8 0.045077
 11.9 0.045000
 12.0 0.046000
 12.1 0.046250
 12.2 0.000000

TYR 3
 0.9 1.500000
 1.0 1.500000
 1.1 1.500000
 1.2 1.500000
 3.1 0.000000
 3.2 0.000000
 3.3 0.000000
 3.4 0.000000
 3.5 0.000000
 3.6 0.000000
 3.7 0.400000
 3.8 0.352941
 3.9 0.272727
 4.0 0.215529
 4.1 0.130486
 4.2 -0.064308
 4.3 -0.166839
 4.4 -0.264853
 4.5 -0.473320
 4.6 -0.494036
 4.7 -0.488107
 4.8 -0.477318
 4.9 -0.451176
 5.0 -0.453889
 5.1 -0.430833
 5.2 -0.552250
 5.3 -0.557083
 5.4 -0.576966
 5.5 -0.526806
 5.6 -0.485657
 5.7 -0.390424
 5.8 -0.308929
 5.9 -0.221692
 6.0 -0.214864
 6.1 -0.209615
 6.2 -0.171500
 6.3 -0.212900
 6.4 -0.226238
 6.5 -0.227565
 6.6 -0.231400
 6.7 -0.266121
 6.8 -0.193407
 6.9 -0.102679
 7.0 -0.052852
 7.1 -0.025759
 7.2 -0.009000
 7.3 -0.010200
 7.4 -0.006941
 7.5 -0.004143
 7.6 -0.013273
 7.7 -0.026000
 7.8 -0.018900
 7.9 -0.033615
 8.0 -0.047000
 8.1 -0.051824
 8.2 -0.059556
 8.3 -0.071333
 8.4 -0.071680
 8.5 -0.073077
 8.6 -0.072700
 8.7 -0.070743
 8.8 -0.069061
 8.9 -0.068862
 9.0 -0.064536
 9.1 -0.061833
 9.2 -0.058581
 9.3 -0.053182
 9.4 -0.050314
 9.5 -0.046811
 9.6 -0.039853
 9.7 -0.034212
 9.8 -0.026625
 9.9 -0.017412
 10.0 -0.009875
 10.1 -0.004467
 10.2 0.000333
 10.3 0.005645
 10.4 0.009259
 10.5 0.013704
 10.6 0.016290
 10.7 0.017657
 10.8 0.018556
 10.9 0.019437
 11.0 0.019793
 11.1 0.021519
 11.2 0.024103
 11.3 0.027200
 11.4 0.028480
 11.5 0.029107
 11.6 0.029739
 11.7 0.030059
 11.8 0.030154
 11.9 0.029800
 12.0 0.029800
 12.1 0.030000
 12.2 0.000000

ILE 4
 0.9 1.333333
 1.0 1.333333
 1.1 1.333333
 1.2 1.333333
 3.1 0.000000
 3.2 0.000000
 3.3 0.000000
 3.4 0.000000
 3.5 0.000000
 3.6 0.000000
 3.7 0.266667
 3.8 0.235294
 3.9 0.181818
 4.0 0.073441
 4.1 0.053973
 4.2 -0.077038
 4.3 -0.258161
 4.4 -0.480500
 4.5 -0.713360
 4.6 -0.886929
 4.7 -0.976214
 4.8 -1.022773
 4.9 -1.009824
 5.0 -1.009278
 5.1 -1.000000
 5.2 -0.770687
 5.3 -0.549208
 5.4 -0.356241
 5.5 -0.208516
 5.6 -0.160886
 5.7 -0.066212
 5.8 -0.003679
 5.9 0.001654
 6.0 0.010000
 6.1 0.020192
 6.2 0.023187
 6.3 0.027875
 6.4 0.031024
 6.5 0.032109
 6.6 0.031950
 6.7 0.034182
 6.8 0.036667
 6.9 0.044857
 7.0 0.047704
 7.1 0.049379
 7.2 0.050000
 7.3 0.050000
 7.4 0.050000
 7.5 0.050000
 7.6 0.050000
 7.7 0.050000
 7.8 0.050000
 7.9 0.050000
 8.0 0.050000
 8.1 0.050000
 8.2 0.050000
 8.3 0.050000
 8.4 0.049360
 8.5 0.049346
 8.6 0.049900
 8.7 0.050486
 8.8 0.051242
 8.9 0.052379
 9.0 0.053000
 9.1 0.054467
 9.2 0.053226
 9.3 0.051515
 9.4 0.050600
 9.5 0.049108
 9.6 0.047029
 9.7 0.047818
 9.8 0.049250
 9.9 0.049706
 10.0 0.051094
 10.1 0.050933
 10.2 0.049889
 10.3 0.049323
 10.4 0.049481
 10.5 0.050259
 10.6 0.053032
 10.7 0.054400
 10.8 0.056972
 10.9 0.058688
 11.0 0.059724
 11.1 0.061185
 11.2 0.063586
 11.3 0.065320
 11.4 0.065600
 11.5 0.066000
 11.6 0.066348
 11.7 0.067647
 11.8 0.068462
 11.9 0.068800
 12.0 0.069600
 12.1 0.070000
 12.2 0.000000

GLN 5
 0.9 1.166667
 1.0 1.166667
 1.1 1.166667
 1.2 1.166667
 3.1 0.000000
 3.2 0.000000
 3.3 0.000000
 3.4 0.000000
 3.5 0.000000
 3.6 0.000000
 3.7 0.233333
 3.8 0.205882
 3.9 0.159091
 4.0 0.122471
 4.1 0.099027
 4.2 0.025538
 4.3 0.026806
 4.4 0.049000
 4.5 -0.019920
 4.6 -0.267786
 4.7 -0.374929
 4.8 -0.530227
 4.9 -0.911765
 5.0 -1.009278
 5.1 -1.027833
 5.2 -0.927000
 5.3 -0.701875
 5.4 -0.494621
 5.5 -0.313226
 5.6 -0.246914
 5.7 -0.091242
 5.8 0.004786
 5.9 0.036462
 6.0 0.027500
 6.1 0.041500
 6.2 0.034313
 6.3 0.027400
 6.4 0.022452
 6.5 0.021891
 6.6 0.016800
 6.7 0.016182
 6.8 0.016741
 6.9 0.012929
 7.0 0.006741
 7.1 0.004897
 7.2 0.004414
 7.3 0.003200
 7.4 0.000471
 7.5 0.000000
 7.6 0.000000
 7.7 0.000000
 7.8 0.000000
 7.9 0.000000
 8.0 0.000000
 8.1 0.000000
 8.2 0.000000
 8.3 0.000000
 8.4 0.000640
 8.5 0.004692
 8.6 0.010067
 8.7 0.016314
 8.8 0.021788
 8.9 0.028414
 9.0 0.029536
 9.1 0.029067
 9.2 0.026290
 9.3 0.027273
 9.4 0.029286
 9.5 0.031108
 9.6 0.033265
 9.7 0.035455
 9.8 0.037375
 9.9 0.038706
 10.0 0.042500
 10.1 0.044400
 10.2 0.045815
 10.3 0.046935
 10.4 0.048333
 10.5 0.049519
 10.6 0.052000
 10.7 0.053971
 10.8 0.056972
 10.9 0.058625
 11.0 0.059586
 11.1 0.062333
 11.2 0.064172
 11.3 0.064640
 11.4 0.063760
 11.5 0.062571
 11.6 0.061217
 11.7 0.058118
 11.8 0.057077
 11.9 0.056900
 12.0 0.055800
 12.1 0.055250
 12.2 0.000000

TRP 6
 0.9 1.500000
 1.0 1.500000
 1.1 1.500000
 1.2 1.500000
 3.1 0.000000
 3.2 0.000000
 3.3 0.000000
 3.4 0.000000
 3.5 0.000000
 3.6 0.000000
 3.7 0.300000
 3.8 0.264706
 3.9 0.204545
 4.0 0.107794
 4.1 0.031486
 4.2 -0.147500
 4.3 -0.242000
 4.4 -0.348118
 4.5 -0.500040
 4.6 -0.517893
 4.7 -0.523857
 4.8 -0.530364
 4.9 -0.578529
 5.0 -0.685278
 5.1 -0.819583
 5.2 -0.661438
 5.3 -0.374208
 5.4 -0.236103
 5.5 -0.124129
 5.6 -0.104714
 5.7 -0.069182
 5.8 -0.152500
 5.9 -0.208577
 6.0 -0.223545
 6.1 -0.200269
 6.2 -0.135438
 6.3 -0.064475
 6.4 -0.016690
 6.5 -0.006261
 6.6 0.018300
 6.7 0.021485
 6.8 -0.009926
 6.9 -0.029214
 7.0 -0.028111
 7.1 -0.023207
 7.2 -0.021483
 7.3 -0.017720
 7.4 -0.017529
 7.5 -0.028143
 7.6 -0.042182
 7.7 -0.039000
 7.8 -0.032900
 7.9 -0.028923
 8.0 -0.024688
 8.1 -0.012765
 8.2 -0.010833
 8.3 -0.017762
 8.4 -0.010720
 8.5 -0.006462
 8.6 -0.010800
 8.7 -0.011171
 8.8 -0.005364
 8.9 -0.007103
 9.0 -0.004714
 9.1 0.003867
 9.2 0.013548
 9.3 0.020030
 9.4 0.024086
 9.5 0.029568
 9.6 0.032088
 9.7 0.033424
 9.8 0.036125
 9.9 0.038088
 10.0 0.036844
 10.1 0.037067
 10.2 0.036667
 10.3 0.036097
 10.4 0.036000
 10.5 0.036593
 10.6 0.034677
 10.7 0.033257
 10.8 0.028944
 10.9 0.025625
 11.0 0.023483
 11.1 0.020889
 11.2 0.018000
 11.3 0.015000
 11.4 0.014600
 11.5 0.014286
 11.6 0.013217
 11.7 0.011765
 11.8 0.013231
 11.9 0.013800
 12.0 0.014400
 12.1 0.015000
 12.2 0.000000

LEU 7
 0.9 1.166667
 1.0 1.166667
 1.1 1.166667
 1.2 1.166667
 3.1 0.000000
 3.2 0.000000
 3.3 0.000000
 3.4 0.000000
 3.5 0.000000
 3.6 0.000000
 3.7 -0.033333
 3.8 -0.088235
 3.9 -0.181818
 4.0 -0.279471
 4.1 -0.315351
 4.2 -0.448731
 4.3 -0.499935
 4.4 -0.578324
 4.5 -0.686440
 4.6 -0.803393
 4.7 -0.874857
 4.8 -0.939318
 4.9 -1.029294
 5.0 -1.064667
 5.1 -1.110917
 5.2 -0.912375
 5.3 -0.694333
 5.4 -0.467276
 5.5 -0.252161
 5.6 -0.163771
 5.7 -0.023727
 5.8 0.093393
 5.9 0.133154
 6.0 0.116545
 6.1 0.087692
 6.2 0.065031
 6.3 0.052525
 6.4 0.048190
 6.5 0.045696
 6.6 0.040300
 6.7 0.039788
 6.8 0.043667
 6.9 0.037464
 7.0 0.038037
 7.1 0.039069
 7.2 0.038448
 7.3 0.037400
 7.4 0.041118
 7.5 0.036500
 7.6 0.027182
 7.7 0.019000
 7.8 0.024700
 7.9 0.034615
 8.0 0.045438
 8.1 0.052353
 8.2 0.051778
 8.3 0.041571
 8.4 0.028120
 8.5 0.014962
 8.6 0.005267
 8.7 -0.000886
 8.8 -0.004909
 8.9 -0.009414
 9.0 -0.011429
 9.1 -0.010100
 9.2 -0.008032
 9.3 -0.007424
 9.4 -0.005200
 9.5 -0.001676
 9.6 0.001088
 9.7 0.004939
 9.8 0.010188
 9.9 0.013353
 10.0 0.016031
 10.1 0.017000
 10.2 0.017704
 10.3 0.021194
 10.4 0.024407
 10.5 0.025667
 10.6 0.025613
 10.7 0.026400
 10.8 0.026667
 10.9 0.025813
 11.0 0.025586
 11.1 0.026963
 11.2 0.027793
 11.3 0.027960
 11.4 0.028800
 11.5 0.029500
 11.6 0.029652
 11.7 0.030176
 11.8 0.031231
 11.9 0.031400
 12.0 0.031200
 12.1 0.031500
 12.2 0.000000

LYS 8
 0.9 1.500000
 1.0 1.500000
 1.1 1.500000
 1.2 1.500000
 3.1 0.000000
 3.2 0.000000
 3.3 0.000000
 3.4 0.000000
 3.5 0.000000
 3.6 0.000000
 3.7 0.533333
 3.8 0.470588
 3.9 0.363636
 4.0 0.259706
 4.1 0.211622
 4.2 0.031923
 4.3 0.048323
 4.4 0.048971
 4.5 -0.006600
 4.6 -0.130893
 4.7 -0.184464
 4.8 -0.287864
 4.9 -0.470588
 5.0 -0.500000
 5.1 -0.500000
 5.2 -0.516687
 5.3 -0.484625
 5.4 -0.434345
 5.5 -0.327290
 5.6 -0.268457
 5.7 -0.161545
 5.8 -0.033964
 5.9 0.088500
 6.0 0.094136
 6.1 0.099846
 6.2 0.095906
 6.3 0.085800
 6.4 0.078571
 6.5 0.078348
 6.6 0.078150
 6.7 0.083000
 6.8 0.091111
 6.9 0.097036
 7.0 0.100407
 7.1 0.100483
 7.2 0.101034
 7.3 0.101200
 7.4 0.101059
 7.5 0.100000
 7.6 0.100000
 7.7 0.100000
 7.8 0.100000
 7.9 0.100000
 8.0 0.100000
 8.1 0.100000
 8.2 0.100000
 8.3 0.100000
 8.4 0.100680
 8.5 0.100808
 8.6 0.101800
 8.7 0.103143
 8.8 0.104182
 8.9 0.105552
 9.0 0.107750
 9.1 0.107400
 9.2 0.107419
 9.3 0.105667
 9.4 0.104286
 9.5 0.101351
 9.6 0.099529
 9.7 0.096697
 9.8 0.091469
 9.9 0.084118
 10.0 0.077750
 10.1 0.072600
 10.2 0.068259
 10.3 0.064387
 10.4 0.059852
 10.5 0.054741
 10.6 0.050452
 10.7 0.047057
 10.8 0.042528
 10.9 0.040875
 11.0 0.039931
 11.1 0.036963
 11.2 0.034207
 11.3 0.032000
 11.4 0.032160
 11.5 0.032500
 11.6 0.033000
 11.7 0.035000
 11.8 0.035538
 11.9 0.035200
 12.0 0.036800
 12.1 0.037250
 12.2 0.000000

ASP 9
 0.9 1.666667
 1.0 1.666667
 1.1 1.666667
 1.2 1.666667
 3.1 0.000000
 3.2 0.000000
 3.3 0.000000
 3.4 0.000000
 3.5 0.000000
 3.6 0.000000
 3.7 0.600000
 3.8 0.529412
 3.9 0.409091
 4.0 0.284235
 4.1 0.252108
 4.2 0.070231
 4.3 0.091129
 4.4 0.122382
 4.5 0.159920
 4.6 0.160714
 4.7 0.160714
 4.8 0.166682
 4.9 0.137000
 5.0 0.027333
 5.1 -0.084000
 5.2 -0.050500
 5.3 0.057917
 5.4 0.105379
 5.5 0.180387
 5.6 0.200314
 5.7 0.225636
 5.8 0.208893
 5.9 0.192385
 6.0 0.178909
 6.1 0.129038
 6.2 0.079094
 6.3 0.044000
 6.4 0.025381
 6.5 0.023087
 6.6 0.014550
 6.7 0.009606
 6.8 0.009667
 6.9 0.000286
 7.0 -0.007852
 7.1 -0.010897
 7.2 -0.014621
 7.3 -0.015840
 7.4 -0.016588
 7.5 -0.016000
 7.6 -0.013091
 7.7 -0.005333
 7.8 -0.000100
 7.9 -0.004077
 8.0 -0.002875
 8.1 -0.002176
 8.2 -0.000667
 8.3 0.006429
 8.4 0.020200
 8.5 0.028077
 8.6 0.030633
 8.7 0.032314
 8.8 0.032758
 8.9 0.029897
 9.0 0.028679
 9.1 0.029600
 9.2 0.030226
 9.3 0.029788
 9.4 0.028914
 9.5 0.027703
 9.6 0.024618
 9.7 0.020879
 9.8 0.017937
 9.9 0.018824
 10.0 0.017719
 10.1 0.017900
 10.2 0.019259
 10.3 0.021129
 10.4 0.022667
 10.5 0.026407
 10.6 0.028290
 10.7 0.029600
 10.8 0.030556
 10.9 0.030719
 11.0 0.030379
 11.1 0.031481
 11.2 0.032414
 11.3 0.034840
 11.4 0.035200
 11.5 0.035750
 11.6 0.035957
 11.7 0.037294
 11.8 0.038154
 11.9 0.038700
 12.0 0.039600
 12.1 0.040000
 12.2 0.000000

GLY 10
 0.9 1.000000
 1.0 1.000000
 1.1 1.000000
 1.2 1.000000
 3.1 0.000000
 3.2 0.000000
 3.3 0.000000
 3.4 0.000000
 3.5 0.000000
 3.6 0.000000
 3.7 0.633333
 3.8 0.558824
 3.9 0.431818
 4.0 0.279412
 4.1 0.229730
 4.2 0.000000
 4.3 -0.016161
 4.4 -0.058912
 4.5 -0.120080
 4.6 -0.190464
 4.7 -0.226143
 4.8 -0.280182
 4.9 -0.391824
 5.0 -0.536722
 5.1 -0.701083
 5.2 -0.843500
 5.3 -0.694917
 5.4 -0.611828
 5.5 -0.517484
 5.6 -0.472629
 5.7 -0.360424
 5.8 -0.331393
 5.9 -0.278077
 6.0 -0.235545
 6.1 -0.191654
 6.2 -0.131031
 6.3 -0.079325
 6.4 -0.055333
 6.5 -0.049130
 6.6 -0.024225
 6.7 -0.013606
 6.8 -0.039370
 6.9 -0.064393
 7.0 -0.064852
 7.1 -0.061483
 7.2 -0.058379
 7.3 -0.047320
 7.4 -0.015824
 7.5 -0.008500
 7.6 0.003545
 7.7 0.013667
 7.8 0.019900
 7.9 0.027615
 8.0 0.032125
 8.1 0.031471
 8.2 0.030556
 8.3 0.030952
 8.4 0.029520
 8.5 0.027923
 8.6 0.029433
 8.7 0.028143
 8.8 0.026212
 8.9 0.023517
 9.0 0.020250
 9.1 0.013733
 9.2 0.008806
 9.3 0.007818
 9.4 0.007000
 9.5 0.007054
 9.6 0.008529
 9.7 0.011091
 9.8 0.014000
 9.9 0.015676
 10.0 0.017844
 10.1 0.018633
 10.2 0.018185
 10.3 0.017226
 10.4 0.016889
 10.5 0.017370
 10.6 0.018742
 10.7 0.019371
 10.8 0.020806
 10.9 0.021500
 11.0 0.021690
 11.1 0.021407
 11.2 0.021552
 11.3 0.021240
 11.4 0.021440
 11.5 0.021857
 11.6 0.022130
 11.7 0.022824
 11.8 0.023308
 11.9 0.023600
 12.0 0.023600
 12.1 0.023750
 12.2 0.000000

GLY 11
 0.9 1.000000
 1.0 1.000000
 1.1 1.000000
 1.2 1.000000
 3.1 0.000000
 3.2 0.000000
 3.3 0.000000
 3.4 0.000000
 3.5 0.000000
 3.6 0.000000
 3.7 0.100000
 3.8 0.029412
 3.9 -0.090909
 4.0 -0.240206
 4.1 -0.315324
 4.2 -0.583308
 4.3 -0.645065
 4.4 -0.700824
 4.5 -0.766440
 4.6 -0.702179
 4.7 -0.666500
 4.8 -0.605955
 4.9 -0.500000
 5.0 -0.490778
 5.1 -0.479250
 5.2 -0.448125
 5.3 -0.347458
 5.4 -0.304793
 5.5 -0.284032
 5.6 -0.278743
 5.7 -0.247636
 5.8 -0.264393
 5.9 -0.250038
 6.0 -0.230318
 6.1 -0.218462
 6.2 -0.221719
 6.3 -0.179925
 6.4 -0.126905
 6.5 -0.094609
 6.6 -0.051625
 6.7 0.033121
 6.8 0.108407
 6.9 0.138536
 7.0 0.145370
 7.1 0.145172
 7.2 0.152931
 7.3 0.158520
 7.4 0.142765
 7.5 0.151500
 7.6 0.148182
 7.7 0.098111
 7.8 0.035900
 7.9 -0.007000
 8.0 -0.065375
 8.1 -0.088647
 8.2 -0.084500
 8.3 -0.068571
 8.4 -0.063160
 8.5 -0.042923
 8.6 -0.028533
 8.7 -0.022857
 8.8 -0.021939
 8.9 -0.010724
 9.0 -0.006750
 9.1 -0.004800
 9.2 -0.001387
 9.3 0.003333
 9.4 0.006714
 9.5 0.011405
 9.6 0.017882
 9.7 0.020000
 9.8 0.019875
 9.9 0.019353
 10.0 0.020156
 10.1 0.020400
 10.2 0.021519
 10.3 0.023613
 10.4 0.025593
 10.5 0.025444
 10.6 0.024935
 10.7 0.024886
 10.8 0.024611
 10.9 0.024125
 11.0 0.024000
 11.1 0.024037
 11.2 0.023966
 11.3 0.023400
 11.4 0.023200
 11.5 0.022857
 11.6 0.022565
 11.7 0.021471
 11.8 0.021154
 11.9 0.021300
 12.0 0.021400
 12.1 0.021500
 12.2 0.000000

PRO 12
 0.9 1.500000
 1.0 1.500000
 1.1 1.500000
 1.2 1.500000
 3.1 0.000000
 3.2 0.000000
 3.3 0.000000
 3.4 0.000000
 3.5 0.000000
 3.6 0.000000
 3.7 0.766667
 3.8 0.676471
 3.9 0.515136
 4.0 0.279294
 4.1 0.229622
 4.2 -0.077077
 4.3 -0.064645
 4.4 -0.044206
 4.5 -0.026600
 4.6 -0.107071
 4.7 -0.142857
 4.8 -0.197000
 4.9 -0.333529
 5.0 -0.333722
 5.1 -0.334000
 5.2 -0.334000
 5.3 -0.277958
 5.4 -0.313379
 5.5 -0.285484
 5.6 -0.238086
 5.7 -0.174091
 5.8 -0.138714
 5.9 0.001269
 6.0 0.058955
 6.1 0.068500
 6.2 0.074594
 6.3 0.110075
 6.4 0.139381
 6.5 0.152696
 6.6 0.173775
 6.7 0.208697
 6.8 0.218519
 6.9 0.225929
 7.0 0.211704
 7.1 0.202862
 7.2 0.180517
 7.3 0.161400
 7.4 0.098235
 7.5 0.069714
 7.6 0.023545
 7.7 0.018556
 7.8 0.022400
 7.9 0.030923
 8.0 0.042750
 8.1 0.045471
 8.2 0.046444
 8.3 0.040714
 8.4 0.032360
 8.5 0.029154
 8.6 0.033900
 8.7 0.042514
 8.8 0.053061
 8.9 0.068724
 9.0 0.077786
 9.1 0.085000
 9.2 0.090258
 9.3 0.092121
 9.4 0.092286
 9.5 0.091622
 9.6 0.092441
 9.7 0.090455
 9.8 0.086719
 9.9 0.084029
 10.0 0.082781
 10.1 0.081667
 10.2 0.081556
 10.3 0.079871
 10.4 0.078630
 10.5 0.076074
 10.6 0.073258
 10.7 0.071143
 10.8 0.068889
 10.9 0.066625
 11.0 0.066138
 11.1 0.064296
 11.2 0.062241
 11.3 0.059840
 11.4 0.058760
 11.5 0.058143
 11.6 0.057696
 11.7 0.056882
 11.8 0.056769
 11.9 0.057200
 12.0 0.058000
 12.1 0.058000
 12.2 0.000000

SER 13
 0.9 1.333333
 1.0 1.333333
 1.1 1.333333
 1.2 1.333333
 3.1 0.000000
 3.2 0.000000
 3.3 0.000000
 3.4 0.000000
 3.5 0.000000
 3.6 0.000000
 3.7 0.633333
 3.8 0.558824
 3.9 0.416636
 4.0 0.269588
 4.1 0.220703
 4.2 0.006423
 4.3 0.043097
 4.4 0.078412
 4.5 0.106640
 4.6 0.095214
 4.7 0.077321
 4.8 0.045273
 4.9 -0.058824
 5.0 -0.111167
 5.1 -0.180667
 5.2 -0.192812
 5.3 -0.065917
 5.4 0.071793
 5.5 0.176871
 5.6 0.186686
 5.7 0.240939
 5.8 0.242286
 5.9 0.193077
 6.0 0.131955
 6.1 0.126962
 6.2 0.135594
 6.3 0.149875
 6.4 0.156262
 6.5 0.161304
 6.6 0.167700
 6.7 0.179697
 6.8 0.190296
 6.9 0.196000
 7.0 0.198444
 7.1 0.199931
 7.2 0.201586
 7.3 0.202000
 7.4 0.202000
 7.5 0.202000
 7.6 0.202000
 7.7 0.198889
 7.8 0.189700
 7.9 0.175000
 8.0 0.162750
 8.1 0.156412
 8.2 0.151167
 8.3 0.146952
 8.4 0.143960
 8.5 0.139462
 8.6 0.131633
 8.7 0.125400
 8.8 0.117636
 8.9 0.107759
 9.0 0.101464
 9.1 0.098433
 9.2 0.093710
 9.3 0.093818
 9.4 0.092057
 9.5 0.089027
 9.6 0.085353
 9.7 0.085727
 9.8 0.085562
 9.9 0.089941
 10.0 0.093906
 10.1 0.096800
 10.2 0.097519
 10.3 0.096968
 10.4 0.094741
 10.5 0.091852
 10.6 0.089935
 10.7 0.088429
 10.8 0.085611
 10.9 0.085406
 11.0 0.085034
 11.1 0.083852
 11.2 0.083517
 11.3 0.083920
 11.4 0.083840
 11.5 0.082929
 11.6 0.082652
 11.7 0.081118
 11.8 0.079385
 11.9 0.078200
 12.0 0.078000
 12.1 0.078000
 12.2 0.000000

SER 14
 0.9 1.500000
 1.0 1.500000
 1.1 1.500000
 1.2 1.500000
 3.1 0.000000
 3.2 0.000000
 3.3 0.000000
 3.4 0.000000
 3.5 0.000000
 3.6 0.000000
 3.7 0.500000
 3.8 0.441176
 3.9 0.363545
 4.0 0.293824
 4.1 0.265459
 4.2 0.147038
 4.3 0.161032
 4.4 0.171235
 4.5 0.173120
 4.6 0.166357
 4.7 0.166250
 4.8 0.166000
 4.9 0.166000
 5.0 0.138333
 5.1 0.110667
 5.2 0.051875
 5.3 0.027667
 5.4 -0.057483
 5.5 -0.052742
 5.6 -0.023886
 5.7 0.009970
 5.8 0.048679
 5.9 0.122923
 6.0 0.139318
 6.1 0.107077
 6.2 0.025000
 6.3 -0.045850
 6.4 -0.065333
 6.5 -0.077543
 6.6 -0.111575
 6.7 -0.125697
 6.8 -0.115111
 6.9 -0.104214
 7.0 -0.095556
 7.1 -0.091655
 7.2 -0.080621
 7.3 -0.074800
 7.4 -0.070353
 7.5 -0.062143
 7.6 -0.041455
 7.7 -0.028000
 7.8 -0.008800
 7.9 0.011538
 8.0 0.035500
 8.1 0.063353
 8.2 0.073000
 8.3 0.077429
 8.4 0.079480
 8.5 0.077231
 8.6 0.066467
 8.7 0.066000
 8.8 0.068606
 8.9 0.071552
 9.0 0.077107
 9.1 0.081067
 9.2 0.083968
 9.3 0.081727
 9.4 0.080171
 9.5 0.077216
 9.6 0.075029
 9.7 0.071545
 9.8 0.068281
 9.9 0.062882
 10.0 0.058844
 10.1 0.055933
 10.2 0.054556
 10.3 0.054387
 10.4 0.055593
 10.5 0.057667
 10.6 0.060323
 10.7 0.062514
 10.8 0.065750
 10.9 0.067594
 11.0 0.069069
 11.1 0.070741
 11.2 0.072034
 11.3 0.072480
 11.4 0.072000
 11.5 0.071571
 11.6 0.071348
 11.7 0.069471
 11.8 0.068462
 11.9 0.068500
 12.0 0.067000
 12.1 0.066250
 12.2 0.000000

GLY 15
 0.9 1.000000
 1.0 1.000000
 1.1 1.000000
 1.2 1.000000
 3.1 0.000000
 3.2 0.000000
 3.3 0.000000
 3.4 0.000000
 3.5 0.000000
 3.6 0.000000
 3.7 0.400000
 3.8 0.352941
 3.9 0.257545
 4.0 0.107706
 4.1 0.049405
 4.2 -0.160423
 4.3 -0.209742
 4.4 -0.259765
 4.5 -0.313080
 4.6 -0.333000
 4.7 -0.333000
 4.8 -0.333000
 4.9 -0.333000
 5.0 -0.333000
 5.1 -0.333000
 5.2 -0.333000
 5.3 -0.333000
 5.4 -0.252621
 5.5 -0.193355
 5.6 -0.168857
 5.7 -0.121030
 5.8 -0.054607
 5.9 -0.069077
 6.0 -0.090727
 6.1 -0.101808
 6.2 -0.085969
 6.3 -0.045875
 6.4 -0.017476
 6.5 -0.003783
 6.6 0.022650
 6.7 0.050455
 6.8 0.057000
 6.9 0.048464
 7.0 0.042370
 7.1 0.040655
 7.2 0.036379
 7.3 0.034200
 7.4 0.033235
 7.5 0.034000
 7.6 0.029000
 7.7 0.031000
 7.8 0.034700
 7.9 0.038000
 8.0 0.041750
 8.1 0.046118
 8.2 0.049111
 8.3 0.053238
 8.4 0.057520
 8.5 0.060923
 8.6 0.062567
 8.7 0.061971
 8.8 0.062121
 8.9 0.062000
 9.0 0.061607
 9.1 0.061133
 9.2 0.062677
 9.3 0.061515
 9.4 0.061457
 9.5 0.061703
 9.6 0.059618
 9.7 0.057576
 9.8 0.055813
 9.9 0.052794
 10.0 0.048656
 10.1 0.047200
 10.2 0.046111
 10.3 0.045129
 10.4 0.044481
 10.5 0.044815
 10.6 0.045323
 10.7 0.045771
 10.8 0.046417
 10.9 0.046844
 11.0 0.047172
 11.1 0.047519
 11.2 0.048000
 11.3 0.048520
 11.4 0.048720
 11.5 0.048750
 11.6 0.048826
 11.7 0.048412
 11.8 0.048077
 11.9 0.047800
 12.0 0.047000
 12.1 0.047000
 12.2 0.000000

ARG 16
 0.9 1.166667
 1.0 1.166667
 1.1 1.166667
 1.2 1.166667
 3.1 0.000000
 3.2 0.000000
 3.3 0.000000
 3.4 0.000000
 3.5 0.000000
 3.6 0.000000
 3.7 0.566667
 3.8 0.509765
 3.9 0.446909
 4.0 0.382500
 4.1 0.342514
 4.2 0.218231
 4.3 0.215161
 4.4 0.200941
 4.5 0.166280
 4.6 0.166107
 4.7 0.166000
 4.8 0.166000
 4.9 0.166000
 5.0 0.166000
 5.1 0.166000
 5.2 0.166000
 5.3 0.166000
 5.4 0.123034
 5.5 0.142065
 5.6 0.156800
 5.7 0.168970
 5.8 0.181500
 5.9 0.269154
 6.0 0.280182
 6.1 0.304269
 6.2 0.322625
 6.3 0.276075
 6.4 0.232500
 6.5 0.213065
 6.6 0.176400
 6.7 0.113000
 6.8 0.096667
 6.9 0.096786
 7.0 0.093778
 7.1 0.094586
 7.2 0.092862
 7.3 0.088640
 7.4 0.085882
 7.5 0.076429
 7.6 0.075545
 7.7 0.091444
 7.8 0.109300
 7.9 0.115692
 8.0 0.115875
 8.1 0.081000
 8.2 0.060944
 8.3 0.052238
 8.4 0.050840
 8.5 0.048000
 8.6 0.062067
 8.7 0.062286
 8.8 0.058879
 8.9 0.048759
 9.0 0.039107
 9.1 0.032333
 9.2 0.027935
 9.3 0.025879
 9.4 0.026600
 9.5 0.028324
 9.6 0.031441
 9.7 0.034030
 9.8 0.037781
 9.9 0.040647
 10.0 0.043844
 10.1 0.045267
 10.2 0.047481
 10.3 0.050387
 10.4 0.052815
 10.5 0.055074
 10.6 0.056742
 10.7 0.058400
 10.8 0.061167
 10.9 0.062719
 11.0 0.063207
 11.1 0.065185
 11.2 0.066724
 11.3 0.067560
 11.4 0.067640
 11.5 0.067357
 11.6 0.067174
 11.7 0.066471
 11.8 0.066385
 11.9 0.066200
 12.0 0.066400
 12.1 0.066500
 12.2 0.000000

PRO 17
 0.9 1.500000
 1.0 1.500000
 1.1 1.500000
 1.2 1.500000
 3.1 0.000000
 3.2 0.000000
 3.3 0.000000
 3.4 0.000000
 3.5 0.000000
 3.6 0.000000
 3.7 0.466667
 3.8 0.401941
 3.9 0.303000
 4.0 0.181324
 4.1 0.139595
 4.2 -0.032115
 4.3 -0.021548
 4.4 -0.014735
 4.5 -0.060000
 4.6 -0.178571
 4.7 -0.232143
 4.8 -0.318182
 4.9 -0.500000
 5.0 -0.500000
 5.1 -0.500000
 5.2 -0.500000
 5.3 -0.493083
 5.4 -0.442690
 5.5 -0.381742
 5.6 -0.371400
 5.7 -0.338303
 5.8 -0.291500
 5.9 -0.294462
 6.0 -0.333000
 6.1 -0.336231
 6.2 -0.364500
 6.3 -0.307975
 6.4 -0.258119
 6.5 -0.232783
 6.6 -0.190675
 6.7 -0.092121
 6.8 -0.042778
 6.9 -0.023143
 7.0 0.000926
 7.1 0.001966
 7.2 0.002931
 7.3 0.008240
 7.4 0.013588
 7.5 0.007357
 7.6 0.006455
 7.7 0.004778
 7.8 0.002400
 7.9 0.000923
 8.0 0.003312
 8.1 0.010706
 8.2 0.016333
 8.3 0.026524
 8.4 0.037240
 8.5 0.044846
 8.6 0.047867
 8.7 0.052000
 8.8 0.052970
 8.9 0.054414
 9.0 0.051643
 9.1 0.038300
 9.2 0.021774
 9.3 0.015455
 9.4 0.008543
 9.5 -0.000189
 9.6 -0.007118
 9.7 -0.011030
 9.8 -0.017563
 9.9 -0.020441
 10.0 -0.019656
 10.1 -0.017267
 10.2 -0.014778
 10.3 -0.009516
 10.4 -0.004222
 10.5 -0.000593
 10.6 0.002290
 10.7 0.004000
 10.8 0.008806
 10.9 0.011062
 11.0 0.012862
 11.1 0.017444
 11.2 0.022586
 11.3 0.026120
 11.4 0.027560
 11.5 0.029036
 11.6 0.030522
 11.7 0.033647
 11.8 0.034000
 11.9 0.034000
 12.0 0.034000
 12.1 0.034000
 12.2 0.000000

PRO 18
 0.9 1.000000
 1.0 1.000000
 1.1 1.000000
 1.2 1.000000
 3.1 0.000000
 3.2 0.000000
 3.3 0.000000
 3.4 0.000000
 3.5 0.000000
 3.6 0.000000
 3.7 0.133333
 3.8 0.117647
 3.9 0.098455
 4.0 0.073529
 4.1 0.040541
 4.2 0.019231
 4.3 0.016129
 4.4 0.009824
 4.5 0.000000
 4.6 0.000000
 4.7 0.000000
 4.8 0.000000
 4.9 0.000000
 5.0 0.000000
 5.1 0.000000
 5.2 -0.187500
 5.3 -0.243125
 5.4 -0.258724
 5.5 -0.306484
 5.6 -0.321429
 5.7 -0.313182
 5.8 -0.327429
 5.9 -0.384538
 6.0 -0.401455
 6.1 -0.429385
 6.2 -0.423094
 6.3 -0.380575
 6.4 -0.328405
 6.5 -0.295174
 6.6 -0.247400
 6.7 -0.182394
 6.8 -0.133370
 6.9 -0.179821
 7.0 -0.208407
 7.1 -0.210828
 7.2 -0.199448
 7.3 -0.195320
 7.4 -0.141294
 7.5 -0.084643
 7.6 -0.019364
 7.7 0.014000
 7.8 0.031500
 7.9 0.050385
 8.0 0.069875
 8.1 0.074765
 8.2 0.078222
 8.3 0.070333
 8.4 0.038320
 8.5 0.010346
 8.6 -0.007933
 8.7 -0.021114
 8.8 -0.032000
 8.9 -0.031724
 9.0 -0.023929
 9.1 -0.003567
 9.2 0.015065
 9.3 0.019061
 9.4 0.022829
 9.5 0.029541
 9.6 0.030235
 9.7 0.032727
 9.8 0.041375
 9.9 0.047941
 10.0 0.046750
 10.1 0.045833
 10.2 0.043259
 10.3 0.035903
 10.4 0.027444
 10.5 0.023407
 10.6 0.020968
 10.7 0.018514
 10.8 0.014361
 10.9 0.013719
 11.0 0.013172
 11.1 0.011333
 11.2 0.010862
 11.3 0.013040
 11.4 0.013760
 11.5 0.014786
 11.6 0.015565
 11.7 0.018941
 11.8 0.020000
 11.9 0.020200
 12.0 0.020800
 12.1 0.021000
 12.2 0.000000

PRO 19
 0.9 1.333333
 1.0 1.333333
 1.1 1.333333
 1.2 1.333333
 3.1 0.000000
 3.2 0.000000
 3.3 0.000000
 3.4 0.000000
 3.5 0.000000
 3.6 0.000000
 3.7 0.200000
 3.8 0.196000
 3.9 0.151455
 4.0 0.112735
 4.1 0.076568
 4.2 0.032038
 4.3 0.016161
 4.4 0.014735
 4.5 0.000000
 4.6 0.000000
 4.7 0.000000
 4.8 0.000000
 4.9 0.000000
 5.0 0.000000
 5.1 0.000000
 5.2 0.000000
 5.3 -0.034792
 5.4 -0.074862
 5.5 -0.102355
 5.6 -0.114514
 5.7 -0.146758
 5.8 -0.167000
 5.9 -0.154077
 6.0 -0.144091
 6.1 -0.134577
 6.2 -0.143219
 6.3 -0.115900
 6.4 -0.102524
 6.5 -0.096522
 6.6 -0.085650
 6.7 -0.056758
 6.8 -0.067333
 6.9 -0.074321
 7.0 -0.075222
 7.1 -0.081517
 7.2 -0.086690
 7.3 -0.083280
 7.4 -0.095059
 7.5 -0.116286
 7.6 -0.121727
 7.7 -0.115000
 7.8 -0.114600
 7.9 -0.112308
 8.0 -0.106250
 8.1 -0.101647
 8.2 -0.094556
 8.3 -0.077571
 8.4 -0.049920
 8.5 -0.028692
 8.6 -0.018667
 8.7 -0.012800
 8.8 -0.007091
 8.9 -0.007448
 9.0 -0.004500
 9.1 0.008667
 9.2 0.024065
 9.3 0.032121
 9.4 0.039543
 9.5 0.044081
 9.6 0.048441
 9.7 0.051727
 9.8 0.056813
 9.9 0.061618
 10.0 0.067469
 10.1 0.068233
 10.2 0.067778
 10.3 0.063355
 10.4 0.058556
 10.5 0.052444
 10.6 0.047226
 10.7 0.043429
 10.8 0.039639
 10.9 0.036969
 11.0 0.035103
 11.1 0.030222
 11.2 0.025448
 11.3 0.021640
 11.4 0.020680
 11.5 0.020786
 11.6 0.021261
 11.7 0.022706
 11.8 0.023000
 11.9 0.023300
 12.0 0.022600
 12.1 0.022000
 12.2 0.000000

SER 20
 0.9 1.166667
 1.0 1.166667
 1.1 1.166667
 1.2 1.166667
 3.1 0.000000
 3.2 0.000000
 3.3 0.000000
 3.4 0.000000
 3.5 0.000000
 3.6 0.000000
 3.7 0.666667
 3.8 0.627412
 3.9 0.560500
 4.0 0.494941
 4.1 0.481838
 4.2 0.397231
 4.3 0.424581
 4.4 0.455794
 4.5 0.500000
 4.6 0.500000
 4.7 0.500000
 4.8 0.500000
 4.9 0.500000
 5.0 0.500000
 5.1 0.500000
 5.2 0.500000
 5.3 0.500000
 5.4 0.500000
 5.5 0.500000
 5.6 0.500000
 5.7 0.500000
 5.8 0.500000
 5.9 0.500000
 6.0 0.500000
 6.1 0.500000
 6.2 0.474062
 6.3 0.451375
 6.4 0.434643
 6.5 0.427283
 6.6 0.408875
 6.7 0.402576
 6.8 0.396296
 6.9 0.376357
 7.0 0.363259
 7.1 0.354414
 7.2 0.345310
 7.3 0.335280
 7.4 0.334000
 7.5 0.334000
 7.6 0.327818
 7.7 0.318889
 7.8 0.310200
 7.9 0.302000
 8.0 0.293000
 8.1 0.289529
 8.2 0.283778
 8.3 0.275238
 8.4 0.266800
 8.5 0.259231
 8.6 0.255200
 8.7 0.253429
 8.8 0.251455
 8.9 0.248345
 9.0 0.240893
 9.1 0.222533
 9.2 0.202935
 9.3 0.194121
 9.4 0.187714
 9.5 0.181189
 9.6 0.175118
 9.7 0.169879
 9.8 0.159937
 9.9 0.149471
 10.0 0.141312
 10.1 0.138667
 10.2 0.137185
 10.3 0.137548
 10.4 0.139259
 10.5 0.141037
 10.6 0.143419
 10.7 0.145371
 10.8 0.146056
 10.9 0.146125
 11.0 0.146207
 11.1 0.144815
 11.2 0.142000
 11.3 0.139600
 11.4 0.138640
 11.5 0.137571
 11.6 0.136261
 11.7 0.134000
 11.8 0.134000
 11.9 0.134000
 12.0 0.134000
 12.1 0.134000
 12.2 0.000000

