ATOMS
CA -8.608 3.135 -1.618

CA -4.923 4.002 -2.452

CA -3.690 2.738 0.981

CA -5.857 -0.449 0.613

CA -4.122 -1.167 -2.743

CA -0.716 -0.631 -0.993

CA -1.641 -2.932 1.963

CA -3.024 -5.791 -0.269

CA 0.466 -6.016 -1.905

CA 2.060 -6.618 1.593

CA 2.626 -2.967 2.723

CA 6.333 -2.533 3.806

CA 7.049 -6.179 2.704

CA 6.389 -5.315 -1.015

CA 9.451 -3.116 -1.870

CA 7.289 0.084 -2.054

CA 6.782 3.088 0.345

CA 3.287 4.031 1.686

CA 1.185 6.543 -0.353

CA 0.852 10.027 1.285

EDGES
1 2 3.876399
1 3 5.576660
1 4 5.038891
1 5 6.316409
1 6 8.766815
1 7 9.908135
1 8 10.614817
1 19 10.445934
2 3 3.860502
2 4 5.484340
2 5 5.238783
2 6 6.425902
2 7 8.851221
2 8 10.211491
2 9 11.388628
2 11 11.503694
2 18 9.193910
2 19 6.940472
2 20 9.144201
3 4 3.871470
3 5 5.413301
3 6 4.908311
3 7 6.108324
3 8 8.645802
3 9 10.111076
3 10 10.998717
3 11 8.687545
3 12 11.671529
3 16 11.695870
3 17 10.497132
3 18 7.130736
3 19 6.326390
3 20 8.593701
4 5 3.845580
4 6 5.389085
4 7 5.075672
4 8 6.110710
4 9 8.792732
4 10 10.084436
4 11 9.096907
4 18 10.238870
4 19 9.970506
5 6 3.866605
5 7 5.605089
5 8 5.357953
5 9 6.727911
5 10 9.312971
5 11 8.868633
5 14 11.431230
5 16 11.500028
5 18 10.076136
5 19 9.660251
6 7 3.858518
6 8 5.698828
6 9 5.588121
6 10 7.087859
6 11 5.516749
6 12 8.737071
6 13 10.234419
6 14 8.510074
6 15 10.502964
6 16 8.106600
6 17 8.475919
6 18 6.703379
6 19 7.449139
6 20 11.010943
7 8 3.881803
7 9 5.376981
7 10 5.236497
7 11 4.334295
7 12 8.193932
7 13 9.306352
7 14 8.889774
7 15 11.737044
7 16 10.245850
7 17 10.478800
7 18 8.534945
7 19 10.155085
8 9 3.860987
8 10 5.477046
8 11 6.989245
8 12 10.713246
8 13 10.509738
8 14 9.454505
8 18 11.837332
9 10 3.890918
9 11 5.948141
9 12 8.897668
9 13 8.037745
9 14 6.030376
9 15 9.441475
9 16 9.153444
9 17 11.306510
9 18 11.036101
10 11 3.863555
10 12 6.312141
10 13 5.130026
10 14 5.219168
10 15 8.881625
10 16 9.249857
10 17 10.865598
10 18 10.719859
11 12 3.886270
11 13 5.466282
11 14 5.800510
11 15 8.227908
11 16 7.339748
11 17 7.719472
11 18 7.105230
11 19 10.098433
12 13 3.875613
12 14 5.566390
12 15 6.502214
12 16 6.488623
12 17 6.616325
12 18 7.540465
12 19 11.232674
13 14 3.874669
13 15 6.006084
13 16 7.869011
13 17 9.566267
13 18 10.928544
14 15 3.865549
14 16 5.571241
14 17 8.521412
14 18 10.211049
15 16 3.866277
15 17 7.107700
15 18 10.085616
16 17 3.877662
16 18 6.751475
16 19 9.048254
17 18 3.860383
17 19 6.614427
17 20 9.175959
18 19 3.858247
18 20 6.483983
19 20 3.864219

RESIDUES
ASN 1
 3.6 0.000000
 3.7 0.833333
 3.8 0.833333
 3.9 0.833333
 4.0 0.833333
 4.1 0.800000
 4.2 0.000000
 4.3 0.000000
 4.4 0.000000
 4.5 0.000000
 4.7 0.000000
 4.8 0.250000
 4.9 0.125000
 5.0 0.071429
 5.1 0.071429
 5.2 0.000000
 5.3 0.051231
 5.4 0.130125
 5.5 0.166571
 5.6 0.172133
 5.7 0.236000
 5.8 0.266600
 5.9 0.250000
 6.0 0.250000
 6.1 0.237500
 6.2 0.231250
 6.3 0.216667
 6.4 0.205556
 6.5 0.204545
 6.6 0.200000
 6.7 0.200000
 6.8 0.200000
 6.9 0.200000
 7.0 0.200000
 7.1 0.200000
 7.2 0.200000
 7.3 0.200000
 7.4 0.200000
 7.5 0.200000
 7.6 0.200000
 7.7 0.200000
 7.8 0.200000
 7.9 0.200000
 8.0 0.200000
 8.1 0.200000
 8.2 0.200000
 8.3 0.200000
 8.4 0.200000
 8.5 0.200000
 8.6 0.193400
 8.7 0.184600
 8.8 0.178000
 8.9 0.172500
 9.0 0.167000
 9.1 0.167000
 9.2 0.167000
 9.3 0.167000
 9.4 0.167000
 9.5 0.167000
 9.6 0.167000
 9.7 0.161000
 9.8 0.155000
 9.9 0.146000
 10.0 0.143000
 10.1 0.143000
 10.2 0.141500
 10.3 0.137000
 10.4 0.131545
 10.5 0.118250
 10.6 0.118250
 10.7 0.115000
 10.8 0.107000
 10.9 0.107000
 11.0 0.107000
 11.1 0.107000
 11.2 0.107000
 11.3 0.107000
 11.4 0.107000
 11.5 0.107000
 11.6 0.107000
 11.7 0.107000
 11.8 0.107000
 11.9 0.107000
 12.0 0.000000

LEU 2
 3.6 0.000000
 3.7 0.466667
 3.8 0.466667
 3.9 0.466667
 4.0 0.466667
 4.1 0.400000
 4.2 0.000000
 4.3 0.000000
 4.4 0.000000
 4.5 0.000000
 4.7 0.000000
 4.8 0.000000
 4.9 0.000000
 5.0 -0.071429
 5.1 -0.071429
 5.2 -0.216700
 5.3 -0.179615
 5.4 -0.104250
 5.5 -0.071500
 5.6 -0.055600
 5.7 0.083333
 5.8 0.150200
 5.9 0.167000
 6.0 0.167000
 6.1 0.175250
 6.2 0.173125
 6.3 0.166778
 6.4 0.163000
 6.5 0.160636
 6.6 0.150000
 6.7 0.131444
 6.8 0.102286
 6.9 0.038667
 7.0 0.006857
 7.1 -0.017000
 7.2 -0.005000
 7.3 0.007000
 7.4 0.039000
 7.5 0.046000
 7.6 0.067000
 7.7 0.067000
 7.8 0.067000
 7.9 0.067000
 8.0 0.067000
 8.1 0.067000
 8.2 0.067000
 8.3 0.067000
 8.4 0.067000
 8.5 0.067000
 8.6 0.070200
 8.7 0.063467
 8.8 0.061167
 8.9 0.051417
 9.0 0.030769
 9.1 0.013071
 9.2 -0.009182
 9.3 -0.015100
 9.4 -0.020556
 9.5 -0.011333
 9.6 -0.008500
 9.7 0.002250
 9.8 0.017250
 9.9 0.037625
 10.0 0.035417
 10.1 0.035417
 10.2 0.036000
 10.3 0.034733
 10.4 0.031364
 10.5 0.035250
 10.6 0.035250
 10.7 0.036333
 10.8 0.043250
 10.9 0.043857
 11.0 0.047500
 11.1 0.048714
 11.2 0.050143
 11.3 0.047000
 11.4 0.047000
 11.5 0.042500
 11.6 0.040625
 11.7 0.039500
 11.8 0.038750
 11.9 0.038750
 12.0 0.000000

TYR 3
 3.6 0.000000
 3.7 0.400000
 3.8 0.400000
 3.9 0.400000
 4.0 0.400000
 4.1 0.333333
 4.2 0.000000
 4.3 0.000000
 4.4 0.000000
 4.5 0.000000
 4.7 0.000000
 4.8 -0.500000
 4.9 -0.500000
 5.0 -0.500000
 5.1 -0.500000
 5.2 -0.408400
 5.3 -0.237231
 5.4 -0.093813
 5.5 0.005857
 5.6 0.011000
 5.7 0.111000
 5.8 0.099800
 5.9 0.068714
 6.0 0.066333
 6.1 -0.002250
 6.2 -0.062625
 6.3 -0.207444
 6.4 -0.303667
 6.5 -0.321182
 6.6 -0.400000
 6.7 -0.363000
 6.8 -0.304857
 6.9 -0.159444
 7.0 -0.090714
 7.1 -0.019286
 7.2 -0.019286
 7.3 -0.019286
 7.4 -0.011333
 7.5 -0.025250
 7.6 -0.067000
 7.7 -0.067000
 7.8 -0.067000
 7.9 -0.067000
 8.0 -0.067000
 8.1 -0.067000
 8.2 -0.067000
 8.3 -0.055000
 8.4 -0.060625
 8.5 -0.073125
 8.6 -0.078500
 8.7 -0.075733
 8.8 -0.084917
 8.9 -0.073583
 9.0 -0.049000
 9.1 -0.039786
 9.2 -0.026000
 9.3 -0.021900
 9.4 -0.025333
 9.5 -0.034500
 9.6 -0.031750
 9.7 -0.021250
 9.8 -0.006500
 9.9 0.000875
 10.0 0.000250
 10.1 0.000250
 10.2 0.000667
 10.3 0.003133
 10.4 0.007000
 10.5 0.016750
 10.6 0.016750
 10.7 0.019222
 10.8 0.023875
 10.9 0.024000
 11.0 0.025000
 11.1 0.026286
 11.2 0.030286
 11.3 0.035000
 11.4 0.035000
 11.5 0.034125
 11.6 0.033250
 11.7 0.032000
 11.8 0.029500
 11.9 0.029500
 12.0 0.000000

ILE 4
 3.6 0.000000
 3.7 0.266667
 3.8 0.266667
 3.9 0.266667
 4.0 0.266667
 4.1 0.233333
 4.2 0.000000
 4.3 0.000000
 4.4 0.000000
 4.5 0.000000
 4.7 0.000000
 4.8 -0.250000
 4.9 -0.625000
 5.0 -0.785714
 5.1 -0.785714
 5.2 -0.841700
 5.3 -0.698846
 5.4 -0.474062
 5.5 -0.327500
 5.6 -0.305667
 5.7 -0.139000
 5.8 -0.050000
 5.9 0.002286
 6.0 0.002667
 6.1 0.004125
 6.2 0.010375
 6.3 0.025889
 6.4 0.035222
 6.5 0.037909
 6.6 0.050000
 6.7 0.050000
 6.8 0.050000
 6.9 0.050000
 7.0 0.050000
 7.1 0.050000
 7.2 0.050000
 7.3 0.050000
 7.4 0.050000
 7.5 0.050000
 7.6 0.050000
 7.7 0.050000
 7.8 0.050000
 7.9 0.050000
 8.0 0.050000
 8.1 0.050000
 8.2 0.050000
 8.3 0.050000
 8.4 0.052125
 8.5 0.056375
 8.6 0.058400
 8.7 0.061267
 8.8 0.065500
 8.9 0.064417
 9.0 0.061154
 9.1 0.058429
 9.2 0.053364
 9.3 0.052000
 9.4 0.052000
 9.5 0.052000
 9.6 0.052000
 9.7 0.054500
 9.8 0.048750
 9.9 0.031750
 10.0 0.032833
 10.1 0.032833
 10.2 0.030917
 10.3 0.033200
 10.4 0.039273
 10.5 0.042500
 10.6 0.042500
 10.7 0.045667
 10.8 0.053000
 10.9 0.054143
 11.0 0.056333
 11.1 0.056714
 11.2 0.058714
 11.3 0.061000
 11.4 0.061000
 11.5 0.061625
 11.6 0.062125
 11.7 0.062167
 11.8 0.062250
 11.9 0.062250
 12.0 0.000000

GLN 5
 3.6 0.000000
 3.7 0.233333
 3.8 0.233333
 3.9 0.233333
 4.0 0.233333
 4.1 0.200000
 4.2 0.000000
 4.3 0.000000
 4.4 0.000000
 4.5 0.000000
 4.7 0.000000
 4.8 0.000000
 4.9 0.000000
 5.0 -0.071429
 5.1 -0.071429
 5.2 -0.358400
 5.3 -0.391077
 5.4 -0.406188
 5.5 -0.428500
 5.6 -0.399933
 5.7 -0.242917
 5.8 -0.141500
 5.9 0.014286
 6.0 0.016667
 6.1 0.025125
 6.2 0.031375
 6.3 0.044556
 6.4 0.044556
 6.5 0.041000
 6.6 0.038889
 6.7 0.033333
 6.8 0.021429
 6.9 0.005556
 7.0 0.000000
 7.1 0.000000
 7.2 0.000000
 7.3 0.000000
 7.4 0.000000
 7.5 0.000000
 7.6 0.000000
 7.7 0.000000
 7.8 0.000000
 7.9 0.000000
 8.0 0.000000
 8.1 0.000000
 8.2 0.000000
 8.3 0.000000
 8.4 0.002125
 8.5 0.006375
 8.6 0.013400
 8.7 0.026733
 8.8 0.037583
 8.9 0.044833
 9.0 0.050769
 9.1 0.050714
 9.2 0.047636
 9.3 0.045100
 9.4 0.041778
 9.5 0.024500
 9.6 0.016500
 9.7 0.006250
 9.8 0.000250
 9.9 0.003375
 10.0 0.016417
 10.1 0.016417
 10.2 0.020667
 10.3 0.026600
 10.4 0.035364
 10.5 0.042500
 10.6 0.042500
 10.7 0.045667
 10.8 0.053000
 10.9 0.054143
 11.0 0.056333
 11.1 0.056714
 11.2 0.057000
 11.3 0.053333
 11.4 0.053333
 11.5 0.049750
 11.6 0.048000
 11.7 0.045333
 11.8 0.045500
 11.9 0.045500
 12.0 0.000000

TRP 6
 3.6 0.000000
 3.7 0.300000
 3.8 0.300000
 3.9 0.300000
 4.0 0.300000
 4.1 0.233333
 4.2 0.000000
 4.3 0.000000
 4.4 0.000000
 4.5 0.000000
 4.7 0.000000
 4.8 -0.500000
 4.9 -0.500000
 5.0 -0.500000
 5.1 -0.500000
 5.2 -0.391700
 5.3 -0.250077
 5.4 -0.182313
 5.5 -0.113143
 5.6 -0.116733
 5.7 -0.076417
 5.8 -0.124900
 5.9 -0.092857
 6.0 -0.080500
 6.1 -0.045875
 6.2 -0.043875
 6.3 -0.042889
 6.4 -0.050333
 6.5 -0.141182
 6.6 -0.226111
 6.7 -0.277889
 6.8 -0.400000
 6.9 -0.385111
 7.0 -0.338000
 7.1 -0.242857
 7.2 -0.147714
 7.3 -0.057286
 7.4 0.133000
 7.5 0.133000
 7.6 0.133000
 7.7 0.133000
 7.8 0.133000
 7.9 0.112250
 8.0 0.083200
 8.1 0.083200
 8.2 0.070750
 8.3 0.069000
 8.4 0.052000
 8.5 0.035250
 8.6 0.019900
 8.7 0.008267
 8.8 -0.015250
 8.9 -0.009000
 9.0 0.003462
 9.1 0.018000
 9.2 0.037545
 9.3 0.040600
 9.4 0.045000
 9.5 0.056333
 9.6 0.063000
 9.7 0.076000
 9.8 0.091000
 9.9 0.087875
 10.0 0.070833
 10.1 0.070833
 10.2 0.065667
 10.3 0.055733
 10.4 0.044818
 10.5 0.043625
 10.6 0.043625
 10.7 0.043000
 10.8 0.034125
 10.9 0.031429
 11.0 0.022833
 11.1 0.020714
 11.2 0.013143
 11.3 0.010167
 11.4 0.010167
 11.5 0.009500
 11.6 0.009500
 11.7 0.008833
 11.8 0.008250
 11.9 0.008250
 12.0 0.000000

LEU 7
 3.6 0.000000
 3.7 0.466667
 3.8 0.466667
 3.9 0.466667
 4.0 0.466667
 4.1 0.366667
 4.2 0.000000
 4.3 0.000000
 4.4 0.000000
 4.5 0.000000
 4.7 0.000000
 4.8 -0.500000
 4.9 -0.750000
 5.0 -0.904857
 5.1 -0.904857
 5.2 -0.933500
 5.3 -0.839846
 5.4 -0.578250
 5.5 -0.410786
 5.6 -0.372267
 5.7 -0.173583
 5.8 0.000000
 5.9 0.038143
 6.0 0.016667
 6.1 -0.014750
 6.2 -0.016875
 6.3 -0.020667
 6.4 -0.017000
 6.5 -0.013909
 6.6 -0.009444
 6.7 -0.005667
 6.8 0.000000
 6.9 0.011333
 7.0 0.014571
 7.1 0.014571
 7.2 0.014571
 7.3 0.017000
 7.4 0.017000
 7.5 0.017000
 7.6 0.017000
 7.7 0.017000
 7.8 0.017000
 7.9 0.017000
 8.0 -0.016600
 8.1 -0.016600
 8.2 -0.025000
 8.3 -0.043000
 8.4 -0.033500
 8.5 -0.014625
 8.6 -0.010000
 8.7 -0.013867
 8.8 -0.004000
 8.9 -0.011667
 9.0 -0.014385
 9.1 -0.014714
 9.2 -0.008000
 9.3 -0.006900
 9.4 -0.002222
 9.5 0.000833
 9.6 0.004750
 9.7 0.001000
 9.8 -0.005000
 9.9 -0.010250
 10.0 -0.002750
 10.1 -0.002750
 10.2 0.001667
 10.3 0.013733
 10.4 0.028727
 10.5 0.045000
 10.6 0.045000
 10.7 0.045889
 10.8 0.043875
 10.9 0.042286
 11.0 0.038500
 11.1 0.037857
 11.2 0.035857
 11.3 0.035667
 11.4 0.035667
 11.5 0.034125
 11.6 0.033000
 11.7 0.031500
 11.8 0.029750
 11.9 0.029750
 12.0 0.000000

LYS 8
 3.6 0.000000
 3.7 0.533333
 3.8 0.533333
 3.9 0.533333
 4.0 0.533333
 4.1 0.466667
 4.2 0.000000
 4.3 0.000000
 4.4 0.000000
 4.5 0.000000
 4.7 0.000000
 4.8 0.000000
 4.9 0.000000
 5.0 0.000000
 5.1 0.000000
 5.2 -0.100100
 5.3 -0.147538
 5.4 -0.177187
 5.5 -0.196571
 5.6 -0.177933
 5.7 -0.132083
 5.8 -0.050200
 5.9 0.075857
 6.0 0.074667
 6.1 0.058000
 6.2 0.051750
 6.3 0.038556
 6.4 0.033000
 6.5 0.036091
 6.6 0.040556
 6.7 0.044333
 6.8 0.050000
 6.9 0.061333
 7.0 0.064571
 7.1 0.064571
 7.2 0.064571
 7.3 0.067000
 7.4 0.067000
 7.5 0.067000
 7.6 0.067000
 7.7 0.067000
 7.8 0.067000
 7.9 0.067000
 8.0 0.067000
 8.1 0.067000
 8.2 0.067000
 8.3 0.067000
 8.4 0.062750
 8.5 0.062750
 8.6 0.065200
 8.7 0.071133
 8.8 0.073500
 8.9 0.079500
 9.0 0.082923
 9.1 0.085357
 9.2 0.087364
 9.3 0.086300
 9.4 0.084667
 9.5 0.081500
 9.6 0.077000
 9.7 0.071000
 9.8 0.071000
 9.9 0.074750
 10.0 0.070833
 10.1 0.070833
 10.2 0.069917
 10.3 0.066000
 10.4 0.057182
 10.5 0.040750
 10.6 0.040750
 10.7 0.031778
 10.8 0.013250
 10.9 0.011714
 11.0 0.012667
 11.1 0.012857
 11.2 0.016571
 11.3 0.021667
 11.4 0.021667
 11.5 0.028000
 11.6 0.030750
 11.7 0.033333
 11.8 0.036000
 11.9 0.036000
 12.0 0.000000

ASP 9
 3.6 0.000000
 3.7 0.600000
 3.8 0.600000
 3.9 0.600000
 4.0 0.600000
 4.1 0.533333
 4.2 0.000000
 4.3 0.000000
 4.4 0.000000
 4.5 0.000000
 4.7 0.000000
 4.8 0.000000
 4.9 0.000000
 5.0 0.000000
 5.1 0.000000
 5.2 0.050100
 5.3 0.109077
 5.4 0.145875
 5.5 0.178643
 5.6 0.177867
 5.7 0.194500
 5.8 0.166700
 5.9 0.131000
 6.0 0.125000
 6.1 0.104000
 6.2 0.093500
 6.3 0.083000
 6.4 0.083000
 6.5 0.078455
 6.6 0.071889
 6.7 0.066333
 6.8 0.052143
 6.9 0.036778
 7.0 0.030714
 7.1 0.030714
 7.2 0.030714
 7.3 0.033000
 7.4 0.033000
 7.5 0.033000
 7.6 0.033000
 7.7 0.033000
 7.8 0.016333
 7.9 0.008000
 8.0 -0.007000
 8.1 -0.007000
 8.2 -0.017000
 8.3 -0.002429
 8.4 0.004250
 8.5 0.012750
 8.6 0.010200
 8.7 0.007467
 8.8 0.007333
 8.9 0.007667
 9.0 0.004923
 9.1 0.007643
 9.2 0.009818
 9.3 0.010800
 9.4 0.009444
 9.5 0.014833
 9.6 0.012750
 9.7 0.015000
 9.8 0.015000
 9.9 0.015875
 10.0 0.011833
 10.1 0.011833
 10.2 0.011417
 10.3 0.011733
 10.4 0.010364
 10.5 0.016500
 10.6 0.016500
 10.7 0.018889
 10.8 0.026375
 10.9 0.027286
 11.0 0.030333
 11.1 0.031429
 11.2 0.032286
 11.3 0.032833
 11.4 0.032833
 11.5 0.033125
 11.6 0.032750
 11.7 0.034667
 11.8 0.035500
 11.9 0.035500
 12.0 0.000000

GLY 10
 3.6 0.000000
 3.7 0.633333
 3.8 0.633333
 3.9 0.633333
 4.0 0.633333
 4.1 0.566667
 4.2 0.000000
 4.3 0.000000
 4.4 0.000000
 4.5 0.000000
 4.7 0.000000
 4.8 0.000000
 4.9 -0.125000
 5.0 -0.404714
 5.1 -0.404714
 5.2 -0.516600
 5.3 -0.467923
 5.4 -0.427062
 5.5 -0.339286
 5.6 -0.327800
 5.7 -0.222250
 5.8 -0.183300
 5.9 -0.083286
 6.0 -0.055500
 6.1 -0.039500
 6.2 -0.035375
 6.3 -0.038889
 6.4 -0.050000
 6.5 -0.050000
 6.6 -0.050000
 6.7 -0.050000
 6.8 -0.045286
 6.9 -0.046333
 7.0 -0.045286
 7.1 -0.045286
 7.2 -0.045286
 7.3 -0.050000
 7.4 -0.050000
 7.5 -0.050000
 7.6 -0.050000
 7.7 -0.050000
 7.8 -0.039000
 7.9 -0.033500
 8.0 0.010000
 8.1 0.010000
 8.2 0.025000
 8.3 0.069143
 8.4 0.087625
 8.5 0.093750
 8.6 0.091600
 8.7 0.081667
 8.8 0.075083
 8.9 0.065583
 9.0 0.056385
 9.1 0.048357
 9.2 0.039636
 9.3 0.039400
 9.4 0.038556
 9.5 0.036500
 9.6 0.036750
 9.7 0.039000
 9.8 0.039000
 9.9 0.030000
 10.0 0.026583
 10.1 0.026583
 10.2 0.025667
 10.3 0.026333
 10.4 0.028182
 10.5 0.036250
 10.6 0.036250
 10.7 0.040000
 10.8 0.047000
 10.9 0.048286
 11.0 0.046667
 11.1 0.045429
 11.2 0.042571
 11.3 0.040667
 11.4 0.040667
 11.5 0.042625
 11.6 0.043625
 11.7 0.045167
 11.8 0.045750
 11.9 0.045750
 12.0 0.000000

GLY 11
 3.6 0.000000
 3.7 0.600000
 3.8 0.600000
 3.9 0.600000
 4.0 0.600000
 4.1 0.500000
 4.2 0.000000
 4.3 0.000000
 4.4 0.000000
 4.5 0.000000
 4.7 0.000000
 4.8 -0.500000
 4.9 -0.500000
 5.0 -0.404857
 5.1 -0.404857
 5.2 -0.300200
 5.3 -0.205308
 5.4 -0.156500
 5.5 -0.131214
 5.6 -0.133600
 5.7 -0.125250
 5.8 -0.158600
 5.9 -0.131000
 6.0 -0.125000
 6.1 -0.091625
 6.2 -0.077000
 6.3 -0.057333
 6.4 -0.050000
 6.5 -0.050000
 6.6 -0.050000
 6.7 -0.050000
 6.8 -0.052429
 6.9 -0.107556
 7.0 -0.124000
 7.1 -0.112143
 7.2 -0.100286
 7.3 -0.074000
 7.4 0.061000
 7.5 0.062500
 7.6 0.072333
 7.7 0.094667
 7.8 0.100000
 7.9 0.129250
 8.0 0.210000
 8.1 0.210000
 8.2 0.237500
 8.3 0.181000
 8.4 0.110500
 8.5 0.023000
 8.6 0.018400
 8.7 0.010667
 8.8 -0.024750
 8.9 -0.014417
 9.0 -0.010462
 9.1 -0.013286
 9.2 -0.017182
 9.3 -0.014800
 9.4 -0.009778
 9.5 0.003167
 9.6 0.010750
 9.7 0.015500
 9.8 0.018000
 9.9 0.046500
 10.0 0.064167
 10.1 0.064167
 10.2 0.068167
 10.3 0.071467
 10.4 0.075182
 10.5 0.068000
 10.6 0.068000
 10.7 0.066111
 10.8 0.058500
 10.9 0.056429
 11.0 0.051500
 11.1 0.050571
 11.2 0.047000
 11.3 0.044333
 11.4 0.044333
 11.5 0.041250
 11.6 0.040250
 11.7 0.038333
 11.8 0.037000
 11.9 0.037000
 12.0 0.000000

PRO 12
 3.6 0.000000
 3.7 0.766667
 3.8 0.766667
 3.9 0.766667
 4.0 0.766667
 4.1 0.700000
 4.2 0.000000
 4.3 0.000000
 4.4 0.000000
 4.5 0.000000
 4.7 0.000000
 4.8 0.000000
 4.9 0.000000
 5.0 0.000000
 5.1 0.000000
 5.2 0.000000
 5.3 0.102462
 5.4 0.135438
 5.5 0.166714
 5.6 0.172267
 5.7 0.236167
 5.8 0.200200
 5.9 0.238143
 6.0 0.250000
 6.1 0.231250
 6.2 0.225000
 6.3 0.174000
 6.4 0.107333
 6.5 0.063636
 6.6 -0.003667
 6.7 -0.040667
 6.8 -0.109286
 6.9 -0.114556
 7.0 -0.109286
 7.1 -0.085571
 7.2 -0.061857
 7.3 -0.038143
 7.4 0.033000
 7.5 0.041500
 7.6 0.044333
 7.7 0.050000
 7.8 0.055667
 7.9 0.054250
 8.0 0.010000
 8.1 0.010000
 8.2 0.000000
 8.3 -0.028714
 8.4 -0.023125
 8.5 -0.002375
 8.6 0.004700
 8.7 0.019333
 8.8 0.041750
 8.9 0.046250
 9.0 0.051462
 9.1 0.056143
 9.2 0.060727
 9.3 0.062300
 9.4 0.064778
 9.5 0.071333
 9.6 0.075000
 9.7 0.077500
 9.8 0.080000
 9.9 0.086000
 10.0 0.084500
 10.1 0.084500
 10.2 0.084000
 10.3 0.081867
 10.4 0.077545
 10.5 0.071125
 10.6 0.071125
 10.7 0.069222
 10.8 0.065000
 10.9 0.063857
 11.0 0.062333
 11.1 0.060571
 11.2 0.056571
 11.3 0.049833
 11.4 0.049833
 11.5 0.049625
 11.6 0.049750
 11.7 0.049667
 11.8 0.049500
 11.9 0.049500
 12.0 0.000000

SER 13
 3.6 0.000000
 3.7 0.633333
 3.8 0.633333
 3.9 0.633333
 4.0 0.633333
 4.1 0.566667
 4.2 0.000000
 4.3 0.000000
 4.4 0.000000
 4.5 0.000000
 4.7 0.000000
 4.8 0.000000
 4.9 -0.125000
 5.0 -0.143000
 5.1 -0.143000
 5.2 -0.166900
 5.3 -0.128385
 5.4 0.031000
 5.5 0.095000
 5.6 0.099800
 5.7 0.194333
 5.8 0.233200
 5.9 0.095286
 6.0 0.055667
 6.1 0.033250
 6.2 0.016500
 6.3 0.035000
 6.4 0.061000
 6.5 0.071182
 6.6 0.089000
 6.7 0.098333
 6.8 0.117000
 6.9 0.117000
 7.0 0.117000
 7.1 0.117000
 7.2 0.117000
 7.3 0.117000
 7.4 0.117000
 7.5 0.117000
 7.6 0.117000
 7.7 0.111333
 7.8 0.089000
 7.9 0.079250
 8.0 0.063400
 8.1 0.063400
 8.2 0.054250
 8.3 0.062143
 8.4 0.064875
 8.5 0.067000
 8.6 0.067000
 8.7 0.071333
 8.8 0.075167
 8.9 0.080667
 9.0 0.091154
 9.1 0.097143
 9.2 0.107273
 9.3 0.106200
 9.4 0.104333
 9.5 0.091000
 9.6 0.089000
 9.7 0.083000
 9.8 0.077000
 9.9 0.077000
 10.0 0.076833
 10.1 0.076833
 10.2 0.077000
 10.3 0.077933
 10.4 0.077364
 10.5 0.076250
 10.6 0.076250
 10.7 0.074333
 10.8 0.068000
 10.9 0.068143
 11.0 0.067000
 11.1 0.067143
 11.2 0.066857
 11.3 0.067833
 11.4 0.067833
 11.5 0.068125
 11.6 0.068625
 11.7 0.068833
 11.8 0.069250
 11.9 0.069250
 12.0 0.000000

SER 14
 3.6 0.000000
 3.7 0.500000
 3.8 0.500000
 3.9 0.500000
 4.0 0.500000
 4.1 0.433333
 4.2 0.000000
 4.3 0.000000
 4.4 0.000000
 4.5 0.000000
 4.7 0.000000
 4.8 0.000000
 4.9 0.000000
 5.0 -0.071571
 5.1 -0.071571
 5.2 -0.116900
 5.3 -0.141308
 5.4 -0.260625
 5.5 -0.297786
 5.6 -0.311267
 5.7 -0.375083
 5.8 -0.425000
 5.9 -0.345286
 6.0 -0.319500
 6.1 -0.258500
 6.2 -0.223125
 6.3 -0.168667
 6.4 -0.124222
 6.5 -0.110727
 6.6 -0.068556
 6.7 -0.050000
 6.8 -0.050000
 6.9 -0.050000
 7.0 -0.050000
 7.1 -0.038143
 7.2 -0.026286
 7.3 -0.014429
 7.4 0.033000
 7.5 0.033000
 7.6 0.033000
 7.7 0.027667
 7.8 0.033333
 7.9 0.037500
 8.0 0.046800
 8.1 0.046800
 8.2 0.054250
 8.3 0.076286
 8.4 0.085500
 8.5 0.091750
 8.6 0.086800
 8.7 0.080800
 8.8 0.075417
 8.9 0.068750
 9.0 0.064462
 9.1 0.063357
 9.2 0.060727
 9.3 0.059900
 9.4 0.059444
 9.5 0.059333
 9.6 0.057000
 9.7 0.053500
 9.8 0.056000
 9.9 0.056000
 10.0 0.055333
 10.1 0.055333
 10.2 0.054833
 10.3 0.054267
 10.4 0.053636
 10.5 0.055000
 10.6 0.055000
 10.7 0.057556
 10.8 0.062875
 10.9 0.063857
 11.0 0.065333
 11.1 0.065714
 11.2 0.065143
 11.3 0.063167
 11.4 0.063167
 11.5 0.061750
 11.6 0.061000
 11.7 0.060667
 11.8 0.061000
 11.9 0.061000
 12.0 0.000000

GLY 15
 3.6 0.000000
 3.7 0.400000
 3.8 0.400000
 3.9 0.400000
 4.0 0.400000
 4.1 0.333333
 4.2 0.000000
 4.3 0.000000
 4.4 0.000000
 4.5 0.000000
 4.7 0.000000
 4.8 0.000000
 4.9 0.000000
 5.0 0.000000
 5.1 0.000000
 5.2 0.000000
 5.3 0.000000
 5.4 0.083250
 5.5 0.118929
 5.6 0.133200
 5.7 0.194250
 5.8 0.266500
 5.9 0.238143
 6.0 0.222333
 6.1 0.187750
 6.2 0.167000
 6.3 0.167000
 6.4 0.167000
 6.5 0.167000
 6.6 0.167000
 6.7 0.167000
 6.8 0.167000
 6.9 0.148333
 7.0 0.143000
 7.1 0.131000
 7.2 0.119000
 7.3 0.107000
 7.4 0.083000
 7.5 0.083000
 7.6 0.083000
 7.7 0.094333
 7.8 0.105667
 7.9 0.108500
 8.0 0.117000
 8.1 0.117000
 8.2 0.117000
 8.3 0.121571
 8.4 0.125000
 8.5 0.129000
 8.6 0.129800
 8.7 0.124267
 8.8 0.122000
 8.9 0.116500
 9.0 0.110154
 9.1 0.106857
 9.2 0.102909
 9.3 0.101400
 9.4 0.101667
 9.5 0.101000
 9.6 0.096500
 9.7 0.098750
 9.8 0.101000
 9.9 0.088625
 10.0 0.082000
 10.1 0.082000
 10.2 0.080000
 10.3 0.077533
 10.4 0.075636
 10.5 0.076500
 10.6 0.076500
 10.7 0.078222
 10.8 0.082625
 10.9 0.083714
 11.0 0.086500
 11.1 0.087143
 11.2 0.089000
 11.3 0.090667
 11.4 0.090667
 11.5 0.090000
 11.6 0.089000
 11.7 0.088333
 11.8 0.087000
 11.9 0.087000
 12.0 0.000000

ARG 16
 3.6 0.000000
 3.7 0.566667
 3.8 0.566667
 3.9 0.566667
 4.0 0.566667
 4.1 0.500000
 4.2 0.000000
 4.3 0.000000
 4.4 0.000000
 4.5 0.000000
 4.7 0.000000
 4.8 0.000000
 4.9 0.000000
 5.0 0.000000
 5.1 0.000000
 5.2 0.000000
 5.3 0.000000
 5.4 -0.041750
 5.5 -0.059643
 5.6 -0.066800
 5.7 -0.097417
 5.8 -0.150300
 5.9 -0.167000
 6.0 -0.167000
 6.1 -0.167000
 6.2 -0.167000
 6.3 -0.194667
 6.4 -0.176111
 6.5 -0.129000
 6.6 -0.111222
 6.7 -0.101889
 6.8 -0.035714
 6.9 -0.027667
 7.0 -0.059286
 7.1 -0.011714
 7.2 0.035857
 7.3 0.059571
 7.4 0.194333
 7.5 0.175000
 7.6 0.150000
 7.7 0.100000
 7.8 0.105667
 7.9 0.083500
 8.0 0.043400
 8.1 0.043400
 8.2 0.029250
 8.3 0.038286
 8.4 0.048125
 8.5 0.064875
 8.6 0.065300
 8.7 0.065867
 8.8 0.062833
 8.9 0.054500
 9.0 0.040000
 9.1 0.026500
 9.2 0.002909
 9.3 0.002100
 9.4 -0.000222
 9.5 0.002333
 9.6 0.006000
 9.7 0.008500
 9.8 0.011000
 9.9 0.021250
 10.0 0.033083
 10.1 0.033083
 10.2 0.037000
 10.3 0.042600
 10.4 0.050182
 10.5 0.052000
 10.6 0.052000
 10.7 0.051889
 10.8 0.053500
 10.9 0.054000
 11.0 0.056500
 11.1 0.057571
 11.2 0.060286
 11.3 0.062500
 11.4 0.062500
 11.5 0.059875
 11.6 0.058625
 11.7 0.056833
 11.8 0.055250
 11.9 0.055250
 12.0 0.000000

PRO 17
 3.6 0.000000
 3.7 0.466667
 3.8 0.466667
 3.9 0.466667
 4.0 0.466667
 4.1 0.400000
 4.2 0.000000
 4.3 0.000000
 4.4 0.000000
 4.5 0.000000
 4.7 0.000000
 4.8 0.000000
 4.9 0.000000
 5.0 0.000000
 5.1 0.000000
 5.2 0.000000
 5.3 0.000000
 5.4 0.000000
 5.5 0.000000
 5.6 0.000000
 5.7 0.000000
 5.8 0.000000
 5.9 0.000000
 6.0 0.000000
 6.1 0.000000
 6.2 0.000000
 6.3 0.000000
 6.4 -0.055556
 6.5 -0.106000
 6.6 -0.129556
 6.7 -0.129556
 6.8 -0.166571
 6.9 -0.092444
 7.0 -0.023714
 7.1 -0.035571
 7.2 -0.047429
 7.3 -0.047429
 7.4 -0.055333
 7.5 -0.054000
 7.6 -0.044333
 7.7 -0.033333
 7.8 -0.050000
 7.9 -0.050000
 8.0 -0.043400
 8.1 -0.043400
 8.2 -0.041750
 8.3 -0.007000
 8.4 0.004375
 8.5 0.017000
 8.6 0.017000
 8.7 0.017000
 8.8 0.019750
 8.9 0.025250
 9.0 0.019462
 9.1 0.008571
 9.2 -0.002818
 9.3 -0.008100
 9.4 -0.026444
 9.5 -0.041000
 9.6 -0.045000
 9.7 -0.051000
 9.8 -0.057000
 9.9 -0.046625
 10.0 -0.033083
 10.1 -0.033083
 10.2 -0.029333
 10.3 -0.021200
 10.4 -0.010727
 10.5 -0.005125
 10.6 -0.005125
 10.7 -0.005333
 10.8 0.001250
 10.9 0.001714
 11.0 0.006500
 11.1 0.008714
 11.2 0.017714
 11.3 0.022167
 11.4 0.022167
 11.5 0.022625
 11.6 0.023000
 11.7 0.023333
 11.8 0.024000
 11.9 0.024000
 12.0 0.000000

PRO 18
 3.6 0.000000
 3.7 0.133333
 3.8 0.133333
 3.9 0.133333
 4.0 0.133333
 4.1 0.066667
 4.2 0.000000
 4.3 0.000000
 4.4 0.000000
 4.5 0.000000
 4.7 0.000000
 4.8 0.000000
 4.9 0.000000
 5.0 0.000000
 5.1 0.000000
 5.2 0.000000
 5.3 0.000000
 5.4 0.000000
 5.5 0.000000
 5.6 0.000000
 5.7 0.000000
 5.8 0.000000
 5.9 0.000000
 6.0 0.000000
 6.1 0.000000
 6.2 0.000000
 6.3 -0.055667
 6.4 -0.018556
 6.5 -0.075727
 6.6 -0.148111
 6.7 -0.203667
 6.8 -0.261714
 6.9 -0.500000
 7.0 -0.547714
 7.1 -0.500143
 7.2 -0.440571
 7.3 -0.381000
 7.4 -0.111000
 7.5 -0.095750
 7.6 -0.072000
 7.7 -0.061000
 7.8 -0.050000
 7.9 -0.029250
 8.0 -0.000200
 8.1 -0.000200
 8.2 0.012250
 8.3 -0.078571
 8.4 -0.077125
 8.5 -0.085375
 8.6 -0.071700
 8.7 -0.053467
 8.8 -0.011333
 8.9 -0.005667
 9.0 0.012769
 9.1 0.039357
 9.2 0.079091
 9.3 0.085300
 9.4 0.104000
 9.5 0.117000
 9.6 0.117000
 9.7 0.117000
 9.8 0.117000
 9.9 0.091750
 10.0 0.064500
 10.1 0.064500
 10.2 0.056333
 10.3 0.034667
 10.4 0.010909
 10.5 -0.007000
 10.6 -0.007000
 10.7 -0.009333
 10.8 -0.008000
 10.9 -0.006714
 11.0 -0.003500
 11.1 -0.002286
 11.2 0.003000
 11.3 0.011667
 11.4 0.011667
 11.5 0.014625
 11.6 0.016500
 11.7 0.017333
 11.8 0.018500
 11.9 0.018500
 12.0 0.000000

PRO 19
 3.6 0.000000
 3.7 0.200000
 3.8 0.200000
 3.9 0.200000
 4.0 0.200000
 4.1 0.133333
 4.2 0.000000
 4.3 0.000000
 4.4 0.000000
 4.5 0.000000
 4.7 0.000000
 4.8 0.000000
 4.9 0.000000
 5.0 0.000000
 5.1 0.000000
 5.2 0.000000
 5.3 0.000000
 5.4 0.000000
 5.5 0.000000
 5.6 0.000000
 5.7 0.000000
 5.8 0.000000
 5.9 0.000000
 6.0 0.000000
 6.1 -0.062500
 6.2 -0.125000
 6.3 -0.166778
 6.4 -0.240778
 6.5 -0.257545
 6.6 -0.296222
 6.7 -0.296222
 6.8 -0.380714
 6.9 -0.407333
 7.0 -0.428571
 7.1 -0.404857
 7.2 -0.357286
 7.3 -0.309714
 7.4 -0.167000
 7.5 -0.167000
 7.6 -0.167000
 7.7 -0.167000
 7.8 -0.167000
 7.9 -0.167000
 8.0 -0.167000
 8.1 -0.167000
 8.2 -0.167000
 8.3 -0.119000
 8.4 -0.083250
 8.5 -0.041500
 8.6 -0.033200
 8.7 -0.022133
 8.8 -0.004167
 8.9 -0.005583
 9.0 0.014077
 9.1 0.034500
 9.2 0.062091
 9.3 0.073300
 9.4 0.094444
 9.5 0.091667
 9.6 0.087500
 9.7 0.075000
 9.8 0.054250
 9.9 0.043750
 10.0 0.049667
 10.1 0.049667
 10.2 0.050167
 10.3 0.048333
 10.4 0.047000
 10.5 0.033875
 10.6 0.033875
 10.7 0.029444
 10.8 0.025000
 10.9 0.025000
 11.0 0.022000
 11.1 0.019857
 11.2 0.014714
 11.3 0.011000
 11.4 0.011000
 11.5 0.017500
 11.6 0.020000
 11.7 0.024333
 11.8 0.027000
 11.9 0.027000
 12.0 0.000000

SER 20
 3.6 0.000000
 3.7 0.666667
 3.8 0.666667
 3.9 0.666667
 4.0 0.666667
 4.1 0.633333
 4.2 0.000000
 4.3 0.000000
 4.4 0.000000
 4.5 0.000000
 4.7 0.000000
 4.8 0.500000
 4.9 0.500000
 5.0 0.500000
 5.1 0.500000
 5.2 0.500000
 5.3 0.500000
 5.4 0.500000
 5.5 0.500000
 5.6 0.500000
 5.7 0.500000
 5.8 0.500000
 5.9 0.500000
 6.0 0.500000
 6.1 0.500000
 6.2 0.500000
 6.3 0.444333
 6.4 0.407222
 6.5 0.393727
 6.6 0.351556
 6.7 0.333000
 6.8 0.333000
 6.9 0.333000
 7.0 0.333000
 7.1 0.333000
 7.2 0.333000
 7.3 0.333000
 7.4 0.333000
 7.5 0.333000
 7.6 0.333000
 7.7 0.333000
 7.8 0.333000
 7.9 0.333000
 8.0 0.333000
 8.1 0.333000
 8.2 0.333000
 8.3 0.333000
 8.4 0.312250
 8.5 0.291500
 8.6 0.283200
 8.7 0.272133
 8.8 0.250000
 8.9 0.243083
 9.0 0.214154
 9.1 0.188214
 9.2 0.147182
 9.3 0.136900
 9.4 0.118778
 9.5 0.117000
 9.6 0.117000
 9.7 0.117000
 9.8 0.117000
 9.9 0.117000
 10.0 0.117000
 10.1 0.117000
 10.2 0.117000
 10.3 0.123600
 10.4 0.129000
 10.5 0.141750
 10.6 0.141750
 10.7 0.146333
 10.8 0.145750
 10.9 0.145143
 11.0 0.141500
 11.1 0.140286
 11.2 0.135429
 11.3 0.133000
 11.4 0.133000
 11.5 0.133000
 11.6 0.133000
 11.7 0.133000
 11.8 0.133000
 11.9 0.133000
 12.0 0.000000

