ATOMS
N -8.901 4.127 -0.555
CA -8.608 3.135 -1.618
C -7.117 2.964 -1.897
O -6.634 1.849 -1.758

N -6.379 4.031 -2.228
CA -4.923 4.002 -2.452
C -4.136 3.187 -1.404
O -3.391 2.274 -1.760

N -4.354 3.455 -0.111
CA -3.690 2.738 0.981
C -4.102 1.256 1.074
O -3.291 0.409 1.442

N -5.342 0.925 0.689
CA -5.857 -0.449 0.613
C -5.089 -1.221 -0.470
O -4.621 -2.334 -0.226

N -4.907 -0.601 -1.645
CA -4.122 -1.167 -2.743
C -2.629 -1.321 -2.390
O -1.986 -2.240 -2.884

N -2.074 -0.459 -1.528
CA -0.716 -0.631 -0.993
C -0.631 -1.766 0.044
O 0.295 -2.579 -0.004

N -1.600 -1.860 0.967
CA -1.641 -2.932 1.963
C -1.847 -4.319 1.342
O -1.144 -5.248 1.742

N -2.753 -4.481 0.360
CA -3.024 -5.791 -0.269
C -1.796 -6.427 -0.937
O -1.719 -7.648 -1.030

N -0.828 -5.607 -1.355
CA 0.466 -6.016 -1.905
C 1.481 -6.464 -0.832
O 2.545 -6.971 -1.194

N 1.185 -6.278 0.464
CA 2.060 -6.618 1.593
C 2.628 -5.412 2.353
O 3.496 -5.594 3.208

N 2.172 -4.187 2.055
CA 2.626 -2.967 2.723
C 4.157 -2.802 2.654
O 4.710 -2.829 1.551

N 4.871 -2.651 3.794
CA 6.333 -2.533 3.806
C 7.058 -3.729 3.165
O 8.139 -3.562 2.601

N 6.463 -4.929 3.205
CA 7.049 -6.179 2.704
C 6.897 -6.369 1.185
O 7.025 -7.488 0.697

N 6.637 -5.290 0.434
CA 6.389 -5.315 -1.015
C 7.332 -4.405 -1.823
O 7.082 -4.123 -2.993

N 8.419 -3.920 -1.202
CA 9.451 -3.116 -1.870
C 8.984 -1.725 -2.316
O 9.539 -1.177 -3.267

N 7.956 -1.164 -1.660
CA 7.289 0.084 -2.054
C 6.855 0.916 -0.829
O 6.222 0.366 0.076

N 7.156 2.230 -0.780
CA 6.782 3.088 0.345
C 5.261 3.331 0.395
O 4.586 3.165 -0.624

N 4.710 3.739 1.555
CA 3.287 4.031 1.686
C 2.901 5.305 0.913
O 3.684 6.256 0.871

N 1.688 5.360 0.336
CA 1.185 6.543 -0.353
C 0.715 7.607 0.655
O -0.124 7.324 1.513

N 1.271 8.822 0.549
CA 0.852 10.027 1.285
C -0.406 10.657 0.683
O -0.387 10.916 -0.540

EDGES
1 2 1.483200
1 3 2.517179
1 4 3.431586
1 5 3.027974
1 6 4.408936
1 7 4.930479
1 9 4.617784
1 10 5.607418
1 13 4.946395
1 14 5.618713
2 3 1.526487
2 4 2.360100
2 5 2.478580
2 6 3.876399
2 7 4.477419
2 8 5.289478
2 9 4.524375
2 10 5.576660
2 11 5.575082
2 13 4.568709
2 14 5.038891
2 15 5.716293
2 17 5.258881
3 4 1.223043
3 5 1.338915
3 6 2.489800
3 7 3.029709
3 8 3.791826
3 9 3.326416
3 10 4.480880
3 11 4.564464
3 12 5.684648
3 13 3.741062
3 14 4.419985
3 15 4.864498
3 17 4.202003
3 18 5.172127
4 5 2.246564
4 6 2.836294
4 7 2.855795
4 8 3.270730
4 9 3.238865
4 10 4.118201
4 11 3.844853
4 12 4.846571
4 13 2.917336
4 14 3.392075
4 15 3.670268
4 16 4.888423
4 17 2.999633
4 18 4.046804
4 19 5.146683
4 21 5.115991
5 6 1.473415
5 7 2.534238
5 8 3.497745
5 9 2.985647
5 10 4.381809
5 11 4.877352
5 13 4.385373
5 14 5.330494
5 15 5.686666
5 17 4.895109
5 18 5.690209
6 7 1.543340
6 8 2.410782
6 9 2.470476
6 10 3.860502
6 11 4.543923
6 12 5.544034
6 13 4.416941
6 14 5.484340
6 15 5.588883
6 17 4.673234
6 18 5.238783
6 19 5.796603
6 21 5.373183
7 8 1.230987
7 9 1.338356
7 10 2.467538
7 11 3.141719
7 12 4.065836
7 13 3.309340
7 14 4.500070
7 15 4.605543
7 16 5.666070
7 17 3.873173
7 18 4.555264
7 19 4.854411
7 21 4.190529
7 22 5.142222
8 9 2.245291
8 10 2.796029
8 11 3.094091
8 12 3.706889
8 13 3.409370
8 14 4.373444
8 15 4.094182
8 16 5.009962
8 17 3.252246
8 18 3.652551
8 19 3.728481
8 20 4.859382
8 21 3.042631
8 22 4.022802
8 23 5.214750
8 25 5.266324
9 10 1.465418
9 11 2.510643
9 12 3.580488
9 13 2.831439
9 14 4.245515
9 15 4.747008
9 16 5.796295
9 17 4.371510
9 18 5.323921
9 19 5.565936
9 21 4.746123
9 22 5.541513
10 11 1.541012
10 12 2.407481
10 13 2.470088
10 14 3.871470
10 15 4.442554
10 16 5.296111
10 17 4.418810
10 18 5.413301
10 19 5.381900
10 21 4.373482
10 22 4.908311
10 23 5.524624
10 25 5.050733
11 12 1.229046
11 13 1.339920
11 14 2.489894
11 15 3.081174
11 16 3.853240
11 17 3.389607
11 18 4.521152
11 19 4.561793
11 20 5.689045
11 21 3.718120
11 22 4.392978
11 23 4.716060
11 25 3.997613
11 26 4.938237
12 13 2.244965
12 14 2.829799
12 15 3.089571
12 16 3.474935
12 17 3.627826
12 18 4.548468
12 19 4.256215
12 20 5.237796
12 21 3.324968
12 22 3.693433
12 23 3.709532
12 24 4.886559
12 25 2.869402
12 26 3.762476
12 27 4.944605
12 29 5.037089
13 14 1.469312
13 15 2.452062
13 16 3.460946
13 17 2.822314
13 18 4.200415
13 19 4.678154
13 21 4.184539
13 22 5.162377
13 23 5.463609
13 25 4.672908
13 26 5.495173
14 15 1.535805
14 16 2.405170
14 17 2.454418
14 18 3.845580
14 19 4.494260
14 20 5.515554
14 21 4.346846
14 22 5.389085
14 23 5.419347
14 25 4.498698
14 26 5.075672
14 27 5.620360
14 29 5.094688
15 16 1.231799
15 17 1.340951
15 18 2.470736
15 19 3.122179
15 20 4.061326
15 21 3.284849
15 22 4.443507
15 23 4.520507
15 24 5.572143
15 25 3.827063
15 26 4.553648
15 27 4.836477
15 29 4.095534
15 30 5.018917
16 17 2.258018
16 18 2.818897
16 19 3.110808
16 20 3.743932
16 21 3.420239
16 22 4.328686
16 23 4.039260
16 24 4.927105
16 25 3.282433
16 26 3.745627
16 27 3.754188
16 28 4.945093
16 29 2.905586
16 30 3.808295
16 31 5.023823
16 33 5.135564
17 18 1.463621
17 19 2.502541
17 20 3.571230
17 21 2.838968
17 22 4.241519
17 23 4.742797
17 25 4.398167
17 26 5.396108
17 27 5.666506
17 29 4.869717
17 30 5.689918
18 19 1.541874
18 20 2.394516
18 21 2.484309
18 22 3.866605
18 23 4.507022
18 24 5.385699
18 25 4.539255
18 26 5.605089
18 27 5.638967
18 29 4.741874
18 30 5.357953
18 33 5.700051
19 20 1.225580
19 21 1.339445
19 22 2.467241
19 23 3.180312
19 24 3.978107
19 25 3.552297
19 26 4.745532
19 27 4.850500
19 29 4.190880
19 30 4.963423
19 31 5.373670
19 33 4.762838
19 34 5.644225
20 21 2.240188
20 22 2.788846
20 23 3.260964
20 24 3.689483
20 25 3.888907
20 26 4.908289
20 27 4.711755
20 28 5.581837
20 29 4.016703
20 30 4.530482
20 31 4.621458
20 32 5.723204
20 33 3.874983
20 34 4.607485
21 22 1.469685
21 23 2.502335
21 24 3.525498
21 25 2.900431
21 26 4.300035
21 27 4.815395
21 29 4.494671
21 30 5.560378
21 33 5.299467
22 23 1.539746
22 24 2.407269
22 25 2.476590
22 26 3.858518
22 27 4.509183
22 28 5.383317
22 29 4.560973
22 30 5.698828
22 33 4.990407
22 34 5.588121
22 41 5.502362
22 42 5.516749
23 24 1.233187
23 25 1.341539
23 26 2.462157
23 27 3.111474
23 28 3.907774
23 29 3.460342
23 30 4.693085
23 31 4.903520
23 33 4.092590
23 34 4.802552
23 35 5.224856
23 37 4.881844
23 38 5.760450
23 39 5.407946
23 41 4.214519
23 42 4.384916
23 43 5.550706
23 44 5.650425
24 25 2.247405
24 26 2.782408
24 27 3.070420
24 28 3.498971
24 29 3.611150
24 30 4.626330
24 31 4.477709
24 32 5.550102
24 33 3.500730
24 34 3.931413
24 35 4.145528
24 36 5.076245
24 37 3.833239
24 38 4.688193
24 39 4.361677
24 40 5.445509
24 41 3.216873
24 42 3.608412
24 43 4.693585
24 44 4.687510
25 26 1.463858
25 27 2.499663
25 28 3.505297
25 29 2.927029
25 30 4.359843
25 31 4.951881
25 33 4.475229
25 34 5.457937
25 37 5.246709
25 39 5.693302
25 41 4.563623
25 42 4.708297
26 27 1.533573
26 28 2.379014
26 29 2.491095
26 30 3.881803
26 31 4.544123
26 32 5.586125
26 33 4.338861
26 34 5.376981
26 35 5.480322
26 37 4.629146
26 38 5.236497
26 39 4.952460
26 41 4.015278
26 42 4.334295
27 28 1.231767
27 29 1.345884
27 30 2.479402
27 31 3.104852
27 32 4.089622
27 33 3.157707
27 34 4.332757
27 35 4.516955
27 36 5.723117
27 37 3.715049
27 38 4.540160
27 39 4.716184
27 41 4.083890
27 42 4.872658
28 29 2.255459
28 30 2.805953
28 31 2.998697
28 32 3.711416
28 33 3.133711
28 34 4.059869
28 35 3.872306
28 36 5.019716
28 37 2.849285
28 38 3.487795
28 39 3.824683
28 40 4.878368
28 41 3.495647
28 42 4.514224
29 30 1.478236
29 31 2.526851
29 32 3.609868
29 33 2.813312
29 34 4.224738
29 35 4.824926
29 37 4.329881
29 38 5.408514
29 41 5.216808
30 31 1.535807
30 32 2.393866
30 33 2.456760
30 34 3.860987
30 35 4.589654
30 36 5.767303
30 37 4.300016
30 38 5.477046
31 32 1.226955
31 33 1.335720
31 34 2.494512
31 35 3.278891
31 36 4.382495
31 37 3.297175
31 38 4.615855
31 39 5.605899
31 41 5.451118
32 33 2.250597
32 34 2.864136
32 35 3.417757
32 36 4.320523
32 37 3.541490
32 38 4.714008
33 34 1.464315
33 35 2.517828
33 36 3.641915
33 37 2.794847
33 38 4.248926
33 39 5.072595
33 41 4.758624
34 35 1.543457
34 36 2.395785
34 37 2.489531
34 38 3.890918
34 39 4.813484
34 41 4.683725
35 36 1.232959
35 37 1.342322
35 38 2.497916
35 39 3.544931
35 40 4.597687
35 41 3.741254
35 42 5.116450
35 43 5.720438
35 44 5.414643
35 51 5.780170
35 53 5.437405
35 54 5.044022
36 37 2.253622
36 38 2.850825
36 39 3.875381
36 40 4.709367
36 41 4.294856
36 42 5.601916
36 44 5.420186
36 51 4.996193
36 52 4.890150
36 53 4.713874
36 54 4.189357
36 55 5.467665
36 56 5.650829
37 38 1.468287
37 39 2.529926
37 40 3.652138
37 41 2.806730
37 42 4.259376
37 43 5.070647
37 44 5.050029
37 51 5.758044
37 53 5.540880
37 54 5.495127
38 39 1.534490
38 40 2.391422
38 41 2.477044
38 42 3.863555
38 43 4.481628
38 44 4.623936
38 45 5.336966
38 49 4.983741
38 50 5.130026
38 51 4.860559
38 52 5.119662
38 53 4.904671
38 54 5.219168
39 40 1.231898
39 41 1.340658
39 42 2.472838
39 43 3.039826
39 44 3.413183
39 45 3.838053
39 46 4.911912
39 47 4.807986
39 49 3.958083
39 50 4.500748
39 51 4.528182
39 52 5.136703
39 53 4.446294
39 54 5.049550
40 41 2.249896
40 42 2.809494
40 43 2.922174
40 44 3.444513
40 45 3.300798
40 46 4.216147
40 47 4.020935
40 48 5.104402
40 49 3.040612
40 50 3.635939
40 51 4.032363
40 52 4.727177
40 53 4.201592
40 54 5.126502
41 42 1.463127
41 43 2.493442
41 44 2.922264
41 45 3.559216
41 46 4.807873
41 47 5.031387
41 49 4.503970
41 50 5.307956
41 51 5.276708
41 53 4.876523
41 54 5.336701
42 43 1.541411
42 44 2.394929
42 45 2.507374
42 46 3.886270
42 47 4.518698
42 48 5.546357
42 49 4.336397
42 50 5.466282
42 51 5.672785
42 53 5.169523
42 64 5.571958
43 44 1.234158
43 45 1.353587
43 46 2.476780
43 47 3.088082
43 48 4.054224
43 49 3.185179
43 50 4.446380
43 51 4.731707
43 53 4.155592
43 54 4.975797
43 55 5.717846
43 63 5.764895
43 64 4.576738
44 45 2.255805
44 46 2.794060
44 47 2.987993
44 48 3.660305
44 49 3.196674
44 50 4.245330
44 51 4.177143
44 52 5.272079
44 53 3.319268
44 54 3.947606
44 55 4.554397
44 56 5.286658
44 57 4.746153
44 61 4.859965
44 62 5.304039
44 63 4.928534
44 64 3.830117
45 46 1.466803
45 47 2.518073
45 48 3.596247
45 49 2.840892
45 50 4.287023
45 51 4.973438
45 53 4.623059
45 54 5.703306
45 64 4.975039
46 47 1.538480
46 48 2.402603
46 49 2.473644
46 50 3.875613
46 51 4.680025
46 53 4.366217
46 54 5.566390
46 57 5.599574
46 64 4.725402
47 48 1.230669
47 49 1.340009
47 50 2.493011
47 51 3.303925
47 52 4.496909
47 53 3.173692
47 54 4.520548
47 55 5.041051
47 57 4.578154
47 58 5.608337
47 61 5.537712
47 64 5.197099
48 49 2.245547
48 50 2.836794
48 51 3.380365
48 52 4.503297
48 53 3.152440
48 54 4.383031
48 55 4.575333
48 56 5.720560
48 57 3.830062
48 58 4.680823
48 59 5.316529
48 61 4.892853
48 63 5.784984
48 64 5.047742
49 50 1.468638
49 51 2.518403
49 52 3.626898
49 53 2.799828
49 54 4.238263
49 55 5.129378
49 57 4.926019
50 51 1.538364
50 52 2.396269
50 53 2.472441
50 54 3.874669
50 55 4.870410
50 57 4.715593
51 52 1.227473
51 53 1.340090
51 54 2.491782
51 55 3.618644
51 56 4.747044
51 57 3.743241
51 58 5.141785
52 53 2.247425
52 54 2.838551
52 55 3.993687
52 56 4.994254
52 57 4.275519
52 58 5.620440
53 54 1.470282
53 55 2.521963
53 56 3.647498
53 57 2.780094
53 58 4.237132
53 59 5.077414
53 61 4.811286
53 64 5.682493
54 55 1.539550
54 56 2.411140
54 57 2.470201
54 58 3.865549
54 59 4.616787
54 60 5.667190
54 61 4.483561
54 62 5.571241
54 64 5.787221
55 56 1.229196
55 57 1.342548
55 58 2.480704
55 59 3.186621
55 60 4.168449
55 61 3.304546
55 62 4.495145
55 63 5.434023
55 64 5.253641
56 57 2.244206
56 58 2.808441
56 59 3.134699
56 60 3.845886
56 61 3.361019
56 62 4.315486
56 63 5.488711
56 64 5.505405
57 58 1.468899
57 59 2.525519
57 60 3.611464
57 61 2.831902
57 62 4.246742
57 63 5.096285
57 64 4.982960
58 59 1.533586
58 60 2.391459
58 61 2.467677
58 62 3.866277
58 63 4.907130
58 64 5.132025
59 60 1.229931
59 61 1.342327
59 62 2.492820
59 63 3.703875
59 64 4.209821
59 65 4.619838
60 61 2.255772
60 62 2.850261
60 63 4.186687
60 64 4.955702
60 65 4.844740
61 62 1.468887
61 63 2.495829
61 64 2.891600
61 65 3.596336
61 66 4.845390
61 67 5.629483
61 68 5.583049
62 63 1.543115
62 64 2.398940
62 65 2.499216
62 66 3.877662
62 67 4.544601
62 68 4.340930
62 69 5.747621
63 64 1.233780
63 65 1.348925
63 66 2.470059
63 67 3.141852
63 68 3.201310
63 69 4.272448
63 70 5.362749
64 65 2.253794
64 66 2.791997
64 67 3.133131
64 68 3.316760
64 69 3.981296
64 70 4.963723
65 66 1.463443
65 67 2.486735
65 68 2.739245
65 69 3.703002
65 70 4.928886
65 71 5.516058
65 72 5.566800
66 67 1.541100
66 68 2.401522
66 69 2.486179
66 70 3.860383
66 71 4.505538
66 72 4.462119
66 73 5.577715
67 68 1.233508
67 69 1.347466
67 70 2.460357
67 71 3.120032
67 72 3.356952
67 73 4.109337
67 74 5.243112
68 69 2.256744
68 70 2.788092
68 71 3.127490
68 72 3.550058
68 73 3.760057
68 74 4.801159
69 70 1.458545
69 71 2.477297
69 72 2.802824
69 73 3.639517
69 74 4.891677
69 75 5.633067
70 71 1.539351
70 72 2.402594
70 73 2.479020
70 74 3.858247
70 75 4.523928
70 76 4.744333
70 77 5.320781
71 72 1.232580
71 73 1.344367
71 74 2.465777
71 75 3.185022
71 76 3.686053
71 77 3.893416
71 78 5.160821
72 73 2.252345
72 74 2.797418
72 75 3.269070
72 76 4.006701
72 77 3.537034
72 78 4.734138
73 74 1.458499
73 75 2.469311
73 76 2.919926
73 77 3.493523
73 78 4.835327
73 79 5.706440
74 75 1.539175
74 76 2.409439
74 77 2.452517
74 78 3.864219
74 79 4.530957
74 80 4.650729
75 76 1.232953
75 77 1.340372
75 78 2.504410
75 79 3.249604
75 80 3.686721
76 77 2.262593
76 78 2.882840
76 79 3.446348
76 80 4.145653
77 78 1.472848
77 79 2.489480
77 80 2.884393
78 79 1.530316
78 80 2.378249
79 80 1.250268

RESIDUES
ASN 1
 1.0 3.000000
 1.1 2.785714
 1.2 2.772727
 1.3 2.159091
 1.4 1.942857
 1.5 1.586957
 1.6 1.545455
 2.0 0.555333
 2.1 0.618571
 2.2 0.642786
 2.3 0.639243
 2.4 0.639620
 2.5 0.646716
 2.6 0.624435
 2.7 0.575024
 2.8 0.404840
 2.9 0.294406
 3.0 0.239527
 3.1 0.149781
 3.2 0.137968
 3.3 0.181612
 3.4 0.246246
 3.5 0.267266
 3.6 0.211973
 3.7 0.190506
 3.8 0.192687
 3.9 0.195696
 4.0 0.212772
 4.1 0.228571
 4.2 0.241291
 4.3 0.252959
 4.4 0.258738
 4.5 0.267600
 4.6 0.273302
 4.7 0.275466
 4.8 0.275073
 4.9 0.272500
 5.0 0.266598
 5.1 0.260940
 5.2 0.255478
 5.3 0.251977
 5.4 0.249240
 5.5 0.247750
 5.6 0.247323
 5.7 0.246532
 5.8 0.244304
 5.9 0.240931
 6.0 0.239222

LEU 2
 1.0 3.555556
 1.1 2.785714
 1.2 2.750000
 1.3 2.056818
 1.4 1.671429
 1.5 1.391304
 1.6 1.363636
 2.0 0.055000
 2.1 0.023000
 2.2 0.011036
 2.3 -0.022129
 2.4 -0.021831
 2.5 -0.028060
 2.6 -0.021765
 2.7 -0.009988
 2.8 0.033640
 2.9 -0.074594
 3.0 -0.136149
 3.1 -0.225031
 3.2 -0.246903
 3.3 -0.229284
 3.4 -0.134870
 3.5 -0.064329
 3.6 -0.002189
 3.7 -0.002482
 3.8 -0.004000
 3.9 0.010228
 4.0 0.044899
 4.1 0.057488
 4.2 0.079481
 4.3 0.094423
 4.4 0.100430
 4.5 0.107500
 4.6 0.115113
 4.7 0.120780
 4.8 0.130464
 4.9 0.133594
 5.0 0.133557
 5.1 0.133270
 5.2 0.137189
 5.3 0.138205
 5.4 0.140135
 5.5 0.143663
 5.6 0.145302
 5.7 0.147675
 5.8 0.151875
 5.9 0.155793
 6.0 0.156889

TYR 3
 1.0 3.333333
 1.1 2.714286
 1.2 2.681818
 1.3 1.863636
 1.4 1.485714
 1.5 1.086957
 1.6 1.045455
 2.0 -0.000667
 2.1 -0.000857
 2.2 -0.000821
 2.3 0.032871
 2.4 0.032394
 2.5 0.034388
 2.6 0.035200
 2.7 -0.011916
 2.8 -0.154560
 2.9 -0.236531
 3.0 -0.271257
 3.1 -0.377328
 3.2 -0.353758
 3.3 -0.269582
 3.4 -0.168087
 3.5 -0.105253
 3.6 -0.072378
 3.7 -0.036386
 3.8 -0.018108
 3.9 0.004025
 4.0 0.044228
 4.1 0.066512
 4.2 0.079139
 4.3 0.084381
 4.4 0.081374
 4.5 0.077645
 4.6 0.076009
 4.7 0.072949
 4.8 0.066291
 4.9 0.065094
 5.0 0.067052
 5.1 0.070640
 5.2 0.077633
 5.3 0.087841
 5.4 0.091167
 5.5 0.090913
 5.6 0.090979
 5.7 0.089623
 5.8 0.085750
 5.9 0.086517
 6.0 0.088000

ILE 4
 1.0 3.666667
 1.1 2.928571
 1.2 2.886364
 1.3 1.943182
 1.4 1.500000
 1.5 1.043478
 1.6 1.000000
 2.0 -0.111333
 2.1 -0.119429
 2.2 -0.060071
 2.3 -0.038086
 2.4 -0.039901
 2.5 -0.034791
 2.6 -0.011482
 2.7 -0.065855
 2.8 -0.226220
 2.9 -0.314813
 3.0 -0.362405
 3.1 -0.528687
 3.2 -0.492581
 3.3 -0.344940
 3.4 -0.193754
 3.5 -0.083089
 3.6 -0.018986
 3.7 -0.057434
 3.8 -0.072651
 3.9 -0.087329
 4.0 -0.085013
 4.1 -0.053417
 4.2 0.008089
 4.3 0.021082
 4.4 0.018916
 4.5 0.014364
 4.6 0.015189
 4.7 0.017153
 4.8 0.019227
 4.9 0.015491
 5.0 0.014753
 5.1 0.013800
 5.2 0.009511
 5.3 0.010080
 5.4 0.016354
 5.5 0.019115
 5.6 0.020281
 5.7 0.019442
 5.8 0.020214
 5.9 0.019241
 6.0 0.019444

GLN 5
 1.0 3.111111
 1.1 2.666667
 1.2 2.636364
 1.3 1.840909
 1.4 1.514286
 1.5 1.086957
 1.6 1.045455
 2.0 0.166000
 2.1 0.142143
 2.2 0.070893
 2.3 -0.002571
 2.4 -0.000197
 2.5 -0.012582
 2.6 -0.029235
 2.7 -0.029880
 2.8 -0.029540
 2.9 -0.047516
 3.0 -0.060041
 3.1 -0.061609
 3.2 -0.007935
 3.3 0.095015
 3.4 0.198391
 3.5 0.261582
 3.6 0.312189
 3.7 0.249301
 3.8 0.190361
 3.9 0.122544
 4.0 0.075709
 4.1 0.056405
 4.2 0.057316
 4.3 0.073577
 4.4 0.074869
 4.5 0.056827
 4.6 0.050509
 4.7 0.039373
 4.8 0.024791
 4.9 0.024368
 5.0 0.031536
 5.1 0.035510
 5.2 0.039900
 5.3 0.039977
 5.4 0.037750
 5.5 0.033808
 5.6 0.030906
 5.7 0.031442
 5.8 0.031250
 5.9 0.024345
 6.0 0.015889

TRP 6
 1.0 3.777778
 1.1 2.976190
 1.2 2.931818
 1.3 2.056818
 1.4 1.614286
 1.5 1.217391
 1.6 1.181818
 2.0 -0.111667
 2.1 -0.048429
 2.2 -0.024607
 2.3 -0.010943
 2.4 -0.010803
 2.5 -0.001448
 2.6 -0.004906
 2.7 -0.010892
 2.8 -0.028180
 2.9 -0.151766
 3.0 -0.231649
 3.1 -0.433594
 3.2 -0.523968
 3.3 -0.540149
 3.4 -0.528246
 3.5 -0.468316
 3.6 -0.368392
 3.7 -0.258843
 3.8 -0.207542
 3.9 -0.154013
 4.0 -0.142734
 4.1 -0.124381
 4.2 -0.138544
 4.3 -0.130897
 4.4 -0.100645
 4.5 -0.055309
 4.6 -0.055208
 4.7 -0.062051
 4.8 -0.057418
 4.9 -0.056311
 5.0 -0.053443
 5.1 -0.049170
 5.2 -0.045478
 5.3 -0.049170
 5.4 -0.065115
 5.5 -0.072663
 5.6 -0.076292
 5.7 -0.081273
 5.8 -0.087786
 5.9 -0.082207
 6.0 -0.074333

LEU 7
 1.0 3.666667
 1.1 3.071429
 1.2 3.022727
 1.3 1.897727
 1.4 1.442857
 1.5 0.826087
 1.6 0.772727
 2.0 -0.055667
 2.1 -0.060000
 2.2 -0.030071
 2.3 0.007343
 2.4 0.004887
 2.5 0.007687
 2.6 0.002224
 2.7 -0.135229
 2.8 -0.450020
 2.9 -0.557312
 3.0 -0.590757
 3.1 -0.865109
 3.2 -0.764774
 3.3 -0.527269
 3.4 -0.261739
 3.5 -0.048367
 3.6 0.157811
 3.7 0.217289
 3.8 0.211301
 3.9 0.161532
 4.0 0.084266
 4.1 0.049607
 4.2 0.018253
 4.3 0.008753
 4.4 0.002542
 4.5 -0.011918
 4.6 -0.018896
 4.7 -0.026280
 4.8 -0.041091
 4.9 -0.049519
 5.0 -0.053856
 5.1 -0.056360
 5.2 -0.055789
 5.3 -0.049670
 5.4 -0.040885
 5.5 -0.034856
 5.6 -0.028823
 5.7 -0.023182
 5.8 -0.018357
 5.9 -0.018517
 6.0 -0.015556

LYS 8
 1.0 3.222222
 1.1 2.761905
 1.2 2.727273
 1.3 1.931818
 1.4 1.600000
 1.5 1.173913
 1.6 1.136364
 2.0 0.000000
 2.1 0.035214
 2.2 0.017464
 2.3 0.054357
 2.4 0.053592
 2.5 0.056806
 2.6 0.050965
 2.7 0.033253
 2.8 -0.087680
 2.9 -0.152563
 3.0 -0.169797
 3.1 -0.227125
 3.2 -0.206726
 3.3 -0.134507
 3.4 -0.062406
 3.5 -0.026861
 3.6 0.007514
 3.7 0.039904
 3.8 0.073675
 3.9 0.113000
 4.0 0.159557
 4.1 0.167393
 4.2 0.167658
 4.3 0.146515
 4.4 0.130280
 4.5 0.120309
 4.6 0.110811
 4.7 0.106059
 4.8 0.103164
 4.9 0.103047
 5.0 0.099619
 5.1 0.100070
 5.2 0.098767
 5.3 0.099818
 5.4 0.101740
 5.5 0.103385
 5.6 0.102833
 5.7 0.103727
 5.8 0.103786
 5.9 0.105103
 6.0 0.103444

ASP 9
 1.0 3.777778
 1.1 2.928571
 1.2 2.886364
 1.3 1.988636
 1.4 1.528571
 1.5 1.130435
 1.6 1.090909
 2.0 0.000000
 2.1 -0.024286
 2.2 -0.012357
 2.3 -0.022771
 2.4 -0.022451
 2.5 -0.023776
 2.6 -0.005882
 2.7 -0.005952
 2.8 0.015080
 2.9 0.025094
 3.0 0.059311
 3.1 0.113828
 3.2 0.154290
 3.3 0.174910
 3.4 0.186551
 3.5 0.157532
 3.6 0.128189
 3.7 0.103819
 3.8 0.088133
 3.9 0.081519
 4.0 -0.016646
 4.1 -0.112167
 4.2 -0.224582
 4.3 -0.311515
 4.4 -0.365262
 4.5 -0.356582
 4.6 -0.316604
 4.7 -0.246110
 4.8 -0.164955
 4.9 -0.097575
 5.0 -0.047629
 5.1 -0.030320
 5.2 -0.004533
 5.3 0.005102
 5.4 0.010104
 5.5 0.010615
 5.6 0.010115
 5.7 0.008468
 5.8 0.007875
 5.9 0.000103
 6.0 -0.003444

GLY 10
 1.0 3.666667
 1.1 2.976190
 1.2 2.931818
 1.3 1.920455
 1.4 1.471429
 1.5 0.956522
 1.6 0.909091
 2.0 0.027667
 2.1 0.035143
 2.2 0.017464
 2.3 -0.023029
 2.4 -0.020366
 2.5 -0.021567
 2.6 -0.040341
 2.7 -0.115590
 2.8 -0.289260
 2.9 -0.450953
 3.0 -0.472392
 3.1 -0.634313
 3.2 -0.619806
 3.3 -0.506881
 3.4 -0.298551
 3.5 -0.227392
 3.6 -0.158054
 3.7 -0.128120
 3.8 -0.136133
 3.9 -0.173772
 4.0 -0.194165
 4.1 -0.193845
 4.2 -0.177595
 4.3 -0.152103
 4.4 -0.135093
 4.5 -0.090345
 4.6 -0.070094
 4.7 -0.041992
 4.8 -0.009982
 4.9 0.029377
 5.0 0.039041
 5.1 0.032240
 5.2 0.021178
 5.3 0.003886
 5.4 -0.023771
 5.5 -0.036856
 5.6 -0.046208
 5.7 -0.050545
 5.8 -0.045679
 5.9 -0.046724
 6.0 -0.048778

GLY 11
 1.0 3.888889
 1.1 3.214286
 1.2 3.159091
 1.3 2.056818
 1.4 1.585714
 1.5 1.000000
 1.6 0.954545
 2.0 -0.027833
 2.1 -0.059929
 2.2 -0.030143
 2.3 -0.027271
 2.4 -0.029239
 2.5 -0.030970
 2.6 -0.029047
 2.7 -0.039687
 2.8 -0.055220
 2.9 -0.060984
 3.0 -0.059824
 3.1 -0.144719
 3.2 -0.224129
 3.3 -0.278045
 3.4 -0.284725
 3.5 -0.256962
 3.6 -0.227162
 3.7 -0.246530
 3.8 -0.274651
 3.9 -0.355937
 4.0 -0.478987
 4.1 -0.558821
 4.2 -0.629443
 4.3 -0.659928
 4.4 -0.656710
 4.5 -0.641636
 4.6 -0.596443
 4.7 -0.438602
 4.8 -0.261073
 4.9 -0.163792
 5.0 -0.085557
 5.1 -0.058290
 5.2 -0.080078
 5.3 -0.117330
 5.4 -0.109427
 5.5 -0.106952
 5.6 -0.104875
 5.7 -0.101831
 5.8 -0.106661
 5.9 -0.116345
 6.0 -0.126222

PRO 12
 1.0 3.555556
 1.1 3.047619
 1.2 3.000000
 1.3 1.977273
 1.4 1.571429
 1.5 1.000000
 1.6 0.954545
 2.0 0.083000
 2.1 0.082714
 2.2 0.041036
 2.3 0.061657
 2.4 0.063127
 2.5 0.061955
 2.6 0.042141
 2.7 0.055410
 2.8 0.055400
 2.9 0.082812
 3.0 0.097243
 3.1 0.166406
 3.2 0.201032
 3.3 0.213522
 3.4 0.212536
 3.5 0.206595
 3.6 0.188730
 3.7 0.145651
 3.8 0.126169
 3.9 0.123481
 4.0 0.127506
 4.1 0.137179
 4.2 0.168823
 4.3 0.181876
 4.4 0.177963
 4.5 0.162236
 4.6 0.148038
 4.7 0.120466
 4.8 0.088582
 4.9 0.085962
 5.0 0.097485
 5.1 0.118500
 5.2 0.153922
 5.3 0.189830
 5.4 0.195292
 5.5 0.186865
 5.6 0.180438
 5.7 0.177091
 5.8 0.170321
 5.9 0.150655
 6.0 0.141000

SER 13
 1.0 3.222222
 1.1 2.714286
 1.2 2.681818
 1.3 1.863636
 1.4 1.514286
 1.5 1.086957
 1.6 1.045455
 2.0 -0.028167
 2.1 -0.012643
 2.2 -0.006536
 2.3 -0.002700
 2.4 -0.002676
 2.5 -0.000313
 2.6 0.014635
 2.7 0.015060
 2.8 0.005140
 2.9 -0.105359
 3.0 -0.108068
 3.1 -0.132594
 3.2 -0.103484
 3.3 -0.035806
 3.4 0.113565
 3.5 0.177089
 3.6 0.216959
 3.7 0.241422
 3.8 0.238783
 3.9 0.223886
 4.0 0.203696
 4.1 0.184917
 4.2 0.140962
 4.3 0.124546
 4.4 0.131804
 4.5 0.128755
 4.6 0.127160
 4.7 0.122517
 4.8 0.123364
 4.9 0.110104
 5.0 0.094825
 5.1 0.087620
 5.2 0.082389
 5.3 0.079295
 5.4 0.086427
 5.5 0.097106
 5.6 0.103917
 5.7 0.110247
 5.8 0.115839
 5.9 0.124690
 6.0 0.124667

SER 14
 1.0 3.333333
 1.1 2.833333
 1.2 2.795455
 1.3 1.988636
 1.4 1.642857
 1.5 1.217391
 1.6 1.181818
 2.0 0.082667
 2.1 0.034857
 2.2 0.016964
 2.3 -0.007657
 2.4 -0.007563
 2.5 -0.015418
 2.6 -0.003259
 2.7 -0.003181
 2.8 0.014960
 2.9 0.009063
 3.0 -0.024378
 3.1 -0.103078
 3.2 -0.171129
 3.3 -0.229433
 3.4 -0.285319
 3.5 -0.273987
 3.6 -0.248486
 3.7 -0.183783
 3.8 -0.114036
 3.9 -0.044177
 4.0 -0.104354
 4.1 -0.200881
 4.2 -0.327684
 4.3 -0.488753
 4.4 -0.587486
 4.5 -0.556209
 4.6 -0.481302
 4.7 -0.332068
 4.8 -0.176500
 4.9 -0.069519
 5.0 -0.012701
 5.1 -0.024090
 5.2 -0.049267
 5.3 -0.055307
 5.4 -0.042542
 5.5 -0.035260
 5.6 -0.030833
 5.7 -0.033039
 5.8 -0.032464
 5.9 -0.018862
 6.0 0.000333

GLY 15
 1.0 3.444444
 1.1 2.928571
 1.2 2.886364
 1.3 1.920455
 1.4 1.528571
 1.5 1.000000
 1.6 0.954545
 2.0 -0.139167
 2.1 -0.107643
 2.2 -0.053929
 2.3 0.002014
 2.4 -0.000366
 2.5 0.009597
 2.6 -0.002094
 2.7 -0.002108
 2.8 -0.033180
 2.9 -0.023297
 3.0 -0.006378
 3.1 0.052937
 3.2 0.102226
 3.3 0.149075
 3.4 0.194768
 3.5 0.208304
 3.6 0.204878
 3.7 0.157361
 3.8 0.126036
 3.9 0.092304
 4.0 0.045089
 4.1 0.027119
 4.2 0.018000
 4.3 0.033619
 4.4 0.041486
 4.5 0.044100
 4.6 0.052226
 4.7 0.055763
 4.8 0.057573
 4.9 0.072066
 5.0 0.098866
 5.1 0.114090
 5.2 0.138511
 5.3 0.149614
 5.4 0.147031
 5.5 0.141692
 5.6 0.142646
 5.7 0.147390
 5.8 0.150125
 5.9 0.145724
 6.0 0.147889

ARG 16
 1.0 3.888889
 1.1 3.214286
 1.2 3.159091
 1.3 2.215909
 1.4 1.785714
 1.5 1.304348
 1.6 1.272727
 2.0 0.000000
 2.1 0.023429
 2.2 0.011464
 2.3 -0.055900
 2.4 -0.055113
 2.5 -0.058388
 2.6 -0.056482
 2.7 -0.069843
 2.8 -0.048040
 2.9 -0.061359
 3.0 -0.083135
 3.1 -0.152844
 3.2 -0.202839
 3.3 -0.247478
 3.4 -0.282348
 3.5 -0.273266
 3.6 -0.293703
 3.7 -0.383892
 3.8 -0.438048
 3.9 -0.506848
 4.0 -0.615797
 4.1 -0.656060
 4.2 -0.655076
 4.3 -0.662072
 4.4 -0.686748
 4.5 -0.724927
 4.6 -0.756887
 4.7 -0.649500
 4.8 -0.564236
 4.9 -0.470670
 5.0 -0.365113
 5.1 -0.287470
 5.2 -0.300200
 5.3 -0.308159
 5.4 -0.319760
 5.5 -0.315760
 5.6 -0.317292
 5.7 -0.320922
 5.8 -0.319500
 5.9 -0.299655
 6.0 -0.302000

PRO 17
 1.0 3.888889
 1.1 3.309524
 1.2 3.250000
 1.3 2.102273
 1.4 1.642857
 1.5 1.000000
 1.6 0.954545
 2.0 0.000000
 2.1 -0.036000
 2.2 -0.018286
 2.3 -0.009314
 2.4 -0.009183
 2.5 -0.009731
 2.6 -0.001765
 2.7 -0.001711
 2.8 -0.000040
 2.9 -0.005000
 3.0 -0.001716
 3.1 0.011547
 3.2 0.015016
 3.3 0.016493
 3.4 0.013377
 3.5 0.004810
 3.6 -0.012122
 3.7 -0.019940
 3.8 -0.019060
 3.9 -0.008620
 4.0 0.001000
 4.1 0.016048
 4.2 0.036709
 4.3 0.044474
 4.4 0.046907
 4.5 0.047373
 4.6 0.039189
 4.7 0.014212
 4.8 0.001500
 4.9 -0.006028
 5.0 -0.010505
 5.1 -0.008360
 5.2 0.012500
 5.3 0.017239
 5.4 0.019781
 5.5 0.021269
 5.6 0.026615
 5.7 0.027078
 5.8 0.026679
 5.9 0.028931
 6.0 0.044000

PRO 18
 1.0 3.777778
 1.1 3.190476
 1.2 3.136364
 1.3 1.977273
 1.4 1.514286
 1.5 0.869565
 1.6 0.818182
 2.0 0.000000
 2.1 0.047214
 2.2 0.023286
 2.3 0.018186
 2.4 0.017930
 2.5 0.019015
 2.6 0.007235
 2.7 0.007518
 2.8 0.000060
 2.9 0.010375
 3.0 0.015824
 3.1 0.018547
 3.2 0.028823
 3.3 0.034881
 3.4 0.030174
 3.5 0.019114
 3.6 0.024392
 3.7 0.023277
 3.8 0.016193
 3.9 0.011114
 4.0 0.018456
 4.1 0.014214
 4.2 0.005924
 4.3 0.006299
 4.4 0.007505
 4.5 0.002018
 4.6 0.003000
 4.7 0.008890
 4.8 0.008927
 4.9 0.007849
 5.0 0.008031
 5.1 0.007700
 5.2 -0.001100
 5.3 -0.003352
 5.4 -0.001177
 5.5 0.003837
 5.6 0.002385
 5.7 0.004545
 5.8 0.009357
 5.9 0.011793
 6.0 0.000000

PRO 19
 1.0 3.777778
 1.1 3.047619
 1.2 3.000000
 1.3 1.886364
 1.4 1.400000
 1.5 0.826087
 1.6 0.772727
 2.0 0.000000
 2.1 -0.071643
 2.2 -0.036250
 2.3 0.067843
 2.4 0.066887
 2.5 0.070896
 2.6 0.067776
 2.7 0.069554
 2.8 0.000180
 2.9 0.000141
 3.0 0.006838
 3.1 0.011281
 3.2 0.014468
 3.3 0.027567
 3.4 0.057420
 3.5 0.069848
 3.6 0.082851
 3.7 0.087494
 3.8 0.093265
 3.9 0.081709
 4.0 0.068114
 4.1 0.064012
 4.2 0.060165
 4.3 0.052887
 4.4 0.048449
 4.5 0.049918
 4.6 0.054472
 4.7 0.061102
 4.8 0.066718
 4.9 0.071538
 5.0 0.078371
 5.1 0.079100
 5.2 0.085267
 5.3 0.094182
 5.4 0.098500
 5.5 0.096683
 5.6 0.097458
 5.7 0.095104
 5.8 0.090643
 5.9 0.087759
 6.0 0.090000

SER 20
 1.0 4.000000
 1.1 3.238095
 1.2 3.204545
 1.3 2.352273
 1.4 1.928571
 1.5 1.543478
 1.6 1.500000
 2.0 0.500000
 2.1 0.488071
 2.2 0.410071
 2.3 0.335200
 2.4 0.337521
 2.5 0.326582
 2.6 0.338906
 2.7 0.351349
 2.8 0.417000
 2.9 0.417000
 3.0 0.418122
 3.1 0.439047
 3.2 0.456097
 3.3 0.463134
 3.4 0.463000
 3.5 0.466671
 3.6 0.459068
 3.7 0.451253
 3.8 0.445687
 3.9 0.451316
 4.0 0.452962
 4.1 0.452583
 4.2 0.454899
 4.3 0.458835
 4.4 0.460477
 4.5 0.460400
 4.6 0.458255
 4.7 0.451898
 4.8 0.445700
 4.9 0.440953
 5.0 0.433567
 5.1 0.429680
 5.2 0.422867
 5.3 0.415455
 5.4 0.408875
 5.5 0.405740
 5.6 0.403167
 5.7 0.402961
 5.8 0.402571
 5.9 0.401241
 6.0 0.399000

