ATOMS
N -8.901 4.127 -0.555
CA -8.608 3.135 -1.618
C -7.117 2.964 -1.897
O -6.634 1.849 -1.758
H1 -8.330 3.957 0.261
H2 -8.740 5.068 -0.889
H3 -9.877 4.041 -0.293
HA -8.930 2.162 -1.239

N -6.379 4.031 -2.228
CA -4.923 4.002 -2.452
C -4.136 3.187 -1.404
O -3.391 2.274 -1.760
H -6.821 4.923 -2.394
HA -4.750 3.494 -3.403

N -4.354 3.455 -0.111
CA -3.690 2.738 0.981
C -4.102 1.256 1.074
O -3.291 0.409 1.442
H -4.934 4.245 0.120
HA -2.615 2.768 0.796

N -5.342 0.925 0.689
CA -5.857 -0.449 0.613
C -5.089 -1.221 -0.470
O -4.621 -2.334 -0.226
H -5.906 1.656 0.283
HA -5.670 -0.941 1.568

N -4.907 -0.601 -1.645
CA -4.122 -1.167 -2.743
C -2.629 -1.321 -2.390
O -1.986 -2.240 -2.884
H -5.327 0.318 -1.763
HA -4.517 -2.162 -2.940

N -2.074 -0.459 -1.528
CA -0.716 -0.631 -0.993
C -0.631 -1.766 0.044
O 0.295 -2.579 -0.004
H -2.624 0.343 -1.242
HA -0.052 -0.908 -1.813

N -1.600 -1.860 0.967
CA -1.641 -2.932 1.963
C -1.847 -4.319 1.342
O -1.144 -5.248 1.742
H -2.316 -1.137 0.994
HA -0.666 -2.978 2.445

N -2.753 -4.481 0.360
CA -3.024 -5.791 -0.269
C -1.796 -6.427 -0.937
O -1.719 -7.648 -1.030
H -3.321 -3.675 0.097
HA -3.309 -6.478 0.529

N -0.828 -5.607 -1.355
CA 0.466 -6.016 -1.905
C 1.481 -6.464 -0.832
O 2.545 -6.971 -1.194
H -1.010 -4.616 -1.291
HA 0.319 -6.867 -2.574

N 1.185 -6.278 0.464
CA 2.060 -6.618 1.593
C 2.628 -5.412 2.353
O 3.496 -5.594 3.208
H 0.265 -5.908 0.693

N 2.172 -4.187 2.055
CA 2.626 -2.967 2.723
C 4.157 -2.802 2.654
O 4.710 -2.829 1.551
H 1.481 -4.089 1.319

N 4.871 -2.651 3.794
CA 6.333 -2.533 3.806
C 7.058 -3.729 3.165
O 8.139 -3.562 2.601
HA 6.611 -1.626 3.267

N 6.463 -4.929 3.205
CA 7.049 -6.179 2.704
C 6.897 -6.369 1.185
O 7.025 -7.488 0.697
H 5.535 -4.999 3.613
HA 8.121 -6.159 2.903

N 6.637 -5.290 0.434
CA 6.389 -5.315 -1.015
C 7.332 -4.405 -1.823
O 7.082 -4.123 -2.993
H 6.509 -4.415 0.930
HA 6.562 -6.329 -1.378

N 8.419 -3.920 -1.202
CA 9.451 -3.116 -1.870
C 8.984 -1.725 -2.316
O 9.539 -1.177 -3.267
H 8.573 -4.210 -0.246

N 7.956 -1.164 -1.660
CA 7.289 0.084 -2.054
C 6.855 0.916 -0.829
O 6.222 0.366 0.076
H 7.579 -1.676 -0.874
HA 8.009 0.663 -2.630

N 7.156 2.230 -0.780
CA 6.782 3.088 0.345
C 5.261 3.331 0.395
O 4.586 3.165 -0.624
HA 7.107 2.628 1.279

N 4.710 3.739 1.555
CA 3.287 4.031 1.686
C 2.901 5.305 0.913
O 3.684 6.256 0.871
HA 2.719 3.181 1.316

N 1.688 5.360 0.336
CA 1.185 6.543 -0.353
C 0.715 7.607 0.655
O -0.124 7.324 1.513
HA 1.961 6.966 -0.991

N 1.271 8.822 0.549
CA 0.852 10.027 1.285
C -0.406 10.657 0.683
O -0.387 10.916 -0.540
H 1.969 8.961 -0.165
HA 0.601 9.760 2.310

EDGES
1 2 1.483200
1 3 2.517179
1 4 3.431586
1 5 1.010345
1 6 1.011414
1 7 1.014207
1 8 2.080846
1 9 3.027974
1 10 4.408936
1 11 4.930479
1 13 2.888241
1 14 5.073716
1 15 4.617784
1 16 5.607418
1 19 4.025747
1 21 4.946395
1 22 5.618713
1 25 3.972167
1 31 5.361084
2 3 1.526487
2 4 2.360100
2 5 2.069688
2 6 2.070110
2 7 2.046173
2 8 1.092728
2 9 2.478580
2 10 3.876399
2 11 4.477419
2 12 5.289478
2 13 2.644331
2 14 4.266060
2 15 4.524375
2 16 5.576660
2 17 5.575082
2 19 4.213196
2 21 4.568709
2 22 5.038891
2 23 5.716293
2 25 3.619675
2 27 5.258881
2 31 4.326832
3 4 1.223043
3 5 2.667280
3 6 2.842008
3 7 3.369027
3 8 2.088812
3 9 1.338915
3 10 2.489800
3 11 3.029709
3 12 3.791826
3 13 2.042622
3 14 2.855105
3 15 3.326416
3 16 4.480880
3 17 4.564464
3 18 5.684648
3 19 3.236470
3 20 5.249635
3 21 3.741062
3 22 4.419985
3 23 4.864498
3 25 2.815987
3 26 5.417477
3 27 4.202003
3 28 5.172127
3 31 3.197401
3 37 5.242682
4 5 3.375862
4 6 3.943648
4 7 4.179490
4 8 2.374647
4 9 2.246564
4 10 2.836294
4 11 2.855795
4 12 3.270730
4 13 3.144669
4 14 2.993577
4 15 3.238865
4 16 4.118201
4 17 3.844853
4 18 4.846571
4 19 3.486789
4 20 4.849726
4 21 2.917336
4 22 3.392075
4 23 3.670268
4 24 4.888423
4 25 2.175526
4 26 4.446985
4 27 2.999633
4 28 4.046804
4 29 5.146683
4 31 2.013016
4 32 4.686890
4 33 5.115991
4 37 4.314440
5 6 1.650733
5 7 1.645351
5 8 2.414959
5 9 3.163384
5 10 4.355461
5 11 4.577637
5 12 5.595592
5 13 3.203008
5 14 5.143507
5 15 4.024794
5 16 4.851181
5 17 5.082554
5 19 3.411106
5 21 4.278359
5 22 5.064827
5 25 3.342284
5 26 5.724880
5 31 5.133898
6 7 1.643993
6 8 2.933161
6 9 2.905617
6 10 4.260142
6 11 5.000020
6 13 2.443074
6 14 4.971697
6 15 4.737515
6 19 4.022567
6 21 5.585780
6 25 4.587688
7 8 2.307025
7 9 3.997540
7 10 5.404157
7 13 3.811989
7 15 5.556982
7 19 4.964417
7 21 5.589276
7 25 4.667852
8 9 3.313440
8 10 4.573075
8 11 4.905129
8 12 5.564576
8 13 3.661288
8 14 4.891781
8 15 4.887127
8 16 5.719945
8 17 5.429585
8 19 4.706781
8 21 4.256888
8 22 4.437404
8 23 5.175841
8 25 3.423024
8 26 5.304287
8 27 4.897299
8 31 4.081240
9 10 1.473415
9 11 2.534238
9 12 3.497745
9 13 1.009249
9 14 2.079095
9 15 2.985647
9 16 4.381809
9 17 4.877352
9 19 2.765307
9 20 4.990736
9 21 4.385373
9 22 5.330494
9 23 5.686666
9 25 3.488477
9 27 4.895109
9 28 5.690209
9 31 3.887068
9 37 5.354770
10 11 1.543340
10 12 2.410782
10 13 2.110452
10 14 1.091968
10 15 2.470476
10 16 3.860502
10 17 4.543923
10 18 5.544034
10 19 2.583477
10 20 4.171226
10 21 4.416941
10 22 5.484340
10 23 5.588883
10 25 3.735001
10 27 4.673234
10 28 5.238783
10 29 5.796603
10 31 3.769588
10 33 5.373183
10 37 4.487514
11 12 1.230987
11 13 3.347091
11 14 2.113586
11 15 1.338356
11 16 2.467538
11 17 3.141719
11 18 4.065836
11 19 2.019590
11 20 2.707213
11 21 3.309340
11 22 4.500070
11 23 4.605543
11 24 5.666070
11 25 2.884932
11 26 5.312845
11 27 3.873173
11 28 4.555264
11 29 4.854411
11 31 3.127063
11 32 5.578195
11 33 4.190529
11 34 5.142222
11 37 3.225015
11 38 5.797876
11 43 5.268755
12 13 4.379961
12 14 2.456569
12 15 2.245291
12 16 2.796029
12 17 3.094091
12 18 3.706889
12 19 3.130510
12 20 2.716496
12 21 3.409370
12 22 4.373444
12 23 4.094182
12 24 5.009962
12 25 3.298636
12 26 5.158066
12 27 3.252246
12 28 3.652551
12 29 3.728481
12 30 4.859382
12 31 2.752098
12 32 4.726349
12 33 3.042631
12 34 4.022802
12 35 5.214750
12 37 2.141349
12 38 4.612684
12 39 5.266324
12 43 4.513874
13 14 2.710934
13 15 3.667861
13 16 5.095882
13 17 5.732964
13 19 3.215688
13 20 5.701803
13 21 5.260830
13 25 4.321671
13 31 4.882235
14 15 3.315962
14 16 4.573247
14 17 5.046987
14 19 3.606853
14 20 4.766225
14 21 4.867719
14 22 5.735935
14 23 5.563150
14 25 4.277987
14 27 4.459175
14 28 4.749200
14 29 5.358081
14 31 3.620705
14 32 5.679700
14 33 5.128627
14 37 4.372482
15 16 1.465418
15 17 2.510643
15 18 3.580488
15 19 1.006907
15 20 2.078158
15 21 2.831439
15 22 4.245515
15 23 4.747008
15 24 5.796295
15 25 2.408390
15 26 4.886278
15 27 4.371510
15 28 5.323921
15 29 5.565936
15 31 3.676493
15 33 4.746123
15 34 5.541513
15 37 3.735854
15 43 5.144019
16 17 1.541012
16 18 2.407481
16 19 2.135394
16 20 1.091215
16 21 2.470088
16 22 3.871470
16 23 4.442554
16 24 5.296111
16 25 2.562925
16 26 4.219006
16 27 4.418810
16 28 5.413301
16 29 5.381900
16 31 4.008205
16 33 4.373482
16 34 4.908311
16 35 5.524624
16 37 3.437166
16 39 5.050733
16 43 4.111407
17 18 1.229046
17 19 3.245992
17 20 2.138831
17 21 1.339920
17 22 2.489894
17 23 3.081174
17 24 3.853240
17 25 2.009999
17 26 2.743988
17 27 3.389607
17 28 4.521152
17 29 4.561793
17 30 5.689045
17 31 3.229402
17 32 5.288397
17 33 3.718120
17 34 4.392978
17 35 4.716060
17 37 2.895153
17 38 5.424036
17 39 3.997613
17 40 4.938237
17 43 2.987080
17 44 5.622499
17 49 5.087165
18 19 4.377445
18 20 2.537553
18 21 2.244965
18 22 2.829799
18 23 3.089571
18 24 3.474935
18 25 3.120339
18 26 2.738251
18 27 3.627826
18 28 4.548468
18 29 4.256215
18 30 5.237796
18 31 3.798105
18 32 5.226379
18 33 3.324968
18 34 3.693433
18 35 3.709532
18 36 4.886559
18 37 2.766424
18 38 4.777095
18 39 2.869402
18 40 3.762476
18 41 4.944605
18 43 1.881873
18 44 4.400955
18 45 5.037089
18 49 4.299882
19 20 2.831301
19 21 3.393026
19 22 4.809222
19 23 5.499935
19 25 2.770248
19 26 5.434427
19 27 5.157487
19 31 4.372810
19 33 5.746575
19 37 4.734633
20 21 3.293118
20 22 4.570902
20 23 4.861641
20 24 5.576641
20 25 3.511466
20 26 4.866795
20 27 4.749937
20 28 5.502708
20 29 5.183697
20 31 4.461606
20 33 4.013376
20 34 4.284848
20 35 5.005888
20 37 3.167673
20 38 5.185444
20 39 4.741081
20 43 3.921432
20 104 5.375177
20 105 5.044390
20 106 5.478214
20 108 5.241785
21 22 1.469312
21 23 2.452062
21 24 3.460946
21 25 1.008609
21 26 2.088583
21 27 2.822314
21 28 4.200415
21 29 4.678154
21 31 2.526060
21 32 4.835270
21 33 4.184539
21 34 5.162377
21 35 5.463609
21 37 3.384525
21 39 4.672908
21 40 5.495173
21 43 3.674445
21 49 5.059141
22 23 1.535805
22 24 2.405170
22 25 2.131273
22 26 1.090439
22 27 2.454418
22 28 3.845580
22 29 4.494260
22 30 5.515554
22 31 2.552365
22 32 4.165787
22 33 4.346846
22 34 5.389085
22 35 5.419347
22 37 3.810588
22 39 4.498698
22 40 5.075672
22 41 5.620360
22 43 3.627284
22 45 5.094688
22 49 4.135774
23 24 1.231799
23 25 3.084093
23 26 2.137617
23 27 1.340951
23 28 2.470736
23 29 3.122179
23 30 4.061326
23 31 2.024108
23 32 2.704360
23 33 3.284849
23 34 4.443507
23 35 4.520507
23 36 5.572143
23 37 3.019653
23 38 5.222355
23 39 3.827063
23 40 4.553648
23 41 4.836477
23 43 3.136858
23 44 5.580968
23 45 4.095534
23 46 5.018917
23 49 3.077244
23 50 5.639366
23 55 5.370131
24 25 4.222607
24 26 2.501857
24 27 2.258018
24 28 2.818897
24 29 3.110808
24 30 3.743932
24 31 3.145458
24 32 2.721433
24 33 3.420239
24 34 4.328686
24 35 4.039260
24 36 4.927105
24 37 3.490930
24 38 5.042599
24 39 3.282433
24 40 3.745627
24 41 3.754188
24 42 4.945093
24 43 2.869536
24 44 4.815704
24 45 2.905586
24 46 3.808295
24 47 5.023823
24 49 1.895418
24 50 4.411814
24 51 5.135564
24 55 4.402394
25 26 2.907117
25 27 3.131970
25 28 4.506513
25 29 5.171672
25 31 2.512290
25 32 5.185959
25 33 4.736789
25 37 3.849821
25 39 5.601049
25 43 4.603745
26 27 3.319810
26 28 4.586077
26 29 5.005781
26 31 3.577470
26 32 4.810646
26 33 4.769566
26 34 5.585422
26 35 5.328670
26 37 4.338533
26 39 4.215526
26 40 4.511424
26 41 5.106593
26 43 3.408403
26 44 5.473437
26 45 4.743390
26 49 3.893122
27 28 1.463621
27 29 2.502541
27 30 3.571230
27 31 1.017293
27 32 2.065392
27 33 2.838968
27 34 4.241519
27 35 4.742797
27 37 2.503125
27 38 4.867597
27 39 4.398167
27 40 5.396108
27 41 5.666506
27 43 3.736964
27 45 4.869717
27 46 5.689918
27 49 3.872911
27 55 5.606438
28 29 1.541874
28 30 2.394516
28 31 2.148872
28 32 1.088512
28 33 2.484309
28 34 3.866605
28 35 4.507022
28 36 5.385699
28 37 2.603287
28 38 4.182927
28 39 4.539255
28 40 5.605089
28 41 5.638967
28 43 4.150627
28 45 4.741874
28 46 5.357953
28 49 3.872630
28 51 5.700051
28 55 4.867078
29 30 1.225580
29 31 3.218486
29 32 2.138767
29 33 1.339445
29 34 2.467241
29 35 3.180312
29 36 3.978107
29 37 2.021590
29 38 2.672906
29 39 3.552297
29 40 4.745532
29 41 4.850500
29 43 3.403422
29 44 5.475056
29 45 4.190880
29 46 4.963423
29 47 5.373670
29 49 3.493615
29 51 4.762838
29 52 5.644225
29 55 3.832230
30 31 4.354571
30 32 2.532821
30 33 2.240188
30 34 2.788846
30 35 3.260964
30 36 3.689483
30 37 3.126515
30 38 2.581012
30 39 3.888907
30 40 4.908289
30 41 4.711755
30 42 5.581837
30 43 4.045293
30 44 5.539430
30 45 4.016703
30 46 4.530482
30 47 4.621458
30 48 5.723204
30 49 3.567606
30 50 5.599959
30 51 3.874983
30 52 4.607485
30 55 3.022516
30 56 5.178634
30 61 5.596084
30 66 5.753616
31 32 2.862137
31 33 3.352755
31 34 4.770201
31 35 5.446166
31 37 2.752867
31 38 5.415829
31 39 5.107555
31 43 4.334074
31 49 4.840215
32 33 3.295785
32 34 4.536780
32 35 4.915493
32 36 5.652374
32 37 3.569549
32 38 4.772721
32 39 4.885155
32 40 5.736173
32 41 5.487902
32 43 4.622919
32 45 4.402210
32 46 4.746886
32 47 5.441146
32 49 3.597632
32 50 5.667546
32 51 5.290460
32 55 4.586978
33 34 1.469685
33 35 2.502335
33 36 3.525498
33 37 1.013657
33 38 2.090768
33 39 2.900431
33 40 4.300035
33 41 4.815395
33 43 2.622734
33 44 4.910454
33 45 4.494671
33 46 5.560378
33 49 3.812911
33 51 5.299467
33 55 4.297547
34 35 1.539746
34 36 2.407269
34 37 2.156650
34 38 1.090883
34 39 2.476590
34 40 3.858518
34 41 4.509183
34 42 5.383317
34 43 2.600809
34 44 4.163022
34 45 4.560973
34 46 5.698828
34 49 4.152115
34 51 4.990407
34 52 5.588121
34 55 4.006927
34 61 5.625983
34 62 5.502362
34 63 5.516749
34 66 4.704245
34 104 5.626904
35 36 1.233187
35 37 3.173913
35 38 2.125995
35 39 1.341539
35 40 2.462157
35 41 3.111474
35 42 3.907774
35 43 2.034052
35 44 2.689790
35 45 3.460342
35 46 4.693085
35 47 4.903520
35 49 3.298968
35 50 5.441494
35 51 4.092590
35 52 4.802552
35 53 5.224856
35 55 3.169916
35 57 4.881844
35 58 5.760450
35 59 5.407946
35 61 4.287211
35 62 4.214519
35 63 4.384916
35 64 5.550706
35 65 5.650425
35 66 3.388583
36 37 4.311762
36 38 2.486992
36 39 2.247405
36 40 2.782408
36 41 3.070420
36 42 3.498971
36 43 3.145265
36 44 2.660888
36 45 3.611150
36 46 4.626330
36 47 4.477709
36 48 5.550102
36 49 3.779798
36 50 5.336207
36 51 3.500730
36 52 3.931413
36 53 4.145528
36 54 5.076245
36 55 2.740212
36 56 4.999242
36 57 3.833239
36 58 4.688193
36 59 4.361677
36 60 5.445509
36 61 3.401316
36 62 3.216873
36 63 3.608412
36 64 4.693585
36 65 4.687510
36 66 2.331743
37 38 2.916544
37 39 3.283514
37 40 4.686570
37 41 5.386560
37 43 2.699067
37 44 5.334489
37 45 5.084685
37 49 4.292209
37 55 5.215274
38 39 3.321296
38 40 4.569428
38 41 4.981061
38 42 5.715426
38 43 3.613501
38 44 4.774145
38 45 4.978319
38 49 4.689430
38 51 4.784615
38 52 5.135022
38 55 3.865166
38 61 5.601832
38 62 5.537097
38 63 5.655657
38 66 4.719987
39 40 1.463858
39 41 2.499663
39 42 3.505297
39 43 1.017897
39 44 2.075274
39 45 2.927029
39 46 4.359843
39 47 4.951881
39 49 2.648201
39 50 4.943526
39 51 4.475229
39 52 5.457937
39 55 3.611399
39 57 5.246709
39 59 5.693302
39 61 4.465378
39 62 4.563623
39 63 4.708297
39 66 3.819019
40 41 1.533573
40 42 2.379014
40 43 2.148630
40 44 1.088607
40 45 2.491095
40 46 3.881803
40 47 4.544123
40 48 5.586125
40 49 2.618474
40 50 4.172852
40 51 4.338861
40 52 5.376981
40 53 5.480322
40 55 3.717867
40 57 4.629146
40 58 5.236497
40 59 4.952460
40 61 3.755305
40 62 4.015278
40 63 4.334295
40 66 3.391205
41 42 1.231767
41 43 3.235149
41 44 2.099917
41 45 1.345884
41 46 2.479402
41 47 3.104852
41 48 4.089622
41 49 2.034069
41 50 2.731244
41 51 3.157707
41 52 4.332757
41 53 4.516955
41 54 5.723117
41 55 2.778753
41 56 5.149652
41 57 3.715049
41 58 4.540160
41 59 4.716184
41 61 2.721519
41 62 4.083890
41 63 4.872658
41 66 3.336018
42 43 4.339748
42 44 2.423962
42 45 2.255459
42 46 2.805953
42 47 2.998697
42 48 3.711416
42 49 3.149553
42 50 2.769746
42 51 3.133711
42 52 4.059869
42 53 3.872306
42 54 5.019716
42 55 3.101043
42 56 4.836257
42 57 2.849285
42 58 3.487795
42 59 3.824683
42 60 4.878368
42 61 1.876508
42 62 3.495647
42 63 4.514224
42 66 2.900489
43 44 2.866563
43 45 3.431510
43 46 4.874028
43 47 5.655375
43 49 2.873339
43 50 5.452390
43 51 5.264299
43 55 4.362373
43 61 5.432734
43 62 5.529047
43 63 5.546324
43 66 4.820491
44 45 3.310861
44 46 4.564968
44 47 4.960890
44 49 3.612193
44 50 4.786074
44 51 4.623622
44 52 5.425253
44 53 5.244095
44 55 4.093785
44 57 4.270897
44 58 4.626725
44 59 4.096737
44 60 4.974723
44 61 3.538526
44 62 3.109345
44 63 3.303736
44 64 4.830733
44 65 5.451863
44 66 2.666797
44 67 5.708336
45 46 1.478236
45 47 2.526851
45 48 3.609868
45 49 1.020504
45 50 2.079833
45 51 2.813312
45 52 4.224738
45 53 4.824926
45 55 2.404595
45 56 4.872221
45 57 4.329881
45 58 5.408514
45 61 3.354928
45 62 5.216808
45 66 4.358911
46 47 1.535807
46 48 2.393866
46 49 2.167861
46 50 1.090870
46 51 2.456760
46 52 3.860987
46 53 4.589654
46 54 5.767303
46 55 2.545841
46 56 4.200768
46 57 4.300016
46 58 5.477046
46 61 3.428798
46 66 5.070855
47 48 1.226955
47 49 3.311840
47 50 2.107350
47 51 1.335720
47 52 2.494512
47 53 3.278891
47 54 4.382495
47 55 2.005700
47 56 2.710460
47 57 3.297175
47 58 4.615855
47 59 5.605899
47 61 2.678429
47 62 5.451118
47 66 4.614597
48 49 4.429589
48 50 2.515448
48 51 2.250597
48 52 2.864136
48 53 3.417757
48 54 4.320523
48 55 3.124712
48 56 2.673451
48 57 3.541490
48 58 4.714008
48 61 3.151600
48 66 5.331443
49 50 2.836120
49 51 3.472172
49 52 4.881563
49 53 5.630343
49 55 2.855301
49 56 5.529259
49 57 5.216736
49 61 4.266251
49 66 4.972312
50 51 3.234727
50 52 4.515354
50 53 4.979620
50 55 3.473449
50 56 4.789814
50 57 4.498918
50 58 5.475204
50 61 3.622882
50 66 5.410686
51 52 1.464315
51 53 2.517828
51 54 3.641915
51 55 1.009604
51 56 2.095035
51 57 2.794847
51 58 4.248926
51 59 5.072595
51 61 2.340845
51 62 4.758624
51 66 3.845267
52 53 1.543457
52 54 2.395785
52 55 2.124988
52 56 1.092415
52 57 2.489531
52 58 3.890918
52 59 4.813484
52 61 2.608001
52 62 4.683725
52 66 3.890724
53 54 1.232959
53 55 3.135421
53 56 2.132420
53 57 1.342322
53 58 2.497916
53 59 3.544931
53 60 4.597687
53 61 2.028156
53 62 3.741254
53 63 5.116450
53 64 5.720438
53 65 5.414643
53 66 3.204282
53 74 5.780170
53 78 5.437405
53 79 5.044022
53 82 5.708225
53 83 5.112035
54 55 4.265379
54 56 2.621124
54 57 2.253622
54 58 2.850825
54 59 3.875381
54 60 4.709367
54 61 3.144700
54 62 4.294856
54 63 5.601916
54 65 5.420186
54 66 3.969029
54 74 4.996193
54 75 4.890150
54 78 4.713874
54 79 4.189357
54 80 5.467665
54 81 5.650829
54 82 5.172795
54 83 4.072138
55 56 2.911929
55 57 3.265011
55 58 4.663728
55 59 5.210316
55 61 2.689079
55 62 4.637336
55 63 5.661439
55 66 3.646219
56 57 3.213459
56 58 4.522938
56 59 5.632392
56 61 3.405273
56 62 5.660711
56 66 4.921684
57 58 1.468287
57 59 2.529926
57 60 3.652138
57 61 1.017714
57 62 2.806730
57 63 4.259376
57 64 5.070647
57 65 5.050029
57 66 2.368620
57 74 5.758044
57 76 5.520375
57 78 5.540880
57 79 5.495127
57 82 5.659762
57 83 5.683986
58 59 1.534490
58 60 2.391422
58 61 2.129818
58 62 2.477044
58 63 3.863555
58 64 4.481628
58 65 4.623936
58 66 2.608861
58 67 5.336966
58 72 4.983741
58 73 5.130026
58 74 4.860559
58 75 5.119662
58 76 4.333265
58 78 4.904671
58 79 5.219168
58 82 5.008630
58 83 5.401700
59 60 1.231898
59 61 2.930083
59 62 1.340658
59 63 2.472838
59 64 3.039826
59 65 3.413183
59 66 2.033493
59 67 3.838053
59 68 4.911912
59 69 4.807986
59 71 5.570770
59 72 3.958083
59 73 4.500748
59 74 4.528182
59 75 5.136703
59 76 3.195124
59 77 5.570777
59 78 4.446294
59 79 5.049550
59 82 4.252188
59 83 5.498873
60 61 4.106480
60 62 2.249896
60 63 2.809494
60 64 2.922174
60 65 3.444513
60 66 3.145405
60 67 3.300798
60 68 4.216147
60 69 4.020935
60 70 5.104402
60 71 5.044971
60 72 3.040612
60 73 3.635939
60 74 4.032363
60 75 4.727177
60 76 2.162307
60 77 4.669355
60 78 4.201592
60 79 5.126502
60 82 3.956955
60 83 5.565247
61 62 2.907496
61 63 4.283072
61 64 5.351675
61 65 5.474891
61 66 2.275806
62 63 1.463127
62 64 2.493442
62 65 2.922264
62 66 1.014288
62 67 3.559216
62 68 4.807873
62 69 5.031387
62 71 5.266155
62 72 4.503970
62 73 5.307956
62 74 5.276708
62 76 3.794269
62 78 4.876523
62 79 5.336701
62 82 4.486332
63 64 1.541411
63 65 2.394929
63 66 2.130992
63 67 2.507374
63 68 3.886270
63 69 4.518698
63 70 5.546357
63 71 4.239628
63 72 4.336397
63 73 5.466282
63 74 5.672785
63 76 3.658334
63 78 5.169523
63 82 4.515445
63 92 5.571958
64 65 1.234158
64 66 3.255698
64 67 1.353587
64 68 2.476780
64 69 3.088082
64 70 4.054224
64 71 2.789419
64 72 3.185179
64 73 4.446380
64 74 4.731707
64 76 2.765027
64 77 5.200456
64 78 4.155592
64 79 4.975797
64 80 5.717846
64 82 3.332544
64 88 5.467497
64 91 5.764895
64 92 4.576738
64 93 5.042296
65 66 3.473883
65 67 2.255805
65 68 2.794060
65 69 2.987993
65 70 3.660305
65 71 2.829429
65 72 3.196674
65 73 4.245330
65 74 4.177143
65 75 5.272079
65 76 3.105055
65 77 4.954970
65 78 3.319268
65 79 3.947606
65 80 4.554397
65 81 5.286658
65 82 2.477385
65 83 4.925337
65 84 4.746153
65 88 4.478743
65 89 4.859965
65 90 5.304039
65 91 4.928534
65 92 3.830117
65 93 3.929529
66 67 4.436842
66 68 5.669939
66 72 5.392858
66 76 4.746099
66 78 5.367491
66 79 5.571274
66 82 5.053551
67 68 1.466803
67 69 2.518073
67 70 3.596247
67 71 2.087092
67 72 2.840892
67 73 4.287023
67 74 4.973438
67 76 2.446786
67 77 4.864406
67 78 4.623059
67 79 5.703306
67 82 3.741288
67 88 5.697094
67 92 4.975039
67 93 5.483987
68 69 1.538480
68 70 2.402603
68 71 1.091079
68 72 2.473644
68 73 3.875613
68 74 4.680025
68 76 2.599078
68 77 4.142491
68 78 4.366217
68 79 5.566390
68 82 3.441551
68 84 5.599574
68 88 4.924290
68 92 4.725402
68 93 4.918268
68 99 5.798338
69 70 1.230669
69 71 2.152399
69 72 1.340009
69 73 2.493011
69 74 3.303925
69 75 4.496909
69 76 2.033011
69 77 2.665242
69 78 3.173692
69 79 4.520548
69 80 5.041051
69 82 2.401504
69 83 5.257838
69 84 4.578154
69 85 5.608337
69 88 3.763178
69 89 5.537712
69 92 5.197099
69 93 4.560677
70 71 2.554689
70 72 2.245547
70 73 2.836794
70 74 3.380365
70 75 4.503297
70 76 3.141644
70 77 2.614562
70 78 3.152440
70 79 4.383031
70 80 4.575333
70 81 5.720560
70 82 2.485307
70 83 5.096632
70 84 3.830062
70 85 4.680823
70 86 5.316529
70 88 2.951892
70 89 4.892853
70 91 5.784984
70 92 5.047742
70 93 3.993272
71 72 3.306895
71 73 4.608538
71 74 5.187733
71 76 3.557333
71 77 4.791731
71 78 4.631572
71 79 5.656282
71 82 3.640123
71 84 5.338845
71 88 4.782015
71 89 5.128138
71 90 5.629993
71 91 4.826854
71 92 3.781781
71 93 4.252929
71 95 5.616402
71 96 5.548795
71 99 4.721724
72 73 1.468638
72 74 2.518403
72 75 3.626898
72 76 1.016144
72 77 2.086401
72 78 2.799828
72 79 4.238263
72 80 5.129378
72 82 2.332796
72 83 4.793088
72 84 4.926019
72 88 4.108341
72 93 5.335326
73 74 1.538364
73 75 2.396269
73 76 2.123883
73 77 1.090498
73 78 2.472441
73 79 3.874669
73 80 4.870410
73 82 2.559369
73 83 4.113684
73 84 4.715593
73 88 3.860316
73 93 5.775811
74 75 1.227473
74 76 3.102761
74 77 2.119858
74 78 1.340090
74 79 2.491782
74 80 3.618644
74 81 4.747044
74 82 2.008404
74 83 2.585110
74 84 3.743241
74 85 5.141785
74 88 3.085129
74 93 5.169996
75 76 4.113183
75 77 2.798909
75 78 2.247425
75 79 2.838551
75 80 3.993687
75 81 4.994254
75 82 3.124720
75 83 2.421420
75 84 4.275519
75 85 5.620440
75 88 3.745776
76 77 2.921831
76 78 3.377148
76 79 4.716731
76 80 5.756053
76 82 2.913455
76 83 5.266280
76 84 5.715411
76 88 4.974319
77 78 3.008883
77 79 4.366106
77 80 5.102363
77 82 3.087525
77 83 4.559204
77 84 4.685398
77 88 3.730832
78 79 1.470282
78 80 2.521963
78 81 3.647498
78 82 1.013916
78 83 2.090093
78 84 2.780094
78 85 4.237132
78 86 5.077414
78 88 2.318813
78 89 4.811286
78 92 5.682493
78 93 3.957174
79 80 1.539550
79 81 2.411140
79 82 2.146491
79 83 1.090823
79 84 2.470201
79 85 3.865549
79 86 4.616787
79 87 5.667190
79 88 2.565588
79 89 4.483561
79 90 5.571241
79 92 5.787221
79 93 3.831227
80 81 1.229196
80 82 2.873402
80 83 2.119599
80 84 1.342548
80 85 2.480704
80 86 3.186621
80 87 4.168449
80 88 2.016193
80 89 3.304546
80 90 4.495145
80 91 5.434023
80 92 5.253641
80 93 2.899836
80 94 5.176312
81 82 3.975364
81 83 2.782995
81 84 2.244206
81 85 2.808441
81 86 3.134699
81 87 3.845886
81 88 3.126765
81 89 3.361019
81 90 4.315486
81 91 5.488711
81 92 5.505405
81 93 3.274901
81 94 4.888445
82 83 2.998845
82 84 2.904918
82 85 4.264125
82 86 4.888583
82 88 2.384344
82 89 4.401240
82 90 5.454691
82 91 5.624354
82 92 4.865146
82 93 3.449846
83 84 3.046753
83 85 4.348765
83 86 5.286090
83 88 3.133003
83 89 5.357237
83 93 4.789438
84 85 1.468899
84 86 2.525519
84 87 3.611464
84 88 1.010817
84 89 2.831902
84 90 4.246742
84 91 5.096285
84 92 4.982960
84 93 2.418413
84 94 4.817798
85 86 1.533586
85 87 2.391459
85 88 2.145949
85 89 2.467677
85 90 3.866277
85 91 4.907130
85 92 5.132025
85 93 2.563201
85 94 4.115556
86 87 1.229931
86 88 3.260222
86 89 1.342327
86 90 2.492820
86 91 3.703875
86 92 4.209821
86 93 2.013899
86 94 2.598416
86 95 4.619838
87 88 4.388472
87 89 2.255772
87 90 2.850261
87 91 4.186687
87 92 4.955702
87 93 3.133217
87 94 2.476342
87 95 4.844740
88 89 3.414411
88 90 4.832800
88 91 5.437581
88 92 5.154674
88 93 2.793488
88 94 5.454143
89 90 1.468887
89 91 2.495829
89 92 2.891600
89 93 1.010974
89 94 2.069212
89 95 3.596336
89 96 4.845390
89 97 5.629483
89 98 5.583049
89 99 4.872144
90 91 1.543115
90 92 2.398940
90 93 2.138715
90 94 1.088769
90 95 2.499216
90 96 3.877662
90 97 4.544601
90 98 4.340930
90 99 4.196898
90 100 5.747621
91 92 1.233780
91 93 2.691592
91 94 2.153909
91 95 1.348925
91 96 2.470059
91 97 3.141852
91 98 3.201310
91 99 2.727290
91 100 4.272448
91 101 5.362749
91 104 5.180516
92 93 2.629394
92 94 3.256381
92 95 2.253794
92 96 2.791997
92 97 3.133131
92 98 3.316760
92 99 2.710549
92 100 3.981296
92 101 4.963723
92 104 4.661849
93 94 2.956240
93 95 3.929962
93 96 4.981653
93 97 5.661584
93 98 5.697002
93 99 4.835557
94 95 2.570136
94 96 4.029489
94 97 4.880610
94 98 4.690519
94 99 4.467114
95 96 1.463443
95 97 2.486735
95 98 2.739245
95 99 2.097686
95 100 3.703002
95 101 4.928886
95 102 5.516058
95 103 5.566800
95 104 4.998458
96 97 1.541100
96 98 2.401522
96 99 1.090679
96 100 2.486179
96 101 3.860383
96 102 4.505538
96 103 4.462119
96 104 4.178452
96 105 5.577715
97 98 1.233508
97 99 2.164112
97 100 1.347466
97 101 2.460357
97 102 3.120032
97 103 3.356952
97 104 2.707860
97 105 4.109337
97 106 5.243112
97 109 5.101394
98 99 3.203938
98 100 2.256744
98 101 2.788092
98 102 3.127490
98 103 3.550058
98 104 2.692498
98 105 3.760057
98 106 4.801159
98 109 4.633888
99 100 2.656333
99 101 4.089799
99 102 4.999072
99 103 5.004576
99 104 4.422864
100 101 1.458545
100 102 2.477297
100 103 2.802824
100 104 2.081482
100 105 3.639517
100 106 4.891677
100 107 5.633067
100 109 4.944962
101 102 1.539351
101 103 2.402594
101 104 1.087209
101 105 2.479020
101 106 3.858247
101 107 4.523928
101 108 4.744333
101 109 4.187939
101 110 5.320781
101 114 5.428464
102 103 1.232580
102 104 2.169541
102 105 1.344367
102 106 2.465777
102 107 3.185022
102 108 3.686053
102 109 2.695874
102 110 3.893416
102 111 5.160821
102 114 3.923907
102 115 5.204674
103 104 3.253440
103 105 2.252345
103 106 2.797418
103 107 3.269070
103 108 4.006701
103 109 2.634364
103 110 3.537034
103 111 4.734138
103 114 3.366236
103 115 4.884017
104 105 2.602192
104 106 4.054844
104 107 4.903306
104 108 5.028509
104 109 4.497003
105 106 1.458499
105 107 2.469311
105 108 2.919926
105 109 2.101117
105 110 3.493523
105 111 4.835327
105 112 5.706440
105 114 3.646528
105 115 4.943505
106 107 1.539175
106 108 2.409439
106 109 1.090022
106 110 2.452517
106 111 3.864219
106 112 4.530957
106 113 4.650729
106 114 2.548867
106 115 4.216837
107 108 1.232953
107 109 2.161646
107 110 1.340372
107 111 2.504410
107 112 3.249604
107 113 3.686721
107 114 2.019463
107 115 2.717983
108 109 3.278018
108 110 2.262593
108 111 2.882840
108 112 3.446348
108 113 4.145653
108 114 3.142627
108 115 2.663631
109 110 2.508473
109 111 3.972377
109 112 4.693447
109 113 4.617251
109 114 2.159251
109 115 4.533502
110 111 1.472848
110 112 2.489480
110 113 2.884393
110 114 1.008127
110 115 2.104724
111 112 1.530316
111 113 2.378249
111 114 2.118147
111 115 1.088538
112 113 1.250268
112 114 3.039103
112 115 2.113241
113 114 3.084378
113 115 3.230322
114 115 2.938614

RESIDUES
ASN 1
 0.8 6.200000
 0.9 5.687500
 1.0 4.720000
 1.1 4.040541
 1.2 3.214286
 1.3 2.159091
 1.4 1.864838
 1.5 1.461500
 1.6 1.419960
 1.7 0.499833
 1.8 0.166579
 1.9 -0.061593
 2.0 -0.130203
 2.1 -0.209679
 2.2 -0.292962
 2.3 -0.558564
 2.4 -0.677380
 2.5 -0.579042
 2.6 -0.437627
 2.7 -0.324627
 2.8 -0.033875
 2.9 0.087619
 3.0 0.126362
 3.1 0.231942
 3.2 0.273305
 3.3 0.289338
 3.4 0.332404
 3.5 0.358973
 3.6 0.335949
 3.7 0.337656
 3.8 0.352556
 3.9 0.362015
 4.0 0.364557
 4.1 0.362470
 4.2 0.358747
 4.3 0.352708
 4.4 0.348785
 4.5 0.343824
 4.6 0.342368
 4.7 0.338439
 4.8 0.334796
 4.9 0.331064
 5.0 0.326709
 5.1 0.320565
 5.2 0.313775
 5.3 0.309040
 5.4 0.305839
 5.5 0.304219
 5.6 0.304101
 5.7 0.304481
 5.8 0.303957
 5.9 0.302765
 6.0 0.303000

LEU 2
 0.8 5.200000
 0.9 5.000000
 1.0 4.480000
 1.1 3.743243
 1.2 3.160714
 1.3 2.056818
 1.4 1.581081
 1.5 1.230769
 1.6 1.200000
 1.7 0.000000
 1.8 -0.052842
 1.9 -0.046444
 2.0 -0.140043
 2.1 -0.205716
 2.2 -0.285221
 2.3 -0.577914
 2.4 -0.800163
 2.5 -0.814958
 2.6 -0.849783
 2.7 -0.831485
 2.8 -0.700029
 2.9 -0.520612
 3.0 -0.319391
 3.1 -0.125912
 3.2 -0.005348
 3.3 0.057979
 3.4 0.088205
 3.5 0.038450
 3.6 0.093453
 3.7 0.086656
 3.8 0.076652
 3.9 0.077046
 4.0 0.090886
 4.1 0.108181
 4.2 0.125840
 4.3 0.134839
 4.4 0.130862
 4.5 0.124722
 4.6 0.119886
 4.7 0.117049
 4.8 0.115189
 4.9 0.115569
 5.0 0.117143
 5.1 0.117963
 5.2 0.117808
 5.3 0.117835
 5.4 0.119267
 5.5 0.120310
 5.6 0.120379
 5.7 0.121798
 5.8 0.123565
 5.9 0.123510
 6.0 0.122462

TYR 3
 0.8 5.000000
 0.9 4.812500
 1.0 4.280000
 1.1 3.621622
 1.2 3.071429
 1.3 1.863636
 1.4 1.405405
 1.5 0.961538
 1.6 0.920000
 1.7 -0.166667
 1.8 -0.491737
 1.9 -0.506833
 2.0 -0.505188
 2.1 -0.510593
 2.2 -0.551519
 2.3 -0.641743
 2.4 -0.636070
 2.5 -0.603585
 2.6 -0.605620
 2.7 -0.589012
 2.8 -0.496162
 2.9 -0.426712
 3.0 -0.362565
 3.1 -0.198891
 3.2 -0.074376
 3.3 -0.002711
 3.4 0.019336
 3.5 0.039275
 3.6 0.046350
 3.7 0.065802
 3.8 0.065237
 3.9 0.062496
 4.0 0.059636
 4.1 0.060993
 4.2 0.057787
 4.3 0.059732
 4.4 0.065707
 4.5 0.070492
 4.6 0.069616
 4.7 0.067766
 4.8 0.051354
 4.9 -0.038574
 5.0 -0.138276
 5.1 -0.245010
 5.2 -0.417126
 5.3 -0.577313
 5.4 -0.624072
 5.5 -0.603471
 5.6 -0.589154
 5.7 -0.569310
 5.8 -0.515261
 5.9 -0.395725
 6.0 -0.396769

ILE 4
 0.8 5.200000
 0.9 4.875000
 1.0 4.440000
 1.1 3.770270
 1.2 3.196429
 1.3 1.943182
 1.4 1.418919
 1.5 0.923077
 1.6 0.880000
 1.7 -0.083333
 1.8 -0.360211
 1.9 -0.460500
 2.0 -0.529275
 2.1 -0.636000
 2.2 -0.764577
 2.3 -1.008879
 2.4 -1.074628
 2.5 -1.017958
 2.6 -0.942217
 2.7 -0.892154
 2.8 -0.715478
 2.9 -0.620108
 3.0 -0.454007
 3.1 -0.239467
 3.2 -0.068596
 3.3 0.029415
 3.4 0.061993
 3.5 0.017872
 3.6 -0.011708
 3.7 -0.019450
 3.8 -0.019311
 3.9 -0.024137
 4.0 -0.026271
 4.1 -0.021349
 4.2 -0.008040
 4.3 -0.008339
 4.4 -0.016149
 4.5 -0.024668
 4.6 -0.018930
 4.7 -0.014746
 4.8 -0.007869
 4.9 -0.003926
 5.0 0.000714
 5.1 0.002115
 5.2 0.004192
 5.3 0.004335
 5.4 0.005456
 5.5 0.005364
 5.6 0.005337
 5.7 0.003357
 5.8 0.001478
 5.9 0.000647
 6.0 0.002077

GLN 5
 0.8 5.700000
 0.9 5.125000
 1.0 4.400000
 1.1 3.729730
 1.2 2.964286
 1.3 1.840909
 1.4 1.432432
 1.5 0.961538
 1.6 0.920000
 1.7 0.000000
 1.8 -0.324895
 1.9 -0.448167
 2.0 -0.444783
 2.1 -0.452938
 2.2 -0.468154
 2.3 -0.484050
 2.4 -0.449504
 2.5 -0.422606
 2.6 -0.406705
 2.7 -0.381769
 2.8 -0.344632
 2.9 -0.382453
 3.0 -0.412609
 3.1 -0.372161
 3.2 -0.313518
 3.3 -0.249387
 3.4 -0.156356
 3.5 -0.075617
 3.6 -0.017978
 3.7 0.007405
 3.8 0.013111
 3.9 0.021328
 4.0 0.030929
 4.1 0.034315
 4.2 0.039393
 4.3 0.044458
 4.4 0.044669
 4.5 0.042695
 4.6 0.036876
 4.7 0.028800
 4.8 0.020796
 4.9 0.021284
 5.0 0.023934
 5.1 0.027628
 5.2 0.032049
 5.3 0.032170
 5.4 0.028783
 5.5 0.024321
 5.6 0.021219
 5.7 0.019543
 5.8 0.019315
 5.9 0.015353
 6.0 0.011077

TRP 6
 0.8 5.500000
 0.9 5.125000
 1.0 4.640000
 1.1 3.905405
 1.2 3.267857
 1.3 2.056818
 1.4 1.527027
 1.5 1.076923
 1.6 1.040000
 1.7 0.000000
 1.8 0.034789
 1.9 -0.015833
 2.0 -0.130580
 2.1 -0.216173
 2.2 -0.399135
 2.3 -0.689871
 2.4 -0.924333
 2.5 -0.920176
 2.6 -0.967313
 2.7 -0.979911
 2.8 -0.967426
 2.9 -0.785871
 3.0 -0.644761
 3.1 -0.348569
 3.2 -0.070454
 3.3 0.115718
 3.4 0.133733
 3.5 0.108899
 3.6 0.084212
 3.7 0.050397
 3.8 0.005319
 3.9 -0.016053
 4.0 -0.018371
 4.1 -0.013208
 4.2 -0.035353
 4.3 -0.047292
 4.4 -0.041320
 4.5 -0.033668
 4.6 -0.037795
 4.7 -0.033707
 4.8 -0.029422
 4.9 -0.030191
 5.0 -0.030566
 5.1 -0.027649
 5.2 -0.028137
 5.3 -0.028926
 5.4 -0.039256
 5.5 -0.076091
 5.6 -0.093059
 5.7 -0.112124
 5.8 -0.144522
 5.9 -0.201745
 6.0 -0.199769

LEU 7
 0.8 5.800000
 0.9 5.187500
 1.0 4.640000
 1.1 3.986486
 1.2 3.267857
 1.3 1.897727
 1.4 1.364865
 1.5 0.730769
 1.6 0.680000
 1.7 -0.416667
 1.8 -0.921211
 1.9 -0.990685
 2.0 -0.997333
 2.1 -1.010049
 2.2 -1.007827
 2.3 -1.002950
 2.4 -1.007093
 2.5 -1.017085
 2.6 -0.905867
 2.7 -0.795325
 2.8 -0.592000
 2.9 -0.343165
 3.0 -0.026138
 3.1 0.265482
 3.2 0.362383
 3.3 0.312915
 3.4 0.245329
 3.5 0.127342
 3.6 -0.020577
 3.7 -0.082832
 3.8 -0.086622
 3.9 -0.088160
 4.0 -0.091293
 4.1 -0.086094
 4.2 -0.077593
 4.3 -0.065006
 4.4 -0.063541
 4.5 -0.059086
 4.6 -0.055227
 4.7 -0.056307
 4.8 -0.060850
 4.9 -0.060363
 5.0 -0.062781
 5.1 -0.066251
 5.2 -0.064209
 5.3 -0.059227
 5.4 -0.052928
 5.5 -0.045706
 5.6 -0.041817
 5.7 -0.037806
 5.8 -0.032304
 5.9 -0.029431
 6.0 -0.033538

LYS 8
 0.8 5.900000
 0.9 5.375000
 1.0 4.600000
 1.1 3.891892
 1.2 3.107143
 1.3 1.931818
 1.4 1.513514
 1.5 1.038462
 1.6 1.000000
 1.7 -0.083333
 1.8 -0.526684
 1.9 -0.518648
 2.0 -0.514377
 2.1 -0.518407
 2.2 -0.567221
 2.3 -0.669357
 2.4 -0.668814
 2.5 -0.677021
 2.6 -0.630295
 2.7 -0.534811
 2.8 -0.298176
 2.9 -0.193612
 3.0 -0.051855
 3.1 0.075146
 3.2 0.107184
 3.3 0.070042
 3.4 0.057637
 3.5 0.051101
 3.6 0.071818
 3.7 0.100855
 3.8 0.117030
 3.9 0.124817
 4.0 0.128279
 4.1 0.115450
 4.2 0.103900
 4.3 0.096845
 4.4 0.097298
 4.5 0.098561
 4.6 0.093719
 4.7 0.092566
 4.8 0.093563
 4.9 0.091025
 5.0 0.089520
 5.1 0.092393
 5.2 0.095632
 5.3 0.098483
 5.4 0.102128
 5.5 0.103048
 5.6 0.102302
 5.7 0.101752
 5.8 0.101511
 5.9 0.101275
 6.0 0.100923

ASP 9
 0.8 5.300000
 0.9 5.062500
 1.0 4.600000
 1.1 3.851351
 1.2 3.267857
 1.3 1.988636
 1.4 1.445946
 1.5 1.000000
 1.6 0.960000
 1.7 0.000000
 1.8 0.087105
 1.9 0.030315
 2.0 0.023942
 2.1 0.010123
 2.2 -0.160385
 2.3 -0.448200
 2.4 -0.477264
 2.5 -0.394993
 2.6 -0.335536
 2.7 -0.230698
 2.8 0.003978
 2.9 -0.074576
 3.0 -0.199652
 3.1 -0.237803
 3.2 -0.229752
 3.3 -0.182415
 3.4 -0.103973
 3.5 0.013020
 3.6 0.087533
 3.7 0.120870
 3.8 0.135889
 3.9 0.071992
 4.0 -0.095500
 4.1 -0.252242
 4.2 -0.378073
 4.3 -0.486208
 4.4 -0.520519
 4.5 -0.489578
 4.6 -0.417827
 4.7 -0.332512
 4.8 -0.237117
 4.9 -0.149725
 5.0 -0.084122
 5.1 -0.058293
 5.2 -0.024434
 5.3 -0.007801
 5.4 0.004244
 5.5 0.013508
 5.6 0.019260
 5.7 0.024194
 5.8 0.028902
 5.9 0.027392
 6.0 0.028077

GLY 10
 0.8 4.800000
 0.9 4.500000
 1.0 4.200000
 1.1 3.635135
 1.2 3.160714
 1.3 1.920455
 1.4 1.391892
 1.5 0.846154
 1.6 0.800000
 1.7 -0.250000
 1.8 -0.465158
 1.9 -0.497500
 2.0 -0.575333
 2.1 -0.689679
 2.2 -0.957000
 2.3 -1.286529
 2.4 -1.423070
 2.5 -1.410000
 2.6 -1.313777
 2.7 -1.122917
 2.8 -0.764654
 2.9 -0.655921
 3.0 -0.512355
 3.1 -0.313350
 3.2 -0.199050
 3.3 -0.178197
 3.4 -0.125240
 3.5 -0.096255
 3.6 -0.073978
 3.7 -0.094008
 3.8 -0.117733
 3.9 -0.155267
 4.0 -0.158364
 4.1 -0.157362
 4.2 -0.145433
 4.3 -0.136065
 4.4 -0.128746
 4.5 -0.104241
 4.6 -0.070914
 4.7 -0.043654
 4.8 -0.016316
 4.9 0.023618
 5.0 0.042551
 5.1 0.036058
 5.2 0.025379
 5.3 0.010295
 5.4 -0.023122
 5.5 -0.042048
 5.6 -0.051799
 5.7 -0.058798
 5.8 -0.061293
 5.9 -0.063745
 6.0 -0.063154

GLY 11
 0.8 4.500000
 0.9 4.312500
 1.0 4.160000
 1.1 3.689189
 1.2 3.339286
 1.3 2.056818
 1.4 1.500000
 1.5 0.884615
 1.6 0.840000
 1.7 0.000000
 1.8 0.034947
 1.9 0.123111
 2.0 0.130232
 2.1 0.075877
 2.2 -0.169990
 2.3 -0.648293
 2.4 -0.970868
 2.5 -1.131423
 2.6 -1.280428
 2.7 -1.317083
 2.8 -1.186515
 2.9 -1.016576
 3.0 -0.810384
 3.1 -0.474109
 3.2 -0.261177
 3.3 -0.238197
 3.4 -0.232432
 3.5 -0.238389
 3.6 -0.254949
 3.7 -0.261786
 3.8 -0.216237
 3.9 -0.175718
 4.0 -0.146207
 4.1 -0.166255
 4.2 -0.165487
 4.3 -0.209804
 4.4 -0.246431
 4.5 -0.289449
 4.6 -0.280454
 4.7 -0.259205
 4.8 -0.237068
 4.9 -0.215789
 5.0 -0.195454
 5.1 -0.183921
 5.2 -0.177379
 5.3 -0.171222
 5.4 -0.166850
 5.5 -0.163278
 5.6 -0.160018
 5.7 -0.156876
 5.8 -0.159489
 5.9 -0.157412
 6.0 -0.151538

PRO 12
 0.8 5.000000
 0.9 4.812500
 1.0 4.360000
 1.1 3.810811
 1.2 3.321429
 1.3 1.977273
 1.4 1.486486
 1.5 0.884615
 1.6 0.840000
 1.7 0.000000
 1.8 -0.035158
 1.9 -0.124204
 2.0 -0.126072
 2.1 -0.127889
 2.2 -0.163481
 2.3 -0.337221
 2.4 -0.339690
 2.5 -0.327880
 2.6 -0.257711
 2.7 -0.198030
 2.8 0.018949
 2.9 0.079065
 3.0 0.151014
 3.1 0.193190
 3.2 0.225752
 3.3 0.219275
 3.4 0.211966
 3.5 0.211523
 3.6 0.158650
 3.7 0.100687
 3.8 0.062378
 3.9 0.027489
 4.0 -0.008057
 4.1 0.028738
 4.2 0.049033
 4.3 0.064571
 4.4 0.085790
 4.5 0.095802
 4.6 0.072205
 4.7 0.046483
 4.8 0.028461
 4.9 0.008162
 5.0 0.002143
 5.1 0.017503
 5.2 0.040291
 5.3 0.058642
 5.4 0.064744
 5.5 0.061840
 5.6 0.059846
 5.7 0.056116
 5.8 0.048413
 5.9 0.044118
 6.0 0.038231

SER 13
 0.8 5.600000
 0.9 5.125000
 1.0 4.440000
 1.1 3.756757
 1.2 3.035714
 1.3 1.863636
 1.4 1.432432
 1.5 0.961538
 1.6 0.920000
 1.7 0.000000
 1.8 -0.088105
 1.9 -0.031185
 2.0 -0.106348
 2.1 -0.189358
 2.2 -0.347731
 2.3 -0.646921
 2.4 -0.765388
 2.5 -0.704803
 2.6 -0.627898
 2.7 -0.539805
 2.8 -0.253868
 2.9 -0.166475
 3.0 -0.120022
 3.1 -0.039467
 3.2 0.049794
 3.3 0.068352
 3.4 0.072123
 3.5 0.101490
 3.6 0.148971
 3.7 0.161473
 3.8 0.153111
 3.9 0.143817
 4.0 0.133064
 4.1 0.126107
 4.2 0.110527
 4.3 0.110762
 4.4 0.115066
 4.5 0.116909
 4.6 0.115589
 4.7 0.121420
 4.8 0.132369
 4.9 0.134289
 5.0 0.134398
 5.1 0.137209
 5.2 0.140637
 5.3 0.136290
 5.4 0.139206
 5.5 0.146043
 5.6 0.149941
 5.7 0.153752
 5.8 0.157370
 5.9 0.162098
 6.0 0.161231

SER 14
 0.8 5.500000
 0.9 5.125000
 1.0 4.480000
 1.1 3.824324
 1.2 3.160714
 1.3 1.988636
 1.4 1.554054
 1.5 1.076923
 1.6 1.040000
 1.7 0.000000
 1.8 0.034421
 1.9 0.011926
 2.0 0.016739
 2.1 -0.022778
 2.2 -0.232490
 2.3 -0.571521
 2.4 -0.705481
 2.5 -0.739563
 2.6 -0.729205
 2.7 -0.665095
 2.8 -0.424787
 2.9 -0.294173
 3.0 -0.189891
 3.1 -0.042912
 3.2 0.039305
 3.3 0.017570
 3.4 -0.044603
 3.5 -0.074436
 3.6 -0.100993
 3.7 -0.076802
 3.8 -0.031059
 3.9 -0.056008
 4.0 -0.121986
 4.1 -0.180208
 4.2 -0.237380
 4.3 -0.307006
 4.4 -0.314724
 4.5 -0.250775
 4.6 -0.156622
 4.7 -0.050010
 4.8 0.036893
 4.9 0.092971
 5.0 0.112918
 5.1 0.080618
 5.2 0.028852
 5.3 0.002591
 5.4 0.006367
 5.5 0.006144
 5.6 0.004899
 5.7 0.003264
 5.8 0.003511
 5.9 0.007490
 6.0 0.012231

GLY 15
 0.8 4.400000
 0.9 4.250000
 1.0 3.960000
 1.1 3.500000
 1.2 3.125000
 1.3 1.920455
 1.4 1.445946
 1.5 0.884615
 1.6 0.840000
 1.7 0.000000
 1.8 -0.009316
 1.9 -0.003907
 2.0 -0.015159
 2.1 -0.045852
 2.2 -0.205471
 2.3 -0.561607
 2.4 -0.650651
 2.5 -0.618134
 2.6 -0.539855
 2.7 -0.431231
 2.8 -0.128662
 2.9 -0.115719
 3.0 -0.089841
 3.1 -0.063759
 3.2 -0.039674
 3.3 -0.003303
 3.4 0.044966
 3.5 0.069859
 3.6 0.086818
 3.7 0.076122
 3.8 0.060015
 3.9 0.044702
 4.0 0.027964
 4.1 0.025718
 4.2 0.027707
 4.3 0.028815
 4.4 0.030796
 4.5 0.030048
 4.6 0.033227
 4.7 0.041702
 4.8 0.048422
 4.9 0.055426
 5.0 0.072837
 5.1 0.086005
 5.2 0.100093
 5.3 0.112585
 5.4 0.120689
 5.5 0.122471
 5.6 0.125254
 5.7 0.128202
 5.8 0.128609
 5.9 0.125431
 6.0 0.125000

ARG 16
 0.8 5.400000
 0.9 4.937500
 1.0 4.560000
 1.1 3.959459
 1.2 3.375000
 1.3 2.215909
 1.4 1.689189
 1.5 1.153846
 1.6 1.120000
 1.7 0.000000
 1.8 0.096105
 1.9 0.144556
 2.0 0.149435
 2.1 0.160284
 2.2 0.139337
 2.3 -0.020414
 2.4 -0.035566
 2.5 -0.026451
 2.6 -0.037428
 2.7 -0.052249
 2.8 0.034868
 2.9 -0.018050
 3.0 -0.072014
 3.1 -0.133168
 3.2 -0.181702
 3.3 -0.212366
 3.4 -0.241062
 3.5 -0.252268
 3.6 -0.335533
 3.7 -0.446794
 3.8 -0.432800
 3.9 -0.428618
 4.0 -0.410529
 4.1 -0.285510
 4.2 -0.152627
 4.3 -0.123792
 4.4 -0.110177
 4.5 -0.071759
 4.6 -0.036649
 4.7 -0.027878
 4.8 -0.027772
 4.9 -0.023603
 5.0 -0.048944
 5.1 -0.095560
 5.2 -0.130907
 5.3 -0.155131
 5.4 -0.166811
 5.5 -0.168674
 5.6 -0.171089
 5.7 -0.171279
 5.8 -0.163598
 5.9 -0.163529
 6.0 -0.162308

PRO 17
 0.8 5.000000
 0.9 4.812500
 1.0 4.480000
 1.1 3.959459
 1.2 3.517857
 1.3 2.102273
 1.4 1.554054
 1.5 0.884615
 1.6 0.840000
 1.7 0.000000
 1.8 0.000000
 1.9 -0.000407
 2.0 -0.000391
 2.1 -0.006370
 2.2 -0.004731
 2.3 -0.004814
 2.4 -0.017465
 2.5 -0.019810
 2.6 -0.014440
 2.7 -0.014485
 2.8 -0.016801
 2.9 -0.008022
 3.0 -0.003261
 3.1 0.006766
 3.2 0.010759
 3.3 0.012923
 3.4 0.011199
 3.5 0.007443
 3.6 -0.005445
 3.7 -0.013908
 3.8 -0.018793
 3.9 -0.016115
 4.0 -0.015450
 4.1 -0.008456
 4.2 -0.000033
 4.3 0.005946
 4.4 0.008961
 4.5 -0.001059
 4.6 -0.028876
 4.7 -0.052678
 4.8 -0.068864
 4.9 -0.082559
 5.0 -0.082316
 5.1 -0.066037
 5.2 -0.050374
 5.3 -0.043011
 5.4 -0.040350
 5.5 -0.041626
 5.6 -0.040473
 5.7 -0.042868
 5.8 -0.047641
 5.9 -0.045745
 6.0 -0.034846

PRO 18
 0.8 5.000000
 0.9 4.625000
 1.0 4.320000
 1.1 3.810811
 1.2 3.321429
 1.3 1.977273
 1.4 1.432432
 1.5 0.769231
 1.6 0.720000
 1.7 0.000000
 1.8 0.000000
 1.9 -0.000537
 2.0 -0.000522
 2.1 0.007914
 2.2 0.006394
 2.3 0.009321
 2.4 0.014178
 2.5 0.004866
 2.6 0.000735
 2.7 0.000420
 2.8 -0.004324
 2.9 -0.001583
 3.0 0.015362
 3.1 0.015657
 3.2 0.012390
 3.3 0.008620
 3.4 0.001240
 3.5 -0.010027
 3.6 -0.012139
 3.7 -0.008687
 3.8 -0.010563
 3.9 -0.012305
 4.0 -0.010921
 4.1 -0.016181
 4.2 -0.022540
 4.3 -0.021762
 4.4 -0.021249
 4.5 -0.019294
 4.6 -0.016151
 4.7 -0.010663
 4.8 -0.009408
 4.9 -0.007525
 5.0 -0.009929
 5.1 -0.010948
 5.2 -0.030165
 5.3 -0.046267
 5.4 -0.064983
 5.5 -0.108214
 5.6 -0.134627
 5.7 -0.149504
 5.8 -0.172717
 5.9 -0.230843
 6.0 -0.241000

PRO 19
 0.8 5.000000
 0.9 4.750000
 1.0 4.400000
 1.1 3.783784
 1.2 3.285714
 1.3 1.886364
 1.4 1.324324
 1.5 0.730769
 1.6 0.680000
 1.7 0.000000
 1.8 -0.079105
 1.9 -0.139537
 2.0 -0.126188
 2.1 -0.119790
 2.2 -0.093221
 2.3 -0.013229
 2.4 0.031705
 2.5 0.022056
 2.6 0.011578
 2.7 0.001621
 2.8 -0.049471
 2.9 -0.054338
 3.0 -0.038877
 3.1 -0.022445
 3.2 0.010887
 3.3 0.031775
 3.4 0.061267
 3.5 0.081483
 3.6 0.105007
 3.7 0.104389
 3.8 0.105570
 3.9 0.097687
 4.0 0.086543
 4.1 0.080329
 4.2 0.076860
 4.3 0.067750
 4.4 0.062066
 4.5 0.056433
 4.6 0.055768
 4.7 0.056366
 4.8 0.043544
 4.9 -0.042701
 5.0 -0.127026
 5.1 -0.179707
 5.2 -0.231692
 5.3 -0.250841
 5.4 -0.169078
 5.5 -0.104406
 5.6 -0.073852
 5.7 -0.059930
 5.8 -0.062239
 5.9 -0.064490
 6.0 -0.064000

SER 20
 0.8 5.100000
 0.9 4.750000
 1.0 4.480000
 1.1 3.891892
 1.2 3.410714
 1.3 2.352273
 1.4 1.851351
 1.5 1.423077
 1.6 1.380000
 1.7 0.500000
 1.8 0.578632
 1.9 0.638630
 2.0 0.610928
 2.1 0.580062
 2.2 0.523817
 2.3 0.433593
 2.4 0.362690
 2.5 0.379014
 2.6 0.399554
 2.7 0.424154
 2.8 0.476882
 2.9 0.488453
 3.0 0.477420
 3.1 0.488920
 3.2 0.488440
 3.3 0.489725
 3.4 0.489260
 3.5 0.489047
 3.6 0.476584
 3.7 0.472008
 3.8 0.467044
 3.9 0.465237
 4.0 0.465479
 4.1 0.465148
 4.2 0.465393
 4.3 0.469185
 4.4 0.473199
 4.5 0.476963
 4.6 0.478659
 4.7 0.478634
 4.8 0.478369
 4.9 0.476990
 5.0 0.473194
 5.1 0.469644
 5.2 0.463637
 5.3 0.457045
 5.4 0.450711
 5.5 0.446219
 5.6 0.443669
 5.7 0.442202
 5.8 0.442283
 5.9 0.442510
 6.0 0.443000

