ATOMS
CA -8.608 3.135 -1.618

CA -4.923 4.002 -2.452

CA -3.690 2.738 0.981

CA -5.857 -0.449 0.613

CA -4.122 -1.167 -2.743

CA -0.716 -0.631 -0.993

CA -1.641 -2.932 1.963

CA -3.024 -5.791 -0.269

CA 0.466 -6.016 -1.905

CA 2.060 -6.618 1.593

CA 2.626 -2.967 2.723

CA 6.333 -2.533 3.806

CA 7.049 -6.179 2.704

CA 6.389 -5.315 -1.015

CA 9.451 -3.116 -1.870

CA 7.289 0.084 -2.054

CA 6.782 3.088 0.345

CA 3.287 4.031 1.686

CA 1.185 6.543 -0.353

CA 0.852 10.027 1.285

EDGES
1 2 3.876399
1 3 5.576660
1 4 5.038891
1 5 6.316409
1 6 8.766815
1 7 9.908135
1 8 10.614817
1 19 10.445934
2 3 3.860502
2 4 5.484340
2 5 5.238783
2 6 6.425902
2 7 8.851221
2 8 10.211491
2 9 11.388628
2 11 11.503694
2 18 9.193910
2 19 6.940472
2 20 9.144201
3 4 3.871470
3 5 5.413301
3 6 4.908311
3 7 6.108324
3 8 8.645802
3 9 10.111076
3 10 10.998717
3 11 8.687545
3 12 11.671529
3 16 11.695870
3 17 10.497132
3 18 7.130736
3 19 6.326390
3 20 8.593701
4 5 3.845580
4 6 5.389085
4 7 5.075672
4 8 6.110710
4 9 8.792732
4 10 10.084436
4 11 9.096907
4 18 10.238870
4 19 9.970506
5 6 3.866605
5 7 5.605089
5 8 5.357953
5 9 6.727911
5 10 9.312971
5 11 8.868633
5 14 11.431230
5 16 11.500028
5 18 10.076136
5 19 9.660251
6 7 3.858518
6 8 5.698828
6 9 5.588121
6 10 7.087859
6 11 5.516749
6 12 8.737071
6 13 10.234419
6 14 8.510074
6 15 10.502964
6 16 8.106600
6 17 8.475919
6 18 6.703379
6 19 7.449139
6 20 11.010943
7 8 3.881803
7 9 5.376981
7 10 5.236497
7 11 4.334295
7 12 8.193932
7 13 9.306352
7 14 8.889774
7 15 11.737044
7 16 10.245850
7 17 10.478800
7 18 8.534945
7 19 10.155085
8 9 3.860987
8 10 5.477046
8 11 6.989245
8 12 10.713246
8 13 10.509738
8 14 9.454505
8 18 11.837332
9 10 3.890918
9 11 5.948141
9 12 8.897668
9 13 8.037745
9 14 6.030376
9 15 9.441475
9 16 9.153444
9 17 11.306510
9 18 11.036101
10 11 3.863555
10 12 6.312141
10 13 5.130026
10 14 5.219168
10 15 8.881625
10 16 9.249857
10 17 10.865598
10 18 10.719859
11 12 3.886270
11 13 5.466282
11 14 5.800510
11 15 8.227908
11 16 7.339748
11 17 7.719472
11 18 7.105230
11 19 10.098433
12 13 3.875613
12 14 5.566390
12 15 6.502214
12 16 6.488623
12 17 6.616325
12 18 7.540465
12 19 11.232674
13 14 3.874669
13 15 6.006084
13 16 7.869011
13 17 9.566267
13 18 10.928544
14 15 3.865549
14 16 5.571241
14 17 8.521412
14 18 10.211049
15 16 3.866277
15 17 7.107700
15 18 10.085616
16 17 3.877662
16 18 6.751475
16 19 9.048254
17 18 3.860383
17 19 6.614427
17 20 9.175959
18 19 3.858247
18 20 6.483983
19 20 3.864219

RESIDUES
ASN 1
 0.0 1.000000
 0.1 1.000000
 0.2 1.000000
 0.3 1.000000
 0.4 1.000000
 0.5 1.000000
 0.6 1.000000
 0.7 1.000000
 0.8 1.000000
 0.9 1.000000
 1.0 1.000000
 1.1 1.000000
 1.2 1.000000
 1.3 1.000000
 1.4 1.000000
 1.5 1.000000
 1.6 1.000000
 1.7 1.000000
 1.8 1.000000
 1.9 1.000000
 2.0 1.000000
 2.1 1.000000
 2.2 1.000000
 2.3 1.000000
 2.4 1.000000
 2.5 1.000000
 2.6 1.000000
 2.7 1.000000
 2.8 1.000000
 2.9 1.000000
 3.0 1.000000
 3.1 1.000000
 3.2 1.000000
 3.3 1.000000
 3.4 1.000000
 3.5 1.000000
 3.6 1.000000
 3.7 1.000000
 3.8 1.000000
 3.9 0.821429
 4.0 0.821429
 4.1 0.821429
 4.2 0.821429
 4.3 0.500000
 4.4 0.500000
 4.5 0.500000
 4.6 0.500000
 4.7 0.500000
 4.8 0.500000
 4.9 0.500000
 5.0 0.000000
 5.1 0.000000
 5.2 0.000000
 5.3 0.000000
 5.4 0.000000
 5.5 0.166500
 5.6 0.283200
 5.7 0.250000
 5.8 0.250000
 5.9 0.250000
 6.0 0.250000
 6.1 0.250000
 6.2 0.250000
 6.3 0.216667
 6.4 0.200000
 6.5 0.200000
 6.6 0.200000
 6.7 0.200000
 6.8 0.200000
 6.9 0.200000
 7.0 0.200000
 7.1 0.200000
 7.2 0.200000
 7.3 0.200000
 7.4 0.200000
 7.5 0.200000
 7.6 0.200000
 7.7 0.200000
 7.8 0.200000
 7.9 0.200000
 8.0 0.200000
 8.1 0.200000
 8.2 0.200000
 8.3 0.200000
 8.4 0.200000
 8.5 0.200000
 8.6 0.200000
 8.7 0.200000
 8.8 0.167000
 8.9 0.167000
 9.0 0.167000
 9.1 0.167000
 9.2 0.167000
 9.3 0.167000
 9.4 0.167000
 9.5 0.167000
 9.6 0.167000
 9.7 0.167000
 9.8 0.167000
 9.9 0.143000
 10.0 0.143000
 10.1 0.143000
 10.2 0.143000
 10.3 0.143000
 10.4 0.125000
 10.5 0.125000
 10.6 0.107000
 10.7 0.107000
 10.8 0.107000
 10.9 0.107000
 11.0 0.107000
 11.1 0.107000
 11.2 0.107000
 11.3 0.107000
 11.4 0.107000
 11.5 0.107000
 11.6 0.107000
 11.7 0.107000
 11.8 0.107000

LEU 2
 0.0 1.000000
 0.1 1.000000
 0.2 1.000000
 0.3 1.000000
 0.4 1.000000
 0.5 1.000000
 0.6 1.000000
 0.7 1.000000
 0.8 1.000000
 0.9 1.000000
 1.0 1.000000
 1.1 1.000000
 1.2 1.000000
 1.3 1.000000
 1.4 1.000000
 1.5 1.000000
 1.6 1.000000
 1.7 1.000000
 1.8 1.000000
 1.9 1.000000
 2.0 1.000000
 2.1 1.000000
 2.2 1.000000
 2.3 1.000000
 2.4 1.000000
 2.5 1.000000
 2.6 1.000000
 2.7 1.000000
 2.8 1.000000
 2.9 1.000000
 3.0 1.000000
 3.1 1.000000
 3.2 1.000000
 3.3 1.000000
 3.4 1.000000
 3.5 1.000000
 3.6 1.000000
 3.7 1.000000
 3.8 1.000000
 3.9 0.428571
 4.0 0.428571
 4.1 0.428571
 4.2 0.428571
 4.3 0.000000
 4.4 0.000000
 4.5 0.000000
 4.6 0.000000
 4.7 0.000000
 4.8 0.000000
 4.9 0.000000
 5.0 0.000000
 5.1 0.000000
 5.2 -0.166667
 5.3 -0.166667
 5.4 -0.416750
 5.5 -0.042000
 5.6 0.133400
 5.7 0.167000
 5.8 0.167000
 5.9 0.167000
 6.0 0.167000
 6.1 0.167000
 6.2 0.167000
 6.3 0.189000
 6.4 0.150000
 6.5 0.150000
 6.6 0.150000
 6.7 0.150000
 6.8 0.150000
 6.9 -0.017000
 7.0 -0.017000
 7.1 -0.017000
 7.2 -0.017000
 7.3 -0.017000
 7.4 0.067000
 7.5 0.067000
 7.6 0.067000
 7.7 0.067000
 7.8 0.067000
 7.9 0.067000
 8.0 0.067000
 8.1 0.067000
 8.2 0.067000
 8.3 0.067000
 8.4 0.067000
 8.5 0.067000
 8.6 0.067000
 8.7 0.067000
 8.8 0.083000
 8.9 0.050000
 9.0 0.050000
 9.1 0.008500
 9.2 -0.025000
 9.3 -0.017000
 9.4 -0.017000
 9.5 -0.017000
 9.6 -0.017000
 9.7 0.017000
 9.8 0.017000
 9.9 0.026000
 10.0 0.043000
 10.1 0.043000
 10.2 0.028200
 10.3 0.028200
 10.4 0.033000
 10.5 0.033000
 10.6 0.039000
 10.7 0.039000
 10.8 0.039000
 10.9 0.039000
 11.0 0.050333
 11.1 0.050333
 11.2 0.056000
 11.3 0.056000
 11.4 0.044000
 11.5 0.041000
 11.6 0.041000
 11.7 0.038000
 11.8 0.041000

TYR 3
 0.0 1.000000
 0.1 1.000000
 0.2 1.000000
 0.3 1.000000
 0.4 1.000000
 0.5 1.000000
 0.6 1.000000
 0.7 1.000000
 0.8 1.000000
 0.9 1.000000
 1.0 1.000000
 1.1 1.000000
 1.2 1.000000
 1.3 1.000000
 1.4 1.000000
 1.5 1.000000
 1.6 1.000000
 1.7 1.000000
 1.8 1.000000
 1.9 1.000000
 2.0 1.000000
 2.1 1.000000
 2.2 1.000000
 2.3 1.000000
 2.4 1.000000
 2.5 1.000000
 2.6 1.000000
 2.7 1.000000
 2.8 1.000000
 2.9 1.000000
 3.0 1.000000
 3.1 1.000000
 3.2 1.000000
 3.3 1.000000
 3.4 1.000000
 3.5 1.000000
 3.6 1.000000
 3.7 1.000000
 3.8 1.000000
 3.9 0.357143
 4.0 0.357143
 4.1 0.357143
 4.2 0.357143
 4.3 0.000000
 4.4 0.000000
 4.5 0.000000
 4.6 0.000000
 4.7 0.000000
 4.8 0.000000
 4.9 -0.500000
 5.0 -0.500000
 5.1 -0.500000
 5.2 -0.500000
 5.3 -0.500000
 5.4 -0.271000
 5.5 0.125000
 5.6 0.116600
 5.7 0.083000
 5.8 0.083000
 5.9 0.083000
 6.0 0.083000
 6.1 0.033000
 6.2 0.033000
 6.3 -0.111000
 6.4 -0.400000
 6.5 -0.400000
 6.6 -0.400000
 6.7 -0.400000
 6.8 -0.400000
 6.9 -0.067000
 7.0 -0.067000
 7.1 -0.025250
 7.2 -0.025250
 7.3 0.100000
 7.4 -0.067000
 7.5 -0.067000
 7.6 -0.067000
 7.7 -0.067000
 7.8 -0.067000
 7.9 -0.067000
 8.0 -0.067000
 8.1 -0.067000
 8.2 -0.067000
 8.3 -0.067000
 8.4 -0.067000
 8.5 -0.046000
 8.6 -0.083500
 8.7 -0.117000
 8.8 -0.100000
 8.9 -0.070200
 9.0 -0.067000
 9.1 -0.015500
 9.2 -0.007000
 9.3 -0.040000
 9.4 -0.040000
 9.5 -0.040000
 9.6 -0.040000
 9.7 -0.007000
 9.8 -0.007000
 9.9 0.002000
 10.0 0.019000
 10.1 -0.001400
 10.2 -0.002200
 10.3 -0.002200
 10.4 0.007000
 10.5 0.014500
 10.6 0.023000
 10.7 0.023000
 10.8 0.023000
 10.9 0.023000
 11.0 0.025333
 11.1 0.025333
 11.2 0.028000
 11.3 0.034000
 11.4 0.037000
 11.5 0.037000
 11.6 0.037000
 11.7 0.030333
 11.8 0.027000

ILE 4
 0.0 1.000000
 0.1 1.000000
 0.2 1.000000
 0.3 1.000000
 0.4 1.000000
 0.5 1.000000
 0.6 1.000000
 0.7 1.000000
 0.8 1.000000
 0.9 1.000000
 1.0 1.000000
 1.1 1.000000
 1.2 1.000000
 1.3 1.000000
 1.4 1.000000
 1.5 1.000000
 1.6 1.000000
 1.7 1.000000
 1.8 1.000000
 1.9 1.000000
 2.0 1.000000
 2.1 1.000000
 2.2 1.000000
 2.3 1.000000
 2.4 1.000000
 2.5 1.000000
 2.6 1.000000
 2.7 1.000000
 2.8 1.000000
 2.9 1.000000
 3.0 1.000000
 3.1 1.000000
 3.2 1.000000
 3.3 1.000000
 3.4 1.000000
 3.5 1.000000
 3.6 1.000000
 3.7 1.000000
 3.8 0.500000
 3.9 0.250000
 4.0 0.250000
 4.1 0.250000
 4.2 0.250000
 4.3 0.000000
 4.4 0.000000
 4.5 0.000000
 4.6 0.000000
 4.7 0.000000
 4.8 0.000000
 4.9 0.000000
 5.0 -0.500000
 5.1 -1.000000
 5.2 -1.000000
 5.3 -1.000000
 5.4 -0.729250
 5.5 -0.292000
 5.6 -0.100000
 5.7 0.000000
 5.8 0.000000
 5.9 0.000000
 6.0 0.000000
 6.1 0.008000
 6.2 0.008000
 6.3 0.005667
 6.4 0.050000
 6.5 0.050000
 6.6 0.050000
 6.7 0.050000
 6.8 0.050000
 6.9 0.050000
 7.0 0.050000
 7.1 0.050000
 7.2 0.050000
 7.3 0.050000
 7.4 0.050000
 7.5 0.050000
 7.6 0.050000
 7.7 0.050000
 7.8 0.050000
 7.9 0.050000
 8.0 0.050000
 8.1 0.050000
 8.2 0.050000
 8.3 0.050000
 8.4 0.050000
 8.5 0.050000
 8.6 0.058500
 8.7 0.067000
 8.8 0.066500
 8.9 0.067000
 9.0 0.067000
 9.1 0.052000
 9.2 0.052000
 9.3 0.052000
 9.4 0.052000
 9.5 0.052000
 9.6 0.052000
 9.7 0.052000
 9.8 0.052000
 9.9 0.062000
 10.0 0.029000
 10.1 0.022200
 10.2 0.038400
 10.3 0.038400
 10.4 0.039000
 10.5 0.039000
 10.6 0.045000
 10.7 0.050000
 10.8 0.050000
 10.9 0.055000
 11.0 0.056333
 11.1 0.056333
 11.2 0.059000
 11.3 0.059000
 11.4 0.062000
 11.5 0.062000
 11.6 0.062000
 11.7 0.062000
 11.8 0.063000

GLN 5
 0.0 1.000000
 0.1 1.000000
 0.2 1.000000
 0.3 1.000000
 0.4 1.000000
 0.5 1.000000
 0.6 1.000000
 0.7 1.000000
 0.8 1.000000
 0.9 1.000000
 1.0 1.000000
 1.1 1.000000
 1.2 1.000000
 1.3 1.000000
 1.4 1.000000
 1.5 1.000000
 1.6 1.000000
 1.7 1.000000
 1.8 1.000000
 1.9 1.000000
 2.0 1.000000
 2.1 1.000000
 2.2 1.000000
 2.3 1.000000
 2.4 1.000000
 2.5 1.000000
 2.6 1.000000
 2.7 1.000000
 2.8 1.000000
 2.9 1.000000
 3.0 1.000000
 3.1 1.000000
 3.2 1.000000
 3.3 1.000000
 3.4 1.000000
 3.5 1.000000
 3.6 1.000000
 3.7 1.000000
 3.8 0.500000
 3.9 0.214286
 4.0 0.214286
 4.1 0.214286
 4.2 0.214286
 4.3 0.000000
 4.4 0.000000
 4.5 0.000000
 4.6 0.000000
 4.7 0.000000
 4.8 0.000000
 4.9 0.000000
 5.0 0.000000
 5.1 0.000000
 5.2 -0.166667
 5.3 -0.166667
 5.4 -0.771000
 5.5 -0.375000
 5.6 -0.283000
 5.7 0.000000
 5.8 0.000000
 5.9 0.000000
 6.0 0.000000
 6.1 0.050000
 6.2 0.050000
 6.3 0.033667
 6.4 0.050000
 6.5 0.050000
 6.6 0.050000
 6.7 0.025000
 6.8 0.000000
 6.9 0.000000
 7.0 0.000000
 7.1 0.000000
 7.2 0.000000
 7.3 0.000000
 7.4 0.000000
 7.5 0.000000
 7.6 0.000000
 7.7 0.000000
 7.8 0.000000
 7.9 0.000000
 8.0 0.000000
 8.1 0.000000
 8.2 0.000000
 8.3 0.000000
 8.4 0.000000
 8.5 0.000000
 8.6 0.008500
 8.7 0.017000
 8.8 0.041500
 8.9 0.053400
 9.0 0.050000
 9.1 0.052000
 9.2 0.052000
 9.3 0.040500
 9.4 0.029000
 9.5 0.029000
 9.6 0.029000
 9.7 -0.021000
 9.8 -0.021000
 9.9 -0.012000
 10.0 0.005000
 10.1 0.011000
 10.2 0.029800
 10.3 0.029800
 10.4 0.039000
 10.5 0.039000
 10.6 0.045000
 10.7 0.050000
 10.8 0.050000
 10.9 0.055000
 11.0 0.056333
 11.1 0.056333
 11.2 0.059000
 11.3 0.059000
 11.4 0.056000
 11.5 0.045000
 11.6 0.045000
 11.7 0.045667
 11.8 0.045000

TRP 6
 0.0 1.000000
 0.1 1.000000
 0.2 1.000000
 0.3 1.000000
 0.4 1.000000
 0.5 1.000000
 0.6 1.000000
 0.7 1.000000
 0.8 1.000000
 0.9 1.000000
 1.0 1.000000
 1.1 1.000000
 1.2 1.000000
 1.3 1.000000
 1.4 1.000000
 1.5 1.000000
 1.6 1.000000
 1.7 1.000000
 1.8 1.000000
 1.9 1.000000
 2.0 1.000000
 2.1 1.000000
 2.2 1.000000
 2.3 1.000000
 2.4 1.000000
 2.5 1.000000
 2.6 1.000000
 2.7 1.000000
 2.8 1.000000
 2.9 1.000000
 3.0 1.000000
 3.1 1.000000
 3.2 1.000000
 3.3 1.000000
 3.4 1.000000
 3.5 1.000000
 3.6 1.000000
 3.7 1.000000
 3.8 1.000000
 3.9 0.250000
 4.0 0.250000
 4.1 0.250000
 4.2 0.250000
 4.3 0.000000
 4.4 0.000000
 4.5 0.000000
 4.6 0.000000
 4.7 0.000000
 4.8 0.000000
 4.9 -0.500000
 5.0 -0.500000
 5.1 -0.500000
 5.2 -0.500000
 5.3 -0.500000
 5.4 -0.229250
 5.5 0.041500
 5.6 -0.133200
 5.7 -0.167000
 5.8 -0.167000
 5.9 -0.083000
 6.0 -0.083000
 6.1 -0.033500
 6.2 -0.033500
 6.3 -0.017000
 6.4 -0.067000
 6.5 -0.067000
 6.6 -0.067000
 6.7 -0.550000
 6.8 -0.533000
 6.9 -0.533000
 7.0 -0.500000
 7.1 -0.200000
 7.2 -0.200000
 7.3 0.133000
 7.4 0.133000
 7.5 0.133000
 7.6 0.133000
 7.7 0.133000
 7.8 0.133000
 7.9 0.133000
 8.0 0.133000
 8.1 0.050000
 8.2 0.050000
 8.3 0.050000
 8.4 0.050000
 8.5 0.083250
 8.6 -0.008500
 8.7 -0.017000
 8.8 -0.041500
 8.9 -0.015000
 9.0 0.026000
 9.1 0.029000
 9.2 0.039250
 9.3 0.043000
 9.4 0.048000
 9.5 0.057000
 9.6 0.057000
 9.7 0.090000
 9.8 0.090000
 9.9 0.100000
 10.0 0.117000
 10.1 0.079200
 10.2 0.047400
 10.3 0.047400
 10.4 0.038000
 10.5 0.041250
 10.6 0.053000
 10.7 0.046500
 10.8 0.046500
 10.9 0.038000
 11.0 0.017000
 11.1 0.017000
 11.2 0.010000
 11.3 0.008000
 11.4 0.011500
 11.5 0.010000
 11.6 0.010000
 11.7 0.008333
 11.8 0.008000

LEU 7
 0.0 1.000000
 0.1 1.000000
 0.2 1.000000
 0.3 1.000000
 0.4 1.000000
 0.5 1.000000
 0.6 1.000000
 0.7 1.000000
 0.8 1.000000
 0.9 1.000000
 1.0 1.000000
 1.1 1.000000
 1.2 1.000000
 1.3 1.000000
 1.4 1.000000
 1.5 1.000000
 1.6 1.000000
 1.7 1.000000
 1.8 1.000000
 1.9 1.000000
 2.0 1.000000
 2.1 1.000000
 2.2 1.000000
 2.3 1.000000
 2.4 1.000000
 2.5 1.000000
 2.6 1.000000
 2.7 1.000000
 2.8 1.000000
 2.9 1.000000
 3.0 1.000000
 3.1 1.000000
 3.2 1.000000
 3.3 1.000000
 3.4 1.000000
 3.5 1.000000
 3.6 1.000000
 3.7 1.000000
 3.8 1.000000
 3.9 0.428571
 4.0 0.428571
 4.1 0.428571
 4.2 0.428571
 4.3 -0.500000
 4.4 -0.500000
 4.5 -0.500000
 4.6 -0.500000
 4.7 -0.500000
 4.8 -0.500000
 4.9 -0.500000
 5.0 -0.500000
 5.1 -1.000000
 5.2 -1.111333
 5.3 -1.111333
 5.4 -0.875250
 5.5 -0.520750
 5.6 -0.066800
 5.7 0.167000
 5.8 0.167000
 5.9 0.000000
 6.0 0.000000
 6.1 -0.033500
 6.2 -0.033500
 6.3 -0.017000
 6.4 -0.017000
 6.5 -0.017000
 6.6 -0.017000
 6.7 0.000000
 6.8 0.017000
 6.9 0.017000
 7.0 0.000000
 7.1 0.017000
 7.2 0.017000
 7.3 0.017000
 7.4 0.017000
 7.5 0.017000
 7.6 0.017000
 7.7 0.017000
 7.8 0.017000
 7.9 0.017000
 8.0 0.017000
 8.1 0.017000
 8.2 -0.067000
 8.3 -0.067000
 8.4 -0.067000
 8.5 -0.046000
 8.6 0.025000
 8.7 0.008500
 8.8 0.008500
 8.9 -0.021600
 9.0 -0.024000
 9.1 -0.021000
 9.2 -0.004500
 9.3 -0.007000
 9.4 -0.002000
 9.5 0.007000
 9.6 0.007000
 9.7 0.007000
 9.8 0.007000
 9.9 -0.017000
 10.0 -0.017000
 10.1 -0.011000
 10.2 0.011200
 10.3 0.011200
 10.4 0.036000
 10.5 0.042250
 10.6 0.055000
 10.7 0.050000
 10.8 0.050000
 10.9 0.044500
 11.0 0.035667
 11.1 0.035667
 11.2 0.035000
 11.3 0.034000
 11.4 0.037500
 11.5 0.035000
 11.6 0.035000
 11.7 0.031333
 11.8 0.025000

LYS 8
 0.0 1.000000
 0.1 1.000000
 0.2 1.000000
 0.3 1.000000
 0.4 1.000000
 0.5 1.000000
 0.6 1.000000
 0.7 1.000000
 0.8 1.000000
 0.9 1.000000
 1.0 1.000000
 1.1 1.000000
 1.2 1.000000
 1.3 1.000000
 1.4 1.000000
 1.5 1.000000
 1.6 1.000000
 1.7 1.000000
 1.8 1.000000
 1.9 1.000000
 2.0 1.000000
 2.1 1.000000
 2.2 1.000000
 2.3 1.000000
 2.4 1.000000
 2.5 1.000000
 2.6 1.000000
 2.7 1.000000
 2.8 1.000000
 2.9 1.000000
 3.0 1.000000
 3.1 1.000000
 3.2 1.000000
 3.3 1.000000
 3.4 1.000000
 3.5 1.000000
 3.6 1.000000
 3.7 1.000000
 3.8 1.000000
 3.9 0.500000
 4.0 0.500000
 4.1 0.500000
 4.2 0.500000
 4.3 0.000000
 4.4 0.000000
 4.5 0.000000
 4.6 0.000000
 4.7 0.000000
 4.8 0.000000
 4.9 0.000000
 5.0 0.000000
 5.1 0.000000
 5.2 0.000000
 5.3 0.000000
 5.4 -0.250250
 5.5 -0.229250
 5.6 -0.183400
 5.7 0.083000
 5.8 0.083000
 5.9 0.083000
 6.0 0.083000
 6.1 0.058000
 6.2 0.058000
 6.3 0.033000
 6.4 0.033000
 6.5 0.033000
 6.6 0.033000
 6.7 0.050000
 6.8 0.067000
 6.9 0.067000
 7.0 0.050000
 7.1 0.067000
 7.2 0.067000
 7.3 0.067000
 7.4 0.067000
 7.5 0.067000
 7.6 0.067000
 7.7 0.067000
 7.8 0.067000
 7.9 0.067000
 8.0 0.067000
 8.1 0.067000
 8.2 0.067000
 8.3 0.067000
 8.4 0.067000
 8.5 0.067000
 8.6 0.050000
 8.7 0.067000
 8.8 0.075000
 8.9 0.083000
 9.0 0.083000
 9.1 0.086000
 9.2 0.086000
 9.3 0.090500
 9.4 0.095000
 9.5 0.071000
 9.6 0.071000
 9.7 0.071000
 9.8 0.071000
 9.9 0.071000
 10.0 0.071000
 10.1 0.077000
 10.2 0.064600
 10.3 0.064600
 10.4 0.060000
 10.5 0.055500
 10.6 0.024000
 10.7 0.010000
 10.8 0.010000
 10.9 0.010000
 11.0 0.014000
 11.1 0.014000
 11.2 0.014000
 11.3 0.014000
 11.4 0.023000
 11.5 0.028000
 11.6 0.028000
 11.7 0.036000
 11.8 0.036000

ASP 9
 0.0 1.000000
 0.1 1.000000
 0.2 1.000000
 0.3 1.000000
 0.4 1.000000
 0.5 1.000000
 0.6 1.000000
 0.7 1.000000
 0.8 1.000000
 0.9 1.000000
 1.0 1.000000
 1.1 1.000000
 1.2 1.000000
 1.3 1.000000
 1.4 1.000000
 1.5 1.000000
 1.6 1.000000
 1.7 1.000000
 1.8 1.000000
 1.9 1.000000
 2.0 1.000000
 2.1 1.000000
 2.2 1.000000
 2.3 1.000000
 2.4 1.000000
 2.5 1.000000
 2.6 1.000000
 2.7 1.000000
 2.8 1.000000
 2.9 1.000000
 3.0 1.000000
 3.1 1.000000
 3.2 1.000000
 3.3 1.000000
 3.4 1.000000
 3.5 1.000000
 3.6 1.000000
 3.7 1.000000
 3.8 1.000000
 3.9 0.571429
 4.0 0.571429
 4.1 0.571429
 4.2 0.571429
 4.3 0.000000
 4.4 0.000000
 4.5 0.000000
 4.6 0.000000
 4.7 0.000000
 4.8 0.000000
 4.9 0.000000
 5.0 0.000000
 5.1 0.000000
 5.2 0.000000
 5.3 0.000000
 5.4 0.125250
 5.5 0.229250
 5.6 0.183200
 5.7 0.167000
 5.8 0.167000
 5.9 0.167000
 6.0 0.125000
 6.1 0.083000
 6.2 0.083000
 6.3 0.083000
 6.4 0.083000
 6.5 0.083000
 6.6 0.083000
 6.7 0.058000
 6.8 0.033000
 6.9 0.033000
 7.0 0.017000
 7.1 0.033000
 7.2 0.033000
 7.3 0.033000
 7.4 0.033000
 7.5 0.033000
 7.6 0.033000
 7.7 0.033000
 7.8 0.033000
 7.9 0.033000
 8.0 -0.017000
 8.1 -0.017000
 8.2 -0.017000
 8.3 -0.017000
 8.4 -0.017000
 8.5 0.008500
 8.6 0.017000
 8.7 0.017000
 8.8 0.000000
 8.9 0.002000
 9.0 0.010000
 9.1 0.019000
 9.2 0.002750
 9.3 0.019000
 9.4 0.006000
 9.5 0.015000
 9.6 0.015000
 9.7 0.015000
 9.8 0.015000
 9.9 0.015000
 10.0 0.015000
 10.1 0.016400
 10.2 0.006000
 10.3 0.006000
 10.4 0.010000
 10.5 0.013500
 10.6 0.020000
 10.7 0.024000
 10.8 0.024000
 10.9 0.024000
 11.0 0.031667
 11.1 0.031667
 11.2 0.039000
 11.3 0.038000
 11.4 0.027000
 11.5 0.033000
 11.6 0.033000
 11.7 0.035667
 11.8 0.035000

GLY 10
 0.0 1.000000
 0.1 1.000000
 0.2 1.000000
 0.3 1.000000
 0.4 1.000000
 0.5 1.000000
 0.6 1.000000
 0.7 1.000000
 0.8 1.000000
 0.9 1.000000
 1.0 1.000000
 1.1 1.000000
 1.2 1.000000
 1.3 1.000000
 1.4 1.000000
 1.5 1.000000
 1.6 1.000000
 1.7 1.000000
 1.8 1.000000
 1.9 1.000000
 2.0 1.000000
 2.1 1.000000
 2.2 1.000000
 2.3 1.000000
 2.4 1.000000
 2.5 1.000000
 2.6 1.000000
 2.7 1.000000
 2.8 1.000000
 2.9 1.000000
 3.0 1.000000
 3.1 1.000000
 3.2 1.000000
 3.3 1.000000
 3.4 1.000000
 3.5 1.000000
 3.6 1.000000
 3.7 1.000000
 3.8 1.000000
 3.9 0.607143
 4.0 0.607143
 4.1 0.607143
 4.2 0.607143
 4.3 0.000000
 4.4 0.000000
 4.5 0.000000
 4.6 0.000000
 4.7 0.000000
 4.8 0.000000
 4.9 0.000000
 5.0 0.000000
 5.1 -0.250000
 5.2 -0.777667
 5.3 -0.777667
 5.4 -0.583250
 5.5 -0.229250
 5.6 -0.250000
 5.7 -0.250000
 5.8 -0.167000
 5.9 -0.083000
 6.0 -0.041500
 6.1 0.000000
 6.2 0.000000
 6.3 -0.050000
 6.4 -0.050000
 6.5 -0.050000
 6.6 -0.050000
 6.7 -0.050000
 6.8 -0.050000
 6.9 -0.050000
 7.0 -0.017000
 7.1 -0.050000
 7.2 -0.050000
 7.3 -0.050000
 7.4 -0.050000
 7.5 -0.050000
 7.6 -0.050000
 7.7 -0.050000
 7.8 -0.050000
 7.9 -0.050000
 8.0 -0.017000
 8.1 -0.017000
 8.2 0.067000
 8.3 0.067000
 8.4 0.067000
 8.5 0.091750
 8.6 0.100000
 8.7 0.091500
 8.8 0.083000
 8.9 0.061800
 9.0 0.043000
 9.1 0.043000
 9.2 0.041750
 9.3 0.036000
 9.4 0.030000
 9.5 0.039000
 9.6 0.039000
 9.7 0.039000
 9.8 0.039000
 9.9 0.039000
 10.0 0.039000
 10.1 0.024600
 10.2 0.023600
 10.3 0.023600
 10.4 0.028000
 10.5 0.031500
 10.6 0.038000
 10.7 0.049000
 10.8 0.049000
 10.9 0.049000
 11.0 0.047333
 11.1 0.047333
 11.2 0.040000
 11.3 0.038000
 11.4 0.039000
 11.5 0.044000
 11.6 0.044000
 11.7 0.045667
 11.8 0.046000

GLY 11
 0.0 1.000000
 0.1 1.000000
 0.2 1.000000
 0.3 1.000000
 0.4 1.000000
 0.5 1.000000
 0.6 1.000000
 0.7 1.000000
 0.8 1.000000
 0.9 1.000000
 1.0 1.000000
 1.1 1.000000
 1.2 1.000000
 1.3 1.000000
 1.4 1.000000
 1.5 1.000000
 1.6 1.000000
 1.7 1.000000
 1.8 1.000000
 1.9 1.000000
 2.0 1.000000
 2.1 1.000000
 2.2 1.000000
 2.3 1.000000
 2.4 1.000000
 2.5 1.000000
 2.6 1.000000
 2.7 1.000000
 2.8 1.000000
 2.9 1.000000
 3.0 1.000000
 3.1 1.000000
 3.2 1.000000
 3.3 1.000000
 3.4 1.000000
 3.5 1.000000
 3.6 1.000000
 3.7 1.000000
 3.8 1.000000
 3.9 0.571429
 4.0 0.571429
 4.1 0.571429
 4.2 0.571429
 4.3 -0.500000
 4.4 -0.500000
 4.5 -0.500000
 4.6 -0.500000
 4.7 -0.500000
 4.8 -0.500000
 4.9 -0.500000
 5.0 -0.500000
 5.1 -0.500000
 5.2 -0.278000
 5.3 -0.278000
 5.4 -0.167000
 5.5 -0.041750
 5.6 -0.167000
 5.7 -0.167000
 5.8 -0.167000
 5.9 -0.167000
 6.0 -0.125000
 6.1 -0.083000
 6.2 -0.083000
 6.3 -0.050000
 6.4 -0.050000
 6.5 -0.050000
 6.6 -0.050000
 6.7 -0.050000
 6.8 -0.050000
 6.9 -0.050000
 7.0 -0.067000
 7.1 -0.175250
 7.2 -0.175250
 7.3 0.033000
 7.4 0.033000
 7.5 0.117000
 7.6 0.117000
 7.7 0.067000
 7.8 0.067000
 7.9 0.100000
 8.0 0.133000
 8.1 0.217000
 8.2 0.300000
 8.3 0.300000
 8.4 0.300000
 8.5 0.112500
 8.6 -0.083000
 8.7 -0.050000
 8.8 0.000000
 8.9 -0.004800
 9.0 -0.007000
 9.1 -0.021000
 9.2 -0.022250
 9.3 -0.012000
 9.4 -0.001000
 9.5 0.008000
 9.6 0.018000
 9.7 0.018000
 9.8 0.018000
 9.9 0.018000
 10.0 0.018000
 10.1 0.063600
 10.2 0.083200
 10.3 0.083200
 10.4 0.066000
 10.5 0.068000
 10.6 0.073000
 10.7 0.066500
 10.8 0.066500
 10.9 0.058500
 11.0 0.048333
 11.1 0.048333
 11.2 0.047000
 11.3 0.045000
 11.4 0.046000
 11.5 0.041000
 11.6 0.041000
 11.7 0.037000
 11.8 0.037000

PRO 12
 0.0 1.000000
 0.1 1.000000
 0.2 1.000000
 0.3 1.000000
 0.4 1.000000
 0.5 1.000000
 0.6 1.000000
 0.7 1.000000
 0.8 1.000000
 0.9 1.000000
 1.0 1.000000
 1.1 1.000000
 1.2 1.000000
 1.3 1.000000
 1.4 1.000000
 1.5 1.000000
 1.6 1.000000
 1.7 1.000000
 1.8 1.000000
 1.9 1.000000
 2.0 1.000000
 2.1 1.000000
 2.2 1.000000
 2.3 1.000000
 2.4 1.000000
 2.5 1.000000
 2.6 1.000000
 2.7 1.000000
 2.8 1.000000
 2.9 1.000000
 3.0 1.000000
 3.1 1.000000
 3.2 1.000000
 3.3 1.000000
 3.4 1.000000
 3.5 1.000000
 3.6 1.000000
 3.7 1.000000
 3.8 1.000000
 3.9 0.750000
 4.0 0.750000
 4.1 0.750000
 4.2 0.750000
 4.3 0.000000
 4.4 0.000000
 4.5 0.000000
 4.6 0.000000
 4.7 0.000000
 4.8 0.000000
 4.9 0.000000
 5.0 0.000000
 5.1 0.000000
 5.2 0.000000
 5.3 0.000000
 5.4 0.000000
 5.5 0.333000
 5.6 0.167000
 5.7 0.167000
 5.8 0.250000
 5.9 0.250000
 6.0 0.250000
 6.1 0.250000
 6.2 0.250000
 6.3 0.200000
 6.4 0.200000
 6.5 0.088667
 6.6 -0.050000
 6.7 -0.133000
 6.8 -0.133000
 6.9 -0.133000
 7.0 -0.133000
 7.1 -0.091500
 7.2 -0.091500
 7.3 0.033000
 7.4 0.033000
 7.5 0.033000
 7.6 0.033000
 7.7 0.067000
 7.8 0.067000
 7.9 0.050000
 8.0 0.050000
 8.1 0.050000
 8.2 -0.050000
 8.3 -0.050000
 8.4 -0.050000
 8.5 -0.037750
 8.6 0.033000
 8.7 0.033000
 8.8 0.033000
 8.9 0.048600
 9.0 0.060000
 9.1 0.060000
 9.2 0.058750
 9.3 0.064000
 9.4 0.070000
 9.5 0.070000
 9.6 0.080000
 9.7 0.080000
 9.8 0.080000
 9.9 0.080000
 10.0 0.080000
 10.1 0.089600
 10.2 0.081200
 10.3 0.081200
 10.4 0.074000
 10.5 0.075000
 10.6 0.073000
 10.7 0.061000
 10.8 0.061000
 10.9 0.064000
 11.0 0.065667
 11.1 0.065667
 11.2 0.049000
 11.3 0.050000
 11.4 0.050000
 11.5 0.050000
 11.6 0.050000
 11.7 0.049000
 11.8 0.051000

SER 13
 0.0 1.000000
 0.1 1.000000
 0.2 1.000000
 0.3 1.000000
 0.4 1.000000
 0.5 1.000000
 0.6 1.000000
 0.7 1.000000
 0.8 1.000000
 0.9 1.000000
 1.0 1.000000
 1.1 1.000000
 1.2 1.000000
 1.3 1.000000
 1.4 1.000000
 1.5 1.000000
 1.6 1.000000
 1.7 1.000000
 1.8 1.000000
 1.9 1.000000
 2.0 1.000000
 2.1 1.000000
 2.2 1.000000
 2.3 1.000000
 2.4 1.000000
 2.5 1.000000
 2.6 1.000000
 2.7 1.000000
 2.8 1.000000
 2.9 1.000000
 3.0 1.000000
 3.1 1.000000
 3.2 1.000000
 3.3 1.000000
 3.4 1.000000
 3.5 1.000000
 3.6 1.000000
 3.7 1.000000
 3.8 1.000000
 3.9 0.607143
 4.0 0.607143
 4.1 0.607143
 4.2 0.607143
 4.3 0.000000
 4.4 0.000000
 4.5 0.000000
 4.6 0.000000
 4.7 0.000000
 4.8 0.000000
 4.9 0.000000
 5.0 0.000000
 5.1 -0.250000
 5.2 -0.167000
 5.3 -0.167000
 5.4 -0.167000
 5.5 0.000000
 5.6 0.333000
 5.7 0.333000
 5.8 0.167000
 5.9 0.167000
 6.0 0.000000
 6.1 0.000000
 6.2 0.000000
 6.3 0.033000
 6.4 0.033000
 6.5 0.061000
 6.6 0.117000
 6.7 0.117000
 6.8 0.117000
 6.9 0.117000
 7.0 0.117000
 7.1 0.117000
 7.2 0.117000
 7.3 0.117000
 7.4 0.117000
 7.5 0.117000
 7.6 0.117000
 7.7 0.117000
 7.8 0.117000
 7.9 0.100000
 8.0 0.050000
 8.1 0.050000
 8.2 0.058500
 8.3 0.058500
 8.4 0.058500
 8.5 0.067000
 8.6 0.067000
 8.7 0.067000
 8.8 0.067000
 8.9 0.080000
 9.0 0.100000
 9.1 0.100000
 9.2 0.117500
 9.3 0.095000
 9.4 0.101000
 9.5 0.101000
 9.6 0.077000
 9.7 0.077000
 9.8 0.077000
 9.9 0.077000
 10.0 0.077000
 10.1 0.077000
 10.2 0.076600
 10.3 0.076600
 10.4 0.079000
 10.5 0.080500
 10.6 0.067000
 10.7 0.071000
 10.8 0.071000
 10.9 0.069000
 11.0 0.065667
 11.1 0.065667
 11.2 0.067000
 11.3 0.068000
 11.4 0.068000
 11.5 0.068000
 11.6 0.068000
 11.7 0.068333
 11.8 0.072000

SER 14
 0.0 1.000000
 0.1 1.000000
 0.2 1.000000
 0.3 1.000000
 0.4 1.000000
 0.5 1.000000
 0.6 1.000000
 0.7 1.000000
 0.8 1.000000
 0.9 1.000000
 1.0 1.000000
 1.1 1.000000
 1.2 1.000000
 1.3 1.000000
 1.4 1.000000
 1.5 1.000000
 1.6 1.000000
 1.7 1.000000
 1.8 1.000000
 1.9 1.000000
 2.0 1.000000
 2.1 1.000000
 2.2 1.000000
 2.3 1.000000
 2.4 1.000000
 2.5 1.000000
 2.6 1.000000
 2.7 1.000000
 2.8 1.000000
 2.9 1.000000
 3.0 1.000000
 3.1 1.000000
 3.2 1.000000
 3.3 1.000000
 3.4 1.000000
 3.5 1.000000
 3.6 1.000000
 3.7 1.000000
 3.8 1.000000
 3.9 0.464286
 4.0 0.464286
 4.1 0.464286
 4.2 0.464286
 4.3 0.000000
 4.4 0.000000
 4.5 0.000000
 4.6 0.000000
 4.7 0.000000
 4.8 0.000000
 4.9 0.000000
 5.0 0.000000
 5.1 0.000000
 5.2 -0.167000
 5.3 -0.167000
 5.4 -0.167000
 5.5 -0.167000
 5.6 -0.466600
 5.7 -0.500000
 5.8 -0.500000
 5.9 -0.500000
 6.0 -0.208500
 6.1 -0.250000
 6.2 -0.250000
 6.3 -0.217000
 6.4 -0.217000
 6.5 -0.050000
 6.6 -0.050000
 6.7 -0.050000
 6.8 -0.050000
 6.9 -0.050000
 7.0 -0.050000
 7.1 -0.050000
 7.2 -0.050000
 7.3 0.033000
 7.4 0.033000
 7.5 0.033000
 7.6 0.033000
 7.7 0.033000
 7.8 0.033000
 7.9 0.017000
 8.0 0.050000
 8.1 0.050000
 8.2 0.058500
 8.3 0.058500
 8.4 0.058500
 8.5 0.091750
 8.6 0.100000
 8.7 0.083500
 8.8 0.067000
 8.9 0.068800
 9.0 0.060000
 9.1 0.060000
 9.2 0.058750
 9.3 0.064000
 9.4 0.070000
 9.5 0.046000
 9.6 0.056000
 9.7 0.056000
 9.8 0.056000
 9.9 0.056000
 10.0 0.056000
 10.1 0.056000
 10.2 0.054400
 10.3 0.054400
 10.4 0.050000
 10.5 0.053000
 10.6 0.056000
 10.7 0.061000
 10.8 0.061000
 10.9 0.064000
 11.0 0.065667
 11.1 0.065667
 11.2 0.067000
 11.3 0.068000
 11.4 0.062000
 11.5 0.060000
 11.6 0.060000
 11.7 0.060667
 11.8 0.062000

GLY 15
 0.0 1.000000
 0.1 1.000000
 0.2 1.000000
 0.3 1.000000
 0.4 1.000000
 0.5 1.000000
 0.6 1.000000
 0.7 1.000000
 0.8 1.000000
 0.9 1.000000
 1.0 1.000000
 1.1 1.000000
 1.2 1.000000
 1.3 1.000000
 1.4 1.000000
 1.5 1.000000
 1.6 1.000000
 1.7 1.000000
 1.8 1.000000
 1.9 1.000000
 2.0 1.000000
 2.1 1.000000
 2.2 1.000000
 2.3 1.000000
 2.4 1.000000
 2.5 1.000000
 2.6 1.000000
 2.7 1.000000
 2.8 1.000000
 2.9 1.000000
 3.0 1.000000
 3.1 1.000000
 3.2 1.000000
 3.3 1.000000
 3.4 1.000000
 3.5 1.000000
 3.6 1.000000
 3.7 1.000000
 3.8 1.000000
 3.9 0.357143
 4.0 0.357143
 4.1 0.357143
 4.2 0.357143
 4.3 0.000000
 4.4 0.000000
 4.5 0.000000
 4.6 0.000000
 4.7 0.000000
 4.8 0.000000
 4.9 0.000000
 5.0 0.000000
 5.1 0.000000
 5.2 0.000000
 5.3 0.000000
 5.4 0.000000
 5.5 0.000000
 5.6 0.266400
 5.7 0.333000
 5.8 0.333000
 5.9 0.333000
 6.0 0.167000
 6.1 0.167000
 6.2 0.167000
 6.3 0.167000
 6.4 0.167000
 6.5 0.167000
 6.6 0.167000
 6.7 0.167000
 6.8 0.167000
 6.9 0.167000
 7.0 0.167000
 7.1 0.125000
 7.2 0.125000
 7.3 0.083000
 7.4 0.083000
 7.5 0.083000
 7.6 0.083000
 7.7 0.083000
 7.8 0.083000
 7.9 0.117000
 8.0 0.117000
 8.1 0.117000
 8.2 0.117000
 8.3 0.117000
 8.4 0.117000
 8.5 0.125000
 8.6 0.133000
 8.7 0.133000
 8.8 0.133000
 8.9 0.113200
 9.0 0.100000
 9.1 0.100000
 9.2 0.102500
 9.3 0.110000
 9.4 0.092000
 9.5 0.092000
 9.6 0.101000
 9.7 0.101000
 9.8 0.101000
 9.9 0.101000
 10.0 0.101000
 10.1 0.081200
 10.2 0.075200
 10.3 0.075200
 10.4 0.077000
 10.5 0.076000
 10.6 0.075000
 10.7 0.078000
 10.8 0.078000
 10.9 0.084500
 11.0 0.087000
 11.1 0.087000
 11.2 0.089000
 11.3 0.091000
 11.4 0.091000
 11.5 0.091000
 11.6 0.091000
 11.7 0.088333
 11.8 0.083000

ARG 16
 0.0 1.000000
 0.1 1.000000
 0.2 1.000000
 0.3 1.000000
 0.4 1.000000
 0.5 1.000000
 0.6 1.000000
 0.7 1.000000
 0.8 1.000000
 0.9 1.000000
 1.0 1.000000
 1.1 1.000000
 1.2 1.000000
 1.3 1.000000
 1.4 1.000000
 1.5 1.000000
 1.6 1.000000
 1.7 1.000000
 1.8 1.000000
 1.9 1.000000
 2.0 1.000000
 2.1 1.000000
 2.2 1.000000
 2.3 1.000000
 2.4 1.000000
 2.5 1.000000
 2.6 1.000000
 2.7 1.000000
 2.8 1.000000
 2.9 1.000000
 3.0 1.000000
 3.1 1.000000
 3.2 1.000000
 3.3 1.000000
 3.4 1.000000
 3.5 1.000000
 3.6 1.000000
 3.7 1.000000
 3.8 1.000000
 3.9 0.535714
 4.0 0.535714
 4.1 0.535714
 4.2 0.535714
 4.3 0.000000
 4.4 0.000000
 4.5 0.000000
 4.6 0.000000
 4.7 0.000000
 4.8 0.000000
 4.9 0.000000
 5.0 0.000000
 5.1 0.000000
 5.2 0.000000
 5.3 0.000000
 5.4 0.000000
 5.5 0.000000
 5.6 -0.133600
 5.7 -0.167000
 5.8 -0.167000
 5.9 -0.167000
 6.0 -0.167000
 6.1 -0.167000
 6.2 -0.167000
 6.3 -0.167000
 6.4 -0.167000
 6.5 -0.250000
 6.6 -0.083500
 6.7 0.083000
 6.8 -0.083000
 6.9 -0.083000
 7.0 -0.083000
 7.1 -0.041500
 7.2 -0.041500
 7.3 0.250000
 7.4 0.250000
 7.5 0.083000
 7.6 0.083000
 7.7 0.117000
 7.8 0.117000
 7.9 0.100000
 8.0 0.100000
 8.1 0.017000
 8.2 0.000000
 8.3 0.000000
 8.4 0.000000
 8.5 0.062750
 8.6 0.067000
 8.7 0.067000
 8.8 0.067000
 8.9 0.067000
 9.0 0.017000
 9.1 0.017000
 9.2 -0.001250
 9.3 -0.005000
 9.4 0.001000
 9.5 0.001000
 9.6 0.011000
 9.7 0.011000
 9.8 0.011000
 9.9 0.011000
 10.0 0.011000
 10.1 0.027400
 10.2 0.047600
 10.3 0.047600
 10.4 0.058000
 10.5 0.051500
 10.6 0.050000
 10.7 0.051000
 10.8 0.051000
 10.9 0.054500
 11.0 0.055667
 11.1 0.055667
 11.2 0.063000
 11.3 0.064000
 11.4 0.064000
 11.5 0.060000
 11.6 0.060000
 11.7 0.055667
 11.8 0.054000

PRO 17
 0.0 1.000000
 0.1 1.000000
 0.2 1.000000
 0.3 1.000000
 0.4 1.000000
 0.5 1.000000
 0.6 1.000000
 0.7 1.000000
 0.8 1.000000
 0.9 1.000000
 1.0 1.000000
 1.1 1.000000
 1.2 1.000000
 1.3 1.000000
 1.4 1.000000
 1.5 1.000000
 1.6 1.000000
 1.7 1.000000
 1.8 1.000000
 1.9 1.000000
 2.0 1.000000
 2.1 1.000000
 2.2 1.000000
 2.3 1.000000
 2.4 1.000000
 2.5 1.000000
 2.6 1.000000
 2.7 1.000000
 2.8 1.000000
 2.9 1.000000
 3.0 1.000000
 3.1 1.000000
 3.2 1.000000
 3.3 1.000000
 3.4 1.000000
 3.5 1.000000
 3.6 1.000000
 3.7 1.000000
 3.8 1.000000
 3.9 0.428571
 4.0 0.428571
 4.1 0.428571
 4.2 0.428571
 4.3 0.000000
 4.4 0.000000
 4.5 0.000000
 4.6 0.000000
 4.7 0.000000
 4.8 0.000000
 4.9 0.000000
 5.0 0.000000
 5.1 0.000000
 5.2 0.000000
 5.3 0.000000
 5.4 0.000000
 5.5 0.000000
 5.6 0.000000
 5.7 0.000000
 5.8 0.000000
 5.9 0.000000
 6.0 0.000000
 6.1 0.000000
 6.2 0.000000
 6.3 0.000000
 6.4 0.000000
 6.5 0.000000
 6.6 -0.250000
 6.7 -0.333000
 6.8 0.000000
 6.9 0.000000
 7.0 0.000000
 7.1 -0.041500
 7.2 -0.041500
 7.3 -0.083000
 7.4 -0.083000
 7.5 0.000000
 7.6 0.000000
 7.7 -0.050000
 7.8 -0.050000
 7.9 -0.050000
 8.0 -0.050000
 8.1 -0.050000
 8.2 -0.033500
 8.3 -0.033500
 8.4 -0.033500
 8.5 0.017000
 8.6 0.017000
 8.7 0.017000
 8.8 0.017000
 8.9 0.017000
 9.0 0.050000
 9.1 0.050000
 9.2 -0.012250
 9.3 -0.033000
 9.4 -0.033000
 9.5 -0.033000
 9.6 -0.057000
 9.7 -0.057000
 9.8 -0.057000
 9.9 -0.057000
 10.0 -0.057000
 10.1 -0.040400
 10.2 -0.016200
 10.3 -0.016200
 10.4 -0.012000
 10.5 -0.005750
 10.6 -0.002000
 10.7 -0.002000
 10.8 -0.002000
 10.9 -0.009500
 11.0 0.011667
 11.1 0.011667
 11.2 0.023000
 11.3 0.022000
 11.4 0.022000
 11.5 0.022000
 11.6 0.022000
 11.7 0.023667
 11.8 0.025000

PRO 18
 0.0 1.000000
 0.1 1.000000
 0.2 1.000000
 0.3 1.000000
 0.4 1.000000
 0.5 1.000000
 0.6 1.000000
 0.7 1.000000
 0.8 1.000000
 0.9 1.000000
 1.0 1.000000
 1.1 1.000000
 1.2 1.000000
 1.3 1.000000
 1.4 1.000000
 1.5 1.000000
 1.6 1.000000
 1.7 1.000000
 1.8 1.000000
 1.9 1.000000
 2.0 1.000000
 2.1 1.000000
 2.2 1.000000
 2.3 1.000000
 2.4 1.000000
 2.5 1.000000
 2.6 1.000000
 2.7 1.000000
 2.8 1.000000
 2.9 1.000000
 3.0 1.000000
 3.1 1.000000
 3.2 1.000000
 3.3 1.000000
 3.4 1.000000
 3.5 1.000000
 3.6 1.000000
 3.7 1.000000
 3.8 1.000000
 3.9 0.071429
 4.0 0.071429
 4.1 0.071429
 4.2 0.071429
 4.3 0.000000
 4.4 0.000000
 4.5 0.000000
 4.6 0.000000
 4.7 0.000000
 4.8 0.000000
 4.9 0.000000
 5.0 0.000000
 5.1 0.000000
 5.2 0.000000
 5.3 0.000000
 5.4 0.000000
 5.5 0.000000
 5.6 0.000000
 5.7 0.000000
 5.8 0.000000
 5.9 0.000000
 6.0 0.000000
 6.1 0.000000
 6.2 0.000000
 6.3 0.000000
 6.4 0.000000
 6.5 -0.167000
 6.6 0.167000
 6.7 -0.333000
 6.8 -0.500000
 6.9 -0.500000
 7.0 -0.500000
 7.1 -0.583500
 7.2 -0.583500
 7.3 -0.167000
 7.4 -0.083000
 7.5 -0.083000
 7.6 -0.083000
 7.7 -0.050000
 7.8 -0.050000
 7.9 -0.050000
 8.0 -0.050000
 8.1 0.033000
 8.2 0.033000
 8.3 0.033000
 8.4 0.033000
 8.5 -0.162250
 8.6 -0.017000
 8.7 0.000000
 8.8 -0.017000
 8.9 -0.017000
 9.0 0.017000
 9.1 0.017000
 9.2 0.087750
 9.3 0.117000
 9.4 0.117000
 9.5 0.117000
 9.6 0.117000
 9.7 0.117000
 9.8 0.117000
 9.9 0.117000
 10.0 0.117000
 10.1 0.076600
 10.2 0.031400
 10.3 0.031400
 10.4 0.019000
 10.5 -0.009750
 10.6 -0.017000
 10.7 -0.009500
 10.8 -0.009500
 10.9 -0.004500
 11.0 -0.006333
 11.1 -0.006333
 11.2 0.007000
 11.3 0.005000
 11.4 0.014000
 11.5 0.015000
 11.6 0.015000
 11.7 0.018000
 11.8 0.020000

PRO 19
 0.0 1.000000
 0.1 1.000000
 0.2 1.000000
 0.3 1.000000
 0.4 1.000000
 0.5 1.000000
 0.6 1.000000
 0.7 1.000000
 0.8 1.000000
 0.9 1.000000
 1.0 1.000000
 1.1 1.000000
 1.2 1.000000
 1.3 1.000000
 1.4 1.000000
 1.5 1.000000
 1.6 1.000000
 1.7 1.000000
 1.8 1.000000
 1.9 1.000000
 2.0 1.000000
 2.1 1.000000
 2.2 1.000000
 2.3 1.000000
 2.4 1.000000
 2.5 1.000000
 2.6 1.000000
 2.7 1.000000
 2.8 1.000000
 2.9 1.000000
 3.0 1.000000
 3.1 1.000000
 3.2 1.000000
 3.3 1.000000
 3.4 1.000000
 3.5 1.000000
 3.6 1.000000
 3.7 1.000000
 3.8 1.000000
 3.9 0.142857
 4.0 0.142857
 4.1 0.142857
 4.2 0.142857
 4.3 0.000000
 4.4 0.000000
 4.5 0.000000
 4.6 0.000000
 4.7 0.000000
 4.8 0.000000
 4.9 0.000000
 5.0 0.000000
 5.1 0.000000
 5.2 0.000000
 5.3 0.000000
 5.4 0.000000
 5.5 0.000000
 5.6 0.000000
 5.7 0.000000
 5.8 0.000000
 5.9 0.000000
 6.0 0.000000
 6.1 0.000000
 6.2 0.000000
 6.3 -0.166667
 6.4 -0.500000
 6.5 -0.167000
 6.6 -0.333000
 6.7 -0.333000
 6.8 -0.333000
 6.9 -0.500000
 7.0 -0.500000
 7.1 -0.416750
 7.2 -0.416750
 7.3 -0.167000
 7.4 -0.167000
 7.5 -0.167000
 7.6 -0.167000
 7.7 -0.167000
 7.8 -0.167000
 7.9 -0.167000
 8.0 -0.167000
 8.1 -0.167000
 8.2 -0.167000
 8.3 -0.167000
 8.4 -0.167000
 8.5 -0.083000
 8.6 0.000000
 8.7 0.000000
 8.8 0.000000
 8.9 0.000000
 9.0 -0.050000
 9.1 -0.008500
 9.2 0.087500
 9.3 0.100000
 9.4 0.100000
 9.5 0.100000
 9.6 0.100000
 9.7 0.050000
 9.8 0.050000
 9.9 0.050000
 10.0 0.017000
 10.1 0.046600
 10.2 0.059200
 10.3 0.059200
 10.4 0.056000
 10.5 0.035000
 10.6 0.025000
 10.7 0.025000
 10.8 0.025000
 10.9 0.025000
 11.0 0.025000
 11.1 0.025000
 11.2 0.007000
 11.3 0.007000
 11.4 0.007000
 11.5 0.019000
 11.6 0.019000
 11.7 0.027000
 11.8 0.027000

SER 20
 0.0 1.000000
 0.1 1.000000
 0.2 1.000000
 0.3 1.000000
 0.4 1.000000
 0.5 1.000000
 0.6 1.000000
 0.7 1.000000
 0.8 1.000000
 0.9 1.000000
 1.0 1.000000
 1.1 1.000000
 1.2 1.000000
 1.3 1.000000
 1.4 1.000000
 1.5 1.000000
 1.6 1.000000
 1.7 1.000000
 1.8 1.000000
 1.9 1.000000
 2.0 1.000000
 2.1 1.000000
 2.2 1.000000
 2.3 1.000000
 2.4 1.000000
 2.5 1.000000
 2.6 1.000000
 2.7 1.000000
 2.8 1.000000
 2.9 1.000000
 3.0 1.000000
 3.1 1.000000
 3.2 1.000000
 3.3 1.000000
 3.4 1.000000
 3.5 1.000000
 3.6 1.000000
 3.7 1.000000
 3.8 1.000000
 3.9 0.642857
 4.0 0.642857
 4.1 0.642857
 4.2 0.642857
 4.3 0.500000
 4.4 0.500000
 4.5 0.500000
 4.6 0.500000
 4.7 0.500000
 4.8 0.500000
 4.9 0.500000
 5.0 0.500000
 5.1 0.500000
 5.2 0.500000
 5.3 0.500000
 5.4 0.500000
 5.5 0.500000
 5.6 0.500000
 5.7 0.500000
 5.8 0.500000
 5.9 0.500000
 6.0 0.500000
 6.1 0.500000
 6.2 0.500000
 6.3 0.500000
 6.4 0.500000
 6.5 0.333000
 6.6 0.333000
 6.7 0.333000
 6.8 0.333000
 6.9 0.333000
 7.0 0.333000
 7.1 0.333000
 7.2 0.333000
 7.3 0.333000
 7.4 0.333000
 7.5 0.333000
 7.6 0.333000
 7.7 0.333000
 7.8 0.333000
 7.9 0.333000
 8.0 0.333000
 8.1 0.333000
 8.2 0.333000
 8.3 0.333000
 8.4 0.333000
 8.5 0.333000
 8.6 0.250000
 8.7 0.250000
 8.8 0.250000
 8.9 0.250000
 9.0 0.250000
 9.1 0.208500
 9.2 0.121000
 9.3 0.117000
 9.4 0.117000
 9.5 0.117000
 9.6 0.117000
 9.7 0.117000
 9.8 0.117000
 9.9 0.117000
 10.0 0.117000
 10.1 0.117000
 10.2 0.117000
 10.3 0.117000
 10.4 0.117000
 10.5 0.141750
 10.6 0.150000
 10.7 0.150000
 10.8 0.150000
 10.9 0.150000
 11.0 0.138667
 11.1 0.138667
 11.2 0.133000
 11.3 0.133000
 11.4 0.133000
 11.5 0.133000
 11.6 0.133000
 11.7 0.133000
 11.8 0.133000

