ATOMS
N 30.316 24.264 33.069
CA 31.405 25.226 33.108
C 31.743 25.658 34.513
O 31.374 25.025 35.486

N 32.479 26.751 34.577
CA 32.953 27.332 35.809
C 31.980 28.247 36.531
O 31.455 29.232 36.023

N 31.750 27.845 37.762
CA 30.975 28.637 38.690
C 31.866 28.944 39.890
O 32.571 28.101 40.441

N 31.834 30.205 40.293
CA 32.617 30.758 41.381
C 31.714 30.946 42.568
O 30.730 31.670 42.474

N 31.989 30.315 43.699
CA 31.121 30.543 44.820
C 31.427 31.917 45.435
O 32.574 32.303 45.666

N 30.356 32.702 45.581
CA 30.348 34.076 46.083
C 29.943 34.156 47.558
O 30.462 34.909 48.385

N 28.957 33.353 47.889
CA 28.331 33.354 49.180
C 27.994 31.926 49.600
O 27.783 31.042 48.763

N 27.889 31.697 50.908
CA 27.693 30.372 51.421
C 26.963 30.368 52.730
O 27.137 31.226 53.575

N 26.152 29.342 52.891
CA 25.425 29.034 54.117
C 26.034 27.679 54.486
O 25.892 26.732 53.722

N 36.824 28.529 51.883
CA 36.859 29.576 50.876
C 37.647 29.052 49.686
O 38.013 27.874 49.634

N 37.854 29.951 48.722
CA 38.554 29.652 47.495
C 37.819 28.576 46.672
O 38.423 27.782 45.938

N 36.471 28.626 46.737
CA 35.621 27.614 46.137
C 35.196 27.936 44.727
O 34.554 28.948 44.458

N 35.574 27.009 43.844
CA 35.300 27.079 42.405
C 34.908 25.665 41.938
O 35.664 24.694 42.051

N 33.695 25.544 41.412
CA 33.195 24.292 40.882
C 33.202 24.340 39.336
O 33.124 25.395 38.708

N 33.328 23.171 38.723
CA 33.392 22.980 37.290
C 32.361 21.914 36.992
O 32.560 20.739 37.296

N 31.241 22.365 36.446
CA 30.152 21.504 36.066
C 30.336 20.985 34.655
O 30.842 21.672 33.772

N 29.927 19.734 34.472
CA 30.182 18.999 33.241
C 29.085 17.982 32.928
O 28.529 17.373 33.838

N 28.725 17.775 31.666
CA 27.704 16.787 31.292
C 28.240 15.876 30.169
O 28.653 16.387 29.125

N 25.592 14.286 34.571
CA 26.341 15.449 35.026
C 27.297 15.065 36.133
O 27.030 14.201 36.962

N 28.499 15.626 36.082
CA 29.479 15.510 37.140
C 29.926 16.924 37.476
O 29.455 17.911 36.920

N 30.849 17.052 38.400
CA 31.397 18.326 38.782
C 32.679 18.044 39.532
O 32.925 16.941 40.040

N 33.562 19.030 39.527
CA 34.729 18.984 40.385
C 34.618 20.247 41.201
O 34.135 21.250 40.680

N 34.984 20.199 42.478
CA 35.022 21.409 43.278
C 36.425 21.513 43.832
O 37.084 20.529 44.136

N 36.911 22.730 43.897
CA 38.197 23.017 44.458
C 37.913 23.914 45.656
O 36.996 24.736 45.584

N 38.614 23.801 46.784
CA 38.390 24.748 47.872
C 39.320 24.489 49.017
O 39.906 23.421 49.073

N 39.479 25.424 49.939
CA 40.353 25.245 51.091
C 39.524 24.773 52.263
O 38.489 25.374 52.532

N 39.948 23.717 52.960
CA 39.272 23.217 54.172
C 40.233 23.195 55.372
O 41.408 22.859 55.205

N 39.818 23.511 56.602
CA 40.732 23.363 57.731
C 40.413 22.093 58.522
O 39.403 22.002 59.226

N 41.294 21.097 58.325
CA 41.266 19.793 58.984
C 41.649 19.903 60.468
O 42.397 20.821 60.799

N 45.319 21.524 59.292
CA 45.827 21.479 57.942
C 45.098 22.504 57.127
O 44.008 22.969 57.452

N 45.749 22.828 56.032
CA 45.122 23.711 55.113
C 45.274 23.167 53.708
O 45.992 23.633 52.808

N 44.524 22.076 53.580
CA 44.417 21.447 52.291
C 43.446 22.152 51.368
O 42.353 22.612 51.713

N 43.922 22.172 50.132
CA 43.116 22.616 49.016
C 42.560 21.293 48.567
O 43.339 20.454 48.120

N 41.273 21.072 48.859
CA 40.558 19.863 48.516
C 40.166 19.854 47.042
O 39.736 20.878 46.507

N 40.404 18.699 46.388
CA 39.958 18.476 45.032
C 38.879 17.428 45.161
O 39.081 16.258 45.443

N 37.677 17.942 45.062
CA 36.479 17.158 45.162
C 35.881 16.842 43.784
O 35.964 17.604 42.806

N 35.332 15.618 43.752
CA 34.615 15.110 42.607
C 33.210 14.713 43.063
O 33.049 14.035 44.088

N 32.206 15.156 42.284
CA 30.827 14.782 42.465
C 30.197 14.245 41.173
O 30.385 14.823 40.096

N 29.483 13.106 41.234
CA 28.663 12.623 40.128
C 27.195 12.760 40.564
O 26.885 12.508 41.727

N 26.292 13.163 39.650
CA 24.869 13.437 39.900
C 23.901 12.512 39.176
O 23.964 12.274 37.969

N 23.022 11.982 40.034
CA 21.920 11.098 39.713
C 20.631 11.914 39.543
O 20.231 12.676 40.424

N 19.985 11.779 38.393
CA 18.737 12.433 38.089
C 17.558 11.839 38.831
O 17.468 10.622 39.034

N 16.517 18.722 40.771
CA 16.912 18.030 42.017
C 17.679 16.758 41.712
O 17.192 15.866 41.021

N 18.917 16.687 42.197
CA 19.819 15.570 42.003
C 20.244 14.926 43.317
O 20.037 15.457 44.401

N 20.795 13.729 43.245
CA 21.446 13.085 44.364
C 22.893 13.175 43.946
O 23.238 12.830 42.804

N 23.774 13.590 44.843
CA 25.169 13.794 44.488
C 26.073 12.943 45.327
O 26.131 13.089 46.544

N 26.771 12.030 44.698
CA 27.768 11.259 45.410
C 29.102 11.984 45.298
O 29.501 12.416 44.213

N 29.818 12.171 46.394
CA 31.037 12.925 46.287
C 32.123 12.307 47.126
O 31.848 11.569 48.066

N 33.353 12.588 46.705
CA 34.561 12.070 47.307
C 35.713 12.976 46.923
O 35.648 13.715 45.932

N 36.798 12.903 47.704
CA 37.968 13.736 47.481
C 38.954 12.968 46.676
O 38.841 11.751 46.684

N 30.482 11.293 50.688
CA 29.086 11.297 51.135
C 28.151 11.272 49.940
O 28.566 11.152 48.779

N 26.874 11.413 50.276
CA 25.793 11.459 49.320
C 24.823 12.503 49.836
O 24.324 12.353 50.945

N 24.623 13.599 49.088
CA 23.722 14.710 49.451
C 22.739 15.025 48.340
O 22.984 14.712 47.185

N 21.598 15.617 48.654
CA 20.756 16.171 47.609
C 21.417 17.418 47.031
O 22.108 18.134 47.744

N 21.201 17.688 45.750
CA 21.693 18.871 45.118
C 20.595 19.497 44.275
O 20.310 19.069 43.167

N 20.016 20.582 44.796
CA 18.926 21.295 44.137
C 19.409 22.607 43.565
O 20.106 23.343 44.242

N 19.096 22.849 42.278
CA 19.357 24.086 41.566
C 18.081 24.861 41.846
O 17.026 24.646 41.256

N 18.122 25.719 42.848
CA 16.961 26.503 43.207
C 16.652 27.555 42.121
O 15.499 27.726 41.708

N 17.697 28.206 41.586
CA 17.561 29.126 40.471
C 18.926 29.383 39.875
O 19.979 29.254 40.471

N 18.900 29.710 38.606
CA 20.062 30.116 37.835
C 19.492 30.781 36.605
O 18.322 30.618 36.236

N 24.360 33.783 37.443
CA 24.144 33.336 38.818
C 23.482 31.984 38.903
O 22.683 31.664 38.025

N 23.813 31.292 40.009
CA 23.187 30.052 40.447
C 22.959 30.059 41.953
O 23.705 30.675 42.714

N 21.885 29.403 42.391
CA 21.589 29.184 43.816
C 21.392 27.657 43.916
O 20.587 26.999 43.255

N 22.248 27.056 44.718
CA 22.127 25.675 45.080
C 21.627 25.588 46.540
O 21.760 26.515 47.329

N 21.081 24.426 46.933
CA 20.644 24.120 48.285
C 20.654 22.599 48.464
O 20.358 21.782 47.583

N 21.002 22.248 49.694
CA 20.985 20.863 50.117
C 20.510 20.843 51.565
O 21.024 21.566 52.411

N 19.470 20.072 51.841
CA 19.045 19.808 53.200
C 19.608 18.408 53.492
O 19.326 17.414 52.798

N 20.471 18.356 54.511
CA 21.102 17.118 54.968
C 20.199 16.378 55.945
O 20.303 15.153 56.086

N 19.310 17.125 56.609
CA 18.453 16.553 57.616
C 17.263 17.462 57.846
O 17.352 18.686 57.951

N 16.152 16.739 57.885
CA 14.844 17.305 58.064
C 14.393 17.154 59.481
O 14.593 16.148 60.137

N 14.163 22.087 57.465
CA 15.496 21.513 57.385
C 16.295 21.856 58.601
O 16.407 23.028 58.911

N 16.751 20.821 59.299
CA 17.539 20.879 60.525
C 19.024 21.027 60.324
O 19.777 21.221 61.266

N 19.492 20.859 59.108
CA 20.891 20.999 58.780
C 20.939 21.141 57.258
O 20.681 20.189 56.525

N 21.252 22.334 56.772
CA 21.361 22.574 55.349
C 22.642 23.326 55.045
O 23.331 23.813 55.954

N 22.967 23.374 53.753
CA 23.985 24.287 53.260
C 23.522 24.887 51.932
O 22.736 24.273 51.215

N 23.979 26.075 51.542
CA 23.577 26.647 50.274
C 24.703 27.427 49.649
O 25.536 27.984 50.356

N 24.806 27.482 48.331
CA 25.823 28.316 47.712
C 25.198 29.200 46.670
O 24.200 28.869 46.031

N 25.824 30.374 46.550
CA 25.458 31.371 45.555
C 26.657 31.423 44.630
O 27.745 31.818 45.005

N 26.474 30.927 43.423
CA 27.490 30.928 42.385
C 27.360 32.122 41.418
O 26.312 32.721 41.205

N 28.496 32.477 40.854
CA 28.660 33.567 39.918
C 29.491 33.074 38.743
O 30.433 32.303 38.893

N 29.160 33.497 37.542
CA 29.977 33.184 36.382
C 31.287 33.963 36.385
O 32.337 33.543 35.880

EDGES
1 5 3.624611
1 61 3.983209
1 62 4.077561
1 63 3.642477
1 64 2.736667
2 5 2.374250
2 6 3.758582
2 7 4.601521
2 61 4.399371
2 63 4.639186
2 64 3.659068
3 5 1.319258
3 6 2.438440
3 7 3.291111
3 8 3.890568
3 9 3.916506
3 56 4.424291
3 58 4.195547
3 59 4.532648
3 61 3.851278
3 64 4.153201
4 5 2.241959
4 6 2.814217
4 7 3.441009
4 8 4.241907
4 9 3.643344
4 55 4.316632
4 56 3.685198
4 57 4.211128
4 58 3.392457
4 59 3.594513
4 61 2.831058
4 62 3.771886
4 63 4.253188
4 64 3.803082
5 9 3.445650
5 56 4.395443
6 9 2.350444
6 10 3.730371
6 11 4.520473
6 55 4.631824
6 56 3.490761
6 58 4.618007
7 9 1.315243
7 10 2.413173
7 11 3.432446
7 12 3.957107
7 13 4.243551
7 56 3.765896
8 9 2.243862
8 10 2.774403
8 11 3.899430
8 12 4.695034
8 13 4.395824
8 320 4.325786
8 322 4.234580
8 324 4.402624
9 13 3.461592
9 55 4.107409
9 56 2.963999
10 13 2.401273
10 14 3.799511
10 15 4.573454
10 56 3.889613
10 319 4.678892
10 320 3.711405
11 13 1.324218
11 14 2.465295
11 15 3.347057
11 16 3.924109
11 17 4.050093
11 50 4.647129
11 53 4.149907
11 56 3.946529
11 320 3.785549
12 13 2.234254
12 14 2.818752
12 15 3.654121
12 16 4.501126
12 17 3.981844
12 48 4.559165
12 49 4.668070
12 50 3.514146
12 51 3.692787
12 53 2.957104
12 54 3.884886
12 55 3.970429
12 56 3.260603
13 17 3.411299
13 18 4.595252
13 317 4.076635
13 318 4.638744
13 319 4.015384
13 320 2.885204
14 17 2.442080
14 18 3.756456
14 19 4.381130
14 20 4.555228
14 48 4.061527
14 50 4.667130
14 317 4.496146
14 320 3.653358
15 17 1.323989
15 18 2.363379
15 19 3.040543
15 20 3.489793
15 21 3.742442
15 48 3.953442
15 314 4.228001
15 315 4.654330
15 317 3.954400
15 320 4.121654
16 17 2.218497
16 18 2.631867
16 19 3.051940
16 20 3.740306
16 21 3.295201
16 22 4.354267
16 311 4.615049
16 312 3.916387
16 313 4.423368
16 314 3.325069
16 315 3.560385
16 317 2.875136
16 318 3.796926
16 319 4.174530
16 320 3.648624
17 21 3.450563
17 47 4.123260
17 48 3.003997
17 312 4.687876
18 21 2.413634
18 22 3.830768
18 23 4.683812
18 25 4.690177
18 48 3.802704
18 311 4.553877
18 312 3.613478
18 314 4.388805
19 21 1.335882
19 22 2.499085
19 23 3.423815
19 24 4.311124
19 25 3.766313
19 48 4.421269
19 312 3.708345
20 21 2.255205
20 22 2.876194
20 23 3.733019
20 24 4.317956
20 25 4.373433
20 48 4.078687
21 25 2.776304
21 26 4.180733
21 28 4.416000
21 311 4.027759
21 312 2.816124
21 314 4.644938
22 25 2.391495
22 26 3.765764
22 312 3.610576
23 25 1.313989
23 26 2.423351
23 27 3.597397
23 28 3.976760
23 29 4.635526
23 312 4.100641
24 25 2.220851
24 26 2.755215
24 27 4.057775
25 29 3.605180
25 309 4.525820
25 310 4.649611
25 311 4.431251
25 312 3.484627
26 29 2.434542
26 30 3.784369
26 309 4.699186
26 312 4.487016
27 29 1.332040
27 30 2.412791
27 31 3.645165
27 32 4.126145
27 33 4.571728
27 306 4.616263
27 309 4.052173
27 312 4.603009
28 29 2.245281
28 30 2.742620
28 31 4.106551
28 304 4.115583
28 305 4.660767
28 306 3.518135
28 307 3.802083
28 309 3.030062
28 310 3.975567
28 311 4.300549
28 312 3.837471
29 33 3.534895
29 304 4.430314
30 33 2.365688
30 34 3.768618
30 35 4.404402
30 36 4.667741
30 303 4.555558
30 304 3.389604
30 306 4.634729
31 33 1.317694
31 34 2.463487
31 35 3.343247
31 36 3.918112
31 304 3.654540
32 33 2.233279
32 34 2.833650
32 35 3.824623
32 36 4.665584
33 301 4.149099
33 302 4.554376
33 303 4.034525
33 304 2.941062
34 301 4.180577
34 304 3.906398
35 298 4.148149
35 299 4.541841
35 301 3.932299
35 304 4.171082
36 296 4.478963
36 297 4.453398
36 298 3.134983
36 299 3.496430
36 301 2.973822
36 302 4.153932
36 303 4.299544
36 304 3.608905
37 41 3.615924
37 101 4.524288
37 103 4.641329
37 104 3.625941
38 41 2.402159
38 42 3.782851
38 43 4.426648
38 45 4.264313
39 41 1.334296
39 42 2.446044
39 43 3.056200
39 44 4.032689
39 45 3.203288
39 46 4.332196
39 101 4.072176
40 41 2.273973
40 42 2.833599
40 43 3.050227
40 44 3.719809
40 45 3.366879
40 46 4.244794
40 98 3.608136
40 99 3.680647
40 101 2.871355
40 102 3.809211
40 103 4.337161
40 104 3.856810
41 45 2.758358
41 46 4.138850
42 45 2.442566
42 46 3.821007
42 47 4.677889
43 45 1.350492
43 46 2.458226
43 47 3.327575
43 48 3.962374
43 49 3.936127
43 96 4.075129
43 98 4.052114
44 45 2.271792
44 46 2.814077
44 47 3.450183
44 48 4.303384
44 49 3.619277
44 95 3.911655
44 96 3.382272
44 97 4.074378
44 98 3.598139
44 99 4.596596
45 49 3.433474
45 96 4.091104
45 98 4.473217
46 49 2.371937
46 50 3.783793
46 51 4.683863
46 95 4.378884
46 96 3.237177
46 98 4.346440
47 49 1.334879
47 50 2.477287
47 51 3.608172
47 52 4.229724
47 53 4.354755
47 96 3.770205
48 49 2.275328
48 50 2.874802
48 51 4.153770
48 53 4.647926
49 53 3.404628
49 54 4.670672
49 93 4.483327
49 95 4.281739
49 96 3.196281
50 53 2.432755
50 54 3.810239
50 55 4.617628
50 56 4.608540
50 96 4.297919
51 53 1.327662
51 54 2.436110
51 55 3.381784
51 56 3.699791
51 57 4.364935
51 88 4.655354
51 90 4.463422
51 93 4.057575
51 96 4.303034
52 53 2.237807
52 54 2.761182
52 55 3.682117
52 56 4.256601
52 57 4.341890
52 87 4.646765
52 88 4.009815
52 89 4.566153
52 90 3.564957
52 91 3.724224
52 93 2.969852
52 94 3.875831
52 95 4.320003
52 96 3.775987
53 57 3.605071
53 88 4.378111
54 57 2.436311
54 58 3.829180
54 59 4.634926
54 87 4.299851
54 88 3.190324
54 90 4.170184
55 57 1.325974
55 58 2.464106
55 59 3.476650
55 60 4.188194
55 61 4.012262
55 88 3.496416
56 57 2.233387
56 58 2.813321
56 59 3.955273
56 61 4.224125
57 61 3.192168
57 62 4.463800
57 85 4.224814
57 87 4.044052
57 88 2.858555
58 61 2.391101
58 62 3.764884
58 63 4.501376
58 64 4.537586
58 85 4.542639
58 88 3.877763
59 61 1.325110
59 62 2.430073
59 63 3.228813
59 64 3.568519
59 65 4.126397
59 82 4.123971
59 83 4.640003
59 85 4.023193
59 88 4.146000
60 61 2.259676
60 62 2.810087
60 63 3.461441
60 64 4.029961
60 65 3.989698
60 79 4.639459
60 80 4.216632
60 81 4.211924
60 82 3.063223
60 83 3.503838
60 84 4.699741
60 85 2.983630
60 86 4.162512
60 87 4.441447
60 88 3.767387
61 65 3.541953
61 82 4.668485
62 65 2.392564
62 66 3.775785
62 80 3.758294
62 82 4.361922
63 65 1.328823
63 66 2.442807
63 67 3.683143
63 68 4.120592
63 69 4.672638
63 80 3.918656
64 65 2.254566
64 66 2.804013
64 67 4.173186
65 69 3.627137
65 77 4.637558
65 79 4.113407
65 80 3.088498
66 69 2.470152
66 70 3.851237
66 80 3.904781
67 69 1.328568
67 70 2.451873
67 71 3.572302
67 72 4.146499
67 74 4.283367
67 75 4.688055
67 77 3.980182
67 80 4.009739
68 69 2.217567
68 70 2.739733
68 71 3.973171
68 73 4.323520
68 74 3.146500
68 75 3.480189
68 76 4.697655
68 77 2.844019
68 78 3.908513
68 79 3.922787
68 80 3.262766
70 73 4.633291
70 74 4.194135
73 77 3.539685
73 160 4.271409
74 77 2.409031
74 78 3.784146
74 79 4.585886
74 80 4.398372
75 77 1.327451
75 78 2.444013
75 79 3.488721
75 80 3.657328
75 81 4.658773
75 157 4.122732
76 77 2.227776
76 78 2.782583
76 79 4.008209
76 80 4.432436
76 152 4.633019
76 154 3.896194
76 155 3.883054
76 157 2.974463
76 158 3.726320
76 159 4.188694
76 160 3.758688
77 81 3.595706
77 152 4.507106
78 81 2.417078
78 82 3.782161
78 151 4.287288
78 152 3.167135
78 154 4.234238
78 157 4.686734
79 81 1.312284
79 82 2.415591
79 83 3.613938
79 84 3.945679
79 85 4.675717
79 151 4.573652
79 152 3.389584
80 81 2.207151
80 82 2.722248
80 83 4.151435
80 152 4.526325
81 85 3.541607
81 149 4.530091
81 150 4.655922
81 151 3.999235
81 152 2.839041
82 85 2.395384
82 86 3.755635
82 87 4.462807
82 88 4.432699
82 152 3.875790
83 85 1.323597
83 86 2.411163
83 87 3.376165
83 88 3.703549
83 89 4.316939
83 144 4.658745
83 146 4.670340
83 149 4.017185
83 152 3.994418
84 85 2.243403
84 86 2.747233
84 87 3.891504
84 88 4.521192
84 89 4.560470
84 144 4.162433
84 145 4.617675
84 146 3.577450
84 147 3.766130
84 149 2.956133
84 150 3.865684
84 151 3.999261
84 152 3.307667
85 89 3.478081
85 90 4.675601
85 144 4.307542
86 89 2.433495
86 90 3.786281
86 91 4.599355
86 92 4.690741
86 143 4.179530
86 144 3.048092
86 146 4.467455
87 89 1.329281
87 90 2.413999
87 91 3.433681
87 92 3.843814
87 93 4.323373
87 143 4.456577
87 144 3.372416
88 89 2.249046
88 90 2.749846
88 91 3.904917
88 92 4.600041
88 93 4.499518
88 144 4.599830
89 93 3.483224
89 141 4.361577
89 142 4.322796
89 143 3.712101
89 144 2.793208
90 93 2.386739
90 94 3.749492
90 95 4.504197
90 96 4.503692
90 143 4.674549
90 144 3.948186
91 93 1.312063
91 94 2.407047
91 95 3.362428
91 96 3.712583
91 97 4.329084
91 136 4.303669
91 141 3.979001
91 142 4.553882
91 144 4.067613
92 93 2.220687
92 94 2.744558
92 95 3.802087
92 96 4.450090
92 97 4.478704
92 135 4.289427
92 136 3.574429
92 137 4.409400
92 138 3.643831
92 139 3.726775
92 141 2.810995
92 142 3.575240
92 143 3.894237
92 144 3.402782
93 97 3.518809
93 98 4.696849
93 136 4.268797
94 97 2.489743
94 98 3.832624
94 135 4.534158
94 136 3.338000
95 97 1.332874
95 98 2.415314
95 99 3.688712
95 100 3.986350
95 136 3.642091
96 97 2.220844
96 98 2.679239
96 99 4.153008
97 101 3.651901
97 133 4.338588
97 135 4.249009
97 136 3.143174
98 101 2.432157
98 102 3.802938
98 103 4.535136
98 136 4.318778
99 101 1.322721
99 102 2.437232
99 103 3.264780
99 104 3.718738
99 105 4.066647
99 128 4.471089
99 130 4.232936
99 131 4.573239
99 133 3.938916
99 136 4.417293
100 101 2.223577
100 102 2.756648
100 103 3.485675
100 104 4.217437
100 105 3.898480
100 127 4.405563
100 128 3.689429
100 129 4.337019
100 130 3.309890
100 131 3.439206
100 132 4.636463
100 133 2.726222
100 134 3.659879
100 135 4.112913
100 136 3.616643
101 105 3.501464
101 128 4.394803
101 130 4.686637
102 105 2.447850
102 106 3.843684
102 127 4.382924
102 128 3.364457
102 130 4.341824
103 105 1.334437
103 106 2.475666
103 107 3.557899
103 108 3.983493
103 109 4.528355
103 128 3.602175
104 105 2.248892
104 106 2.820521
104 107 3.981856
104 108 4.689426
104 109 4.669252
105 109 3.650137
105 127 4.149662
105 128 2.925758
106 109 2.507878
106 110 3.849597
106 111 4.635489
106 128 3.988141
107 109 1.336032
107 110 2.417045
107 111 3.342051
107 112 4.118916
107 113 3.774591
107 120 4.316028
107 128 4.268790
108 109 2.214681
108 110 2.663019
108 111 3.546727
108 112 4.574157
108 113 3.584974
108 119 4.175669
108 120 3.438184
108 121 4.419182
108 122 3.811583
108 123 4.157142
108 125 3.600440
108 126 4.420319
108 127 4.401802
108 128 3.626031
109 113 3.312809
109 114 4.646951
109 120 4.309567
110 113 2.409032
110 114 3.821003
110 115 4.505958
110 116 4.318172
110 119 4.490507
110 120 3.311382
111 113 1.344242
111 114 2.496208
111 115 3.179735
111 116 3.277037
111 120 3.851792
112 113 2.281821
112 114 2.899830
112 115 3.315551
112 116 3.582335
113 117 4.161495
113 118 4.565162
113 119 4.229098
113 120 3.410617
114 117 4.417922
114 120 4.466829
115 117 4.180851
116 117 3.362044
116 118 4.512240
116 120 4.290878
117 121 3.537360
118 121 2.339655
118 122 3.671797
118 123 4.591504
118 125 4.591434
119 121 1.314459
119 122 2.348110
119 123 3.487134
119 124 4.552762
119 125 3.618545
120 121 2.251080
120 122 2.694899
120 123 3.957208
120 125 4.007005
121 125 2.842258
121 126 4.204339
122 125 2.319681
122 126 3.685974
122 127 4.389132
122 128 4.520527
123 125 1.330100
123 126 2.387622
123 127 3.138058
123 128 3.580543
123 129 3.950406
124 125 2.274919
124 126 2.743449
124 127 3.278579
124 128 3.934944
124 129 3.685159
125 129 3.501475
126 129 2.330650
126 130 3.712787
126 131 4.164174
126 132 4.421015
126 133 4.669474
127 129 1.324640
127 130 2.419938
127 131 3.060797
127 132 3.666627
127 133 3.490474
127 134 4.659825
128 129 2.270445
128 130 2.802855
128 131 3.417591
128 132 4.305672
128 133 3.418087
128 134 4.582558
129 133 3.138109
129 134 4.388557
130 133 2.409405
130 134 3.791091
130 135 4.497535
130 136 4.554133
131 133 1.338086
131 134 2.460794
131 135 3.182386
131 136 3.520057
131 137 4.015621
132 133 2.279562
132 134 2.870550
132 135 3.404411
132 136 3.970284
132 137 3.833285
133 137 3.534421
134 137 2.430431
134 138 3.797634
134 139 4.472616
135 137 1.348475
135 138 2.445863
135 139 3.328664
135 140 4.082308
135 141 3.710966
136 137 2.282198
136 138 2.827457
136 139 3.801140
136 141 3.866213
137 141 3.125357
137 142 4.391285
138 141 2.342865
138 142 3.722562
138 143 4.566113
138 144 4.654836
139 141 1.311031
139 142 2.415140
139 143 3.350751
139 144 3.751563
139 145 4.224049
139 198 4.454569
140 141 2.225361
140 142 2.767556
140 143 3.651484
140 144 4.298974
140 145 4.162221
140 196 4.300170
140 197 4.645453
140 198 3.428221
140 199 3.515753
140 200 4.680890
141 145 3.551915
142 145 2.382291
142 146 3.767867
142 147 4.590227
142 195 4.601848
142 196 3.624598
142 198 4.393742
143 145 1.341865
143 146 2.447020
143 147 3.490949
143 148 3.998986
143 149 4.312565
143 196 3.800832
144 145 2.288785
144 146 2.842435
144 147 4.001056
144 149 4.515280
145 149 3.484300
145 193 4.670926
145 195 4.144945
145 196 2.910956
146 149 2.430993
146 150 3.804825
146 196 3.750832
147 149 1.345773
147 150 2.457856
147 151 3.587380
147 152 4.098270
147 153 4.451766
147 188 4.511695
147 190 4.279375
147 193 4.219033
147 196 3.894998
148 149 2.285105
148 150 2.851214
148 151 4.083531
148 153 4.660978
148 187 4.609719
148 188 3.901934
148 189 4.385373
148 190 3.180542
148 191 3.615647
148 193 3.005813
148 194 4.063167
148 195 4.031824
148 196 3.202739
149 153 3.566473
149 188 4.306468
150 153 2.476020
150 154 3.847824
150 155 4.570964
150 156 4.610324
150 187 4.339391
150 188 3.226722
150 190 4.254437
151 153 1.345674
151 154 2.464968
151 155 3.404131
151 156 3.780665
151 157 4.328889
151 188 3.615419
152 153 2.248719
152 154 2.793977
152 155 3.827675
152 156 4.502153
152 157 4.439275
153 157 3.562974
153 185 4.529019
153 187 4.233219
153 188 3.057918
154 157 2.478250
154 158 3.887032
154 188 4.175203
155 157 1.346556
155 158 2.511872
155 159 3.583083
155 160 4.172479
155 161 4.277863
155 180 4.547565
155 182 4.535593
155 185 4.219317
155 188 4.330262
156 157 2.257123
156 158 2.874931
156 159 3.925796
156 161 4.250376
156 179 4.615725
156 180 3.816310
156 181 4.534148
156 182 3.495937
156 183 3.715988
156 185 3.011365
156 186 3.988004
156 187 4.235765
156 188 3.610002
157 161 3.497873
157 180 4.402899
158 161 2.355077
158 162 3.768619
158 163 4.517480
158 179 4.510359
158 180 3.385532
158 182 4.611637
159 161 1.337799
159 162 2.492414
159 163 3.344427
159 164 3.879858
159 165 4.060226
159 180 3.701767
160 161 2.288417
160 162 2.932993
160 163 3.703507
160 164 4.485969
160 165 4.032027
161 165 3.457956
161 177 4.280427
161 179 4.091899
161 180 2.904937
162 165 2.439341
162 166 3.814589
162 167 4.511546
162 168 4.528567
162 177 4.545636
162 180 3.780374
163 165 1.325911
163 166 2.443504
163 167 3.155297
163 168 3.454405
163 174 4.480768
163 177 4.126248
163 180 4.274298
164 165 2.233850
164 166 2.782680
164 167 3.222289
164 168 3.712841
164 172 4.446125
164 173 4.578018
164 174 3.322382
164 175 3.664985
164 177 3.063486
164 178 4.143321
164 179 4.442941
164 180 3.837990
167 172 4.598563
169 173 3.454664
169 220 4.499786
170 173 2.419933
170 174 3.808208
170 176 4.697809
170 219 4.562361
170 220 3.734759
170 222 4.383015
171 173 1.331507
171 174 2.464878
171 175 3.537156
171 176 3.805718
171 177 4.608078
171 220 3.792085
172 173 2.243355
172 174 2.820119
172 175 3.933182
172 176 4.436858
173 177 3.657178
173 217 4.340791
173 218 4.583478
173 219 3.876837
173 220 2.924940
174 177 2.425783
174 178 3.794295
174 179 4.354394
174 180 4.454073
174 217 4.520604
174 219 4.602770
174 220 3.720078
175 177 1.319695
175 178 2.435219
175 179 3.237104
175 180 3.690585
175 181 4.071176
175 214 4.498159
175 215 4.623828
175 217 3.803154
175 218 4.572333
175 219 4.683482
175 220 4.146240
176 177 2.212890
176 178 2.759173
176 179 3.683923
176 180 4.438236
176 181 4.200741
176 212 4.121952
176 213 4.533247
176 214 3.364227
176 215 3.559048
176 217 2.855181
176 218 3.861583
176 219 4.080299
176 220 3.826726
177 181 3.383396
177 182 4.547653
177 212 4.613200
178 181 2.429825
178 182 3.791937
178 211 4.609124
178 212 3.601474
178 214 4.530951
179 181 1.324007
179 182 2.420145
179 183 3.474678
179 184 4.152306
179 185 4.112835
179 212 3.586331
180 181 2.241075
180 182 2.737501
180 183 3.796778
180 185 4.087704
181 185 3.381809
181 186 4.659086
181 209 4.329077
181 211 3.919115
181 212 2.714396
182 185 2.392112
182 186 3.745812
182 187 4.404621
182 188 4.554199
182 209 4.636393
182 212 3.590370
183 185 1.310120
183 186 2.390768
183 187 3.177320
183 188 3.642789
183 189 3.969823
183 204 4.619419
183 206 4.269040
183 207 4.699700
183 209 4.083865
183 212 4.015401
184 185 2.222340
184 186 2.704556
184 187 3.405933
184 188 4.152516
184 189 3.802525
184 203 4.349104
184 204 3.830981
184 205 4.157986
184 206 3.236869
184 207 3.590477
184 209 3.001016
184 210 4.108719
184 211 4.298764
184 212 3.598419
185 189 3.490058
185 190 4.639472
185 204 4.543949
186 189 2.450000
186 190 3.772406
186 203 4.546181
186 204 3.463873
186 206 4.385057
187 189 1.322438
187 190 2.368085
187 191 3.545752
187 192 3.921041
187 193 4.518348
187 204 3.618961
188 189 2.217493
188 190 2.630561
188 191 3.920757
188 192 4.590362
188 193 4.591030
189 193 3.573071
189 201 4.432856
189 203 4.020100
189 204 2.879946
190 193 2.377425
190 194 3.766962
190 196 4.691636
190 204 3.931849
191 193 1.330076
191 194 2.456171
191 195 3.657440
191 196 3.979161
191 201 4.050793
191 204 4.088849
192 193 2.270618
192 194 2.861372
192 195 4.268996
192 201 2.969346
192 202 4.137800
192 203 4.155466
192 204 3.384344
193 197 3.600729
194 197 2.419849
194 198 3.796509
194 199 4.528025
194 200 4.336853
195 197 1.338848
195 198 2.444175
195 199 3.250408
195 200 3.367808
196 197 2.263146
196 198 2.789667
196 199 3.470040
196 200 3.823356
201 205 3.633429
202 205 2.375770
202 206 3.763551
202 207 4.616818
203 205 1.327971
203 206 2.445308
203 207 3.549896
203 208 4.101770
203 209 4.311336
204 205 2.274202
204 206 2.841911
204 207 4.117341
204 209 4.650864
205 209 3.355137
205 210 4.635293
206 209 2.449964
206 210 3.856838
207 209 1.341909
207 210 2.496252
207 211 3.597437
207 212 3.910167
207 213 4.636243
208 209 2.256184
208 210 2.854801
208 211 4.054360
208 212 4.636602
209 213 3.662145
210 213 2.443202
210 214 3.784791
210 215 4.301475
210 216 4.152424
211 213 1.323231
211 214 2.404156
211 215 3.031108
211 216 3.227888
211 217 4.020586
212 213 2.213138
212 214 2.696746
212 215 3.130757
212 216 3.576303
212 217 3.754316
213 217 3.588853
214 217 2.440327
214 218 3.791181
215 217 1.326845
215 218 2.418048
215 219 3.548727
215 220 4.345313
215 221 4.119335
215 260 4.524454
215 262 4.645217
216 217 2.235531
216 218 2.758853
216 219 4.022549
216 221 4.365761
216 260 4.049238
216 261 4.685161
216 262 3.786780
217 221 3.269492
217 222 4.559369
217 260 4.564140
218 221 2.417340
218 222 3.807155
218 223 4.646091
218 260 4.041333
219 221 1.335630
219 222 2.457114
219 223 3.403351
219 224 3.877103
219 225 4.179822
219 260 4.027438
220 221 2.242598
220 222 2.794894
220 223 3.672553
220 224 4.411838
220 225 4.068478
221 225 3.510842
221 257 4.525188
221 259 4.234331
221 260 3.053577
222 225 2.428929
222 226 3.819095
222 227 4.321928
222 229 4.677576
222 260 3.763337
223 225 1.346440
223 226 2.487196
223 227 3.130345
223 228 3.894572
223 229 3.443109
223 230 4.615158
223 252 4.557790
223 254 4.369825
223 257 4.177053
223 260 4.210172
224 225 2.263058
224 226 2.876461
224 227 3.485077
224 228 4.483348
224 229 3.394830
224 230 4.576882
224 251 4.513388
224 252 3.817311
224 253 4.312900
224 254 3.197641
224 255 3.554472
224 257 3.060228
224 258 4.151990
224 259 4.321935
224 260 3.696283
225 229 3.083906
225 230 4.332780
225 252 4.516648
226 229 2.415665
226 230 3.778305
226 231 4.433848
226 233 4.441891
226 252 3.584856
227 229 1.319791
227 230 2.408918
227 231 3.061911
227 232 3.859274
227 233 3.376993
227 234 4.511236
227 252 3.582787
228 229 2.210658
228 230 2.694267
228 231 3.057839
228 232 3.467338
228 233 3.637683
228 234 4.579612
229 233 2.821070
229 234 4.191956
229 236 4.647021
229 251 3.948337
229 252 2.807183
229 254 4.585170
230 233 2.463645
230 234 3.837424
230 251 4.633374
230 252 3.660081
231 233 1.342405
231 234 2.452921
231 235 3.682007
231 236 4.083874
231 237 4.696036
231 252 4.132713
232 233 2.253106
232 234 2.782447
232 235 4.224910
233 237 3.548186
233 249 4.429467
233 250 4.590975
233 251 4.402650
233 252 3.548874
234 237 2.369009
234 238 3.766112
234 239 4.627498
234 240 4.554164
234 252 4.629413
235 237 1.310712
235 238 2.447322
235 239 3.601064
235 240 3.890034
235 246 4.350962
235 247 4.586954
235 249 3.884113
235 252 4.457216
236 237 2.202363
236 238 2.774604
236 239 4.185075
236 244 4.370656
236 245 4.366514
236 246 3.305850
236 247 3.424142
236 248 4.575300
236 249 2.709509
236 250 3.712954
236 251 4.051543
236 252 3.633916
237 244 4.297298
237 246 4.678099
238 243 4.040600
238 244 3.049925
238 245 4.492132
238 246 4.073360
239 244 3.602578
241 245 3.617823
241 316 4.369301
242 245 2.388719
242 246 3.788687
242 247 4.687342
242 315 4.310041
242 316 3.282715
242 318 4.653774
243 245 1.345980
243 246 2.490700
243 247 3.644400
243 248 4.035707
243 249 4.623647
243 315 4.624192
243 316 3.721730
244 245 2.313340
244 246 2.952735
244 247 4.252221
245 249 3.599921
245 313 4.343909
245 314 4.392972
245 315 3.905815
245 316 3.117284
246 249 2.428074
246 250 3.828471
246 251 4.581704
246 313 4.519576
246 316 4.178965
247 249 1.332537
247 250 2.472508
247 251 3.475408
247 252 4.084751
247 253 4.143520
247 308 4.425637
247 310 4.576106
247 313 3.907627
247 314 4.633762
247 316 4.346074
248 249 2.243817
248 250 2.813350
248 251 3.987869
248 253 4.385889
248 307 4.478237
248 308 3.809088
248 309 4.392682
248 310 3.410089
248 311 3.597897
248 313 2.869416
248 314 3.807686
248 315 4.139136
248 316 3.641380
249 253 3.324922
249 254 4.602963
249 308 4.346721
250 253 2.403387
250 254 3.768318
250 255 4.511412
250 256 4.415198
250 307 4.601136
250 308 3.438426
251 253 1.318006
251 254 2.413182
251 255 3.349830
251 256 3.617756
251 257 4.431520
251 308 3.718472
252 253 2.214168
252 254 2.730421
252 255 3.723405
252 256 4.267044
252 257 4.515756
253 257 3.631117
253 305 4.447315
253 307 4.136368
253 308 2.970058
254 257 2.467332
254 258 3.858671
254 305 4.583807
254 308 3.924712
255 257 1.342687
255 258 2.483211
255 259 3.685461
255 260 4.145340
255 261 4.636156
255 302 4.343586
255 305 4.111077
255 308 4.200520
256 257 2.231990
256 258 2.809878
256 259 4.224514
256 300 4.591311
256 302 3.462938
256 303 3.856863
256 305 3.349210
256 306 4.460746
256 307 4.411729
256 308 3.630388
257 261 3.517534
257 300 4.593251
258 261 2.370196
258 262 3.752406
258 263 4.638436
258 300 3.603439
258 302 4.352510
259 261 1.325596
259 262 2.419848
259 263 3.566577
259 264 4.096681
259 265 4.380835
259 300 3.834710
260 261 2.255707
260 262 2.767462
260 263 4.094038
260 265 4.673672
261 265 3.419299
261 266 4.698456
261 297 4.648073
261 299 4.280580
261 300 3.069336
262 265 2.427567
262 266 3.792297
262 267 4.394744
262 268 4.672862
262 300 3.987443
263 265 1.323713
263 266 2.427071
263 267 3.233598
263 268 3.831473
263 269 3.855594
263 294 4.247260
263 297 4.150922
263 300 4.103959
264 265 2.229765
264 266 2.762160
264 267 3.625821
264 268 4.502452
264 269 3.875553
264 292 4.351870
264 293 4.433974
264 294 3.124336
264 295 3.557173
264 297 2.974067
264 298 4.110008
264 299 4.183119
264 300 3.418949
265 269 3.327996
265 270 4.600834
266 269 2.420847
266 270 3.820101
266 271 4.542207
266 273 4.346262
266 291 4.672418
266 292 3.725222
266 294 4.199144
267 269 1.336351
267 270 2.464693
267 271 3.238424
267 272 4.219821
267 273 3.383871
267 274 4.667165
267 292 3.677279
268 269 2.265559
268 270 2.819697
268 271 3.426227
268 272 4.108235
268 273 3.821976
269 273 2.695345
269 274 4.118757
269 276 4.655176
269 291 3.939703
269 292 2.731334
269 293 4.641828
269 294 4.391568
270 273 2.429855
270 274 3.787919
270 291 4.631976
270 292 3.468794
271 273 1.337620
271 274 2.423093
271 275 3.661824
271 276 4.178075
271 277 4.502458
271 292 3.884900
272 273 2.269000
272 274 2.779101
272 275 4.203651
273 277 3.427847
273 289 4.496763
273 291 4.382134
273 292 3.357796
274 277 2.324125
274 278 3.713636
274 279 4.508107
274 280 4.628074
274 289 4.674101
274 292 4.401677
275 277 1.326111
275 278 2.433872
275 279 3.317377
275 280 3.755553
275 282 4.443581
275 283 4.562268
275 285 3.695434
275 286 4.350759
275 287 4.685171
275 289 4.254491
275 292 4.567745
276 277 2.288048
276 278 2.865309
276 279 3.666552
276 280 4.339599
276 281 4.687507
276 282 3.428851
276 283 3.404210
276 284 4.546162
276 285 2.595483
276 286 3.386694
276 287 3.729208
276 289 3.261929
276 290 4.308333
276 291 4.401573
276 292 3.921062
277 285 4.361298
278 282 4.312008
278 285 4.186183
279 285 4.363505
281 285 3.415268
282 285 2.391084
282 286 3.799395
282 287 4.617434
282 289 4.400507
283 285 1.329047
283 286 2.490751
283 287 3.332178
283 288 4.430550
283 289 3.387014
283 290 4.678644
284 285 2.267097
284 286 2.916268
284 287 3.584586
284 288 4.490899
284 289 3.776320
285 289 2.747909
285 290 4.176200
285 291 4.669842
286 289 2.412985
286 290 3.780916
287 289 1.313737
287 290 2.422893
287 291 3.616708
287 292 4.228510
287 293 4.391917
288 289 2.206634
288 290 2.733217
288 291 4.173812
289 293 3.275686
289 294 4.534806
290 293 2.438157
290 294 3.804377
290 296 4.675304
291 293 1.325675
291 294 2.424016
291 295 3.545674
291 296 3.815975
291 297 4.624294
292 293 2.233400
292 294 2.744741
292 295 3.984556
292 296 4.525695
293 297 3.624526
294 297 2.401344
294 298 3.766121
294 299 4.657873
294 300 4.676236
295 297 1.333114
295 298 2.431747
295 299 3.591920
295 300 3.946460
295 301 4.649256
296 297 2.273679
296 298 2.812477
296 299 4.167306
297 301 3.634290
298 301 2.479618
298 302 3.827827
299 301 1.331275
299 302 2.418592
299 303 3.613648
299 304 4.016389
299 305 4.620593
300 301 2.213410
300 302 2.688613
300 303 4.033505
301 305 3.601958
302 305 2.446000
302 306 3.793932
303 305 1.323162
303 306 2.407632
303 307 3.501856
303 308 3.927123
303 309 4.421001
304 305 2.210323
304 306 2.680173
304 307 3.896087
304 308 4.612347
304 309 4.503408
305 309 3.545694
306 309 2.363389
306 310 3.757512
306 311 4.455079
307 309 1.335871
307 310 2.454397
307 311 3.351419
307 312 4.014145
307 313 3.892777
308 309 2.274151
308 310 2.840624
308 311 3.810848
308 313 4.025929
309 313 3.241364
309 314 4.519922
310 313 2.403085
310 314 3.791329
310 315 4.614799
310 316 4.634039
311 313 1.317708
311 314 2.445187
311 315 3.361511
311 316 3.678920
311 317 4.330244
312 313 2.216314
312 314 2.778763
312 315 3.620388
312 316 4.160396
312 317 4.269553
313 317 3.618113
314 317 2.399041
314 318 3.797277
314 319 4.676909
315 317 1.317049
315 318 2.455204
315 319 3.550083
315 320 3.981421
315 321 4.489321
316 317 2.225442
316 318 2.808058
316 319 4.036347
317 321 3.528546
318 321 2.429048
318 322 3.792687
318 323 4.420411
319 321 1.315633
319 322 2.413010
319 323 3.094528
319 324 4.064043
320 321 2.207117
320 322 2.699855
320 323 3.126496
320 324 3.773723

RESIDUES
ALA 22
 0.0 4.000000
 0.1 4.000000
 0.2 4.000000
 0.3 4.000000
 0.4 4.000000
 0.5 4.000000
 0.6 4.000000
 0.7 4.000000
 0.8 4.000000
 0.9 4.000000
 1.0 4.000000
 1.1 3.640078
 1.2 3.617647
 1.3 3.617647
 1.4 3.617647
 1.5 3.617647
 1.6 3.548193
 1.7 3.548193
 1.8 3.548193
 1.9 3.548193
 2.0 3.319298
 2.1 3.171280
 2.2 2.796889
 2.3 2.660839
 2.4 2.643295
 2.5 2.387686
 2.6 1.965562
 2.7 1.503753
 2.8 1.133525
 2.9 1.009182
 3.0 0.768324
 3.1 0.416217
 3.2 0.183138
 3.3 -0.086697
 3.4 -0.405197
 3.5 -0.773225
 3.6 -1.154563
 3.7 -1.529309
 3.8 -1.803119
 3.9 -2.195065
 4.0 -2.554401
 4.1 -2.978226
 4.2 -3.239677
 4.3 -3.328050
 4.4 -3.238600
 4.5 -3.173014
 4.6 -3.008842
 4.7 -2.740103

ALA 23
 0.0 4.000000
 0.1 4.000000
 0.2 4.000000
 0.3 4.000000
 0.4 4.000000
 0.5 4.000000
 0.6 4.000000
 0.7 4.000000
 0.8 4.000000
 0.9 4.000000
 1.0 4.000000
 1.1 3.210117
 1.2 3.176471
 1.3 3.176471
 1.4 3.176471
 1.5 3.176471
 1.6 3.072289
 1.7 3.072289
 1.8 3.072289
 1.9 3.072289
 2.0 2.659649
 2.1 2.330450
 2.2 1.487900
 2.3 1.220280
 2.4 1.187883
 2.5 0.739851
 2.6 0.139376
 2.7 -0.313595
 2.8 -0.574448
 2.9 -0.657763
 3.0 -0.836984
 3.1 -1.094704
 3.2 -1.367804
 3.3 -1.880550
 3.4 -2.336701
 3.5 -2.584321
 3.6 -2.953862
 3.7 -3.179333
 3.8 -3.101563
 3.9 -2.967065
 4.0 -2.898609
 4.1 -2.597580
 4.2 -2.264790
 4.3 -2.075406
 4.4 -1.965187
 4.5 -1.892854
 4.6 -1.815140
 4.7 -1.842131

ALA 24
 0.0 4.000000
 0.1 4.000000
 0.2 4.000000
 0.3 4.000000
 0.4 4.000000
 0.5 4.000000
 0.6 4.000000
 0.7 4.000000
 0.8 4.000000
 0.9 4.000000
 1.0 4.000000
 1.1 3.274319
 1.2 3.235294
 1.3 3.235294
 1.4 3.235294
 1.5 3.235294
 1.6 3.114458
 1.7 3.114458
 1.8 3.114458
 1.9 3.114458
 2.0 2.612281
 2.1 2.314879
 2.2 1.572602
 2.3 1.321678
 2.4 1.286590
 2.5 0.845737
 2.6 0.249188
 2.7 -0.273561
 2.8 -0.731028
 2.9 -0.952421
 3.0 -1.324347
 3.1 -1.952873
 3.2 -2.531819
 3.3 -3.104059
 3.4 -3.563455
 3.5 -3.885195
 3.6 -4.205501
 3.7 -4.402174
 3.8 -4.378216
 3.9 -4.240921
 4.0 -4.111480
 4.1 -3.564491
 4.2 -2.856998
 4.3 -2.314369
 4.4 -1.704747
 4.5 -1.111695
 4.6 -0.865515
 4.7 -0.748541

ALA 25
 0.0 4.000000
 0.1 4.000000
 0.2 4.000000
 0.3 4.000000
 0.4 4.000000
 0.5 4.000000
 0.6 4.000000
 0.7 4.000000
 0.8 4.000000
 0.9 4.000000
 1.0 4.000000
 1.1 3.408560
 1.2 3.352941
 1.3 3.352941
 1.4 3.352941
 1.5 3.352941
 1.6 3.180723
 1.7 3.180723
 1.8 3.180723
 1.9 3.180723
 2.0 2.419298
 2.1 2.194637
 2.2 1.605445
 2.3 1.367133
 2.4 1.323349
 2.5 0.838972
 2.6 0.225146
 2.7 -0.464971
 2.8 -1.067243
 2.9 -1.387312
 3.0 -1.839371
 3.1 -2.583907
 3.2 -3.129795
 3.3 -3.604017
 3.4 -4.088919
 3.5 -4.614133
 3.6 -4.956321
 3.7 -5.146057
 3.8 -5.062053
 3.9 -4.660149
 4.0 -4.111691
 4.1 -3.500624
 4.2 -2.913872
 4.3 -2.529164
 4.4 -2.435726
 4.5 -2.308013
 4.6 -2.223754
 4.7 -2.250203

ALA 26
 0.0 4.000000
 0.1 4.000000
 0.2 4.000000
 0.3 4.000000
 0.4 4.000000
 0.5 4.000000
 0.6 4.000000
 0.7 4.000000
 0.8 4.000000
 0.9 4.000000
 1.0 4.000000
 1.1 3.583658
 1.2 3.529412
 1.3 3.529412
 1.4 3.529412
 1.5 3.529412
 1.6 3.361446
 1.7 3.361446
 1.8 3.361446
 1.9 3.361446
 2.0 2.536842
 2.1 2.289792
 2.2 1.706569
 2.3 1.486014
 2.4 1.439074
 2.5 0.935047
 2.6 0.339181
 2.7 -0.232694
 2.8 -0.741595
 2.9 -1.025042
 3.0 -1.384864
 3.1 -1.860241
 3.2 -2.185693
 3.3 -2.575183
 3.4 -2.888995
 3.5 -3.065891
 3.6 -3.227947
 3.7 -3.424912
 3.8 -3.264499
 3.9 -2.782494
 4.0 -2.375550
 4.1 -2.003224
 4.2 -1.535032
 4.3 -1.202193
 4.4 -1.164821
 4.5 -1.174083
 4.6 -1.074202
 4.7 -1.023812

ALA 27
 0.0 4.000000
 0.1 4.000000
 0.2 4.000000
 0.3 4.000000
 0.4 4.000000
 0.5 4.000000
 0.6 4.000000
 0.7 4.000000
 0.8 4.000000
 0.9 4.000000
 1.0 4.000000
 1.1 3.431907
 1.2 3.397059
 1.3 3.397059
 1.4 3.397059
 1.5 3.397059
 1.6 3.289157
 1.7 3.289157
 1.8 3.289157
 1.9 3.289157
 2.0 2.552632
 2.1 2.333045
 2.2 1.712619
 2.3 1.475524
 2.4 1.436351
 2.5 0.987821
 2.6 0.264133
 2.7 -0.490826
 2.8 -1.076849
 2.9 -1.252922
 3.0 -1.598848
 3.1 -1.914359
 3.2 -1.989888
 3.3 -2.065345
 3.4 -2.171553
 3.5 -2.150439
 3.6 -1.960607
 3.7 -1.857232
 3.8 -1.840233
 3.9 -1.929031
 4.0 -2.101890
 4.1 -2.578814
 4.2 -2.757825
 4.3 -2.503821
 4.4 -1.893407
 4.5 -1.358669
 4.6 -0.880759
 4.7 -0.255844

ALA 28
 0.0 4.000000
 0.1 4.000000
 0.2 4.000000
 0.3 4.000000
 0.4 4.000000
 0.5 4.000000
 0.6 4.000000
 0.7 4.000000
 0.8 4.000000
 0.9 4.000000
 1.0 4.000000
 1.1 3.377432
 1.2 3.338235
 1.3 3.338235
 1.4 3.338235
 1.5 3.338235
 1.6 3.216867
 1.7 3.216867
 1.8 3.216867
 1.9 3.216867
 2.0 2.514035
 2.1 2.298443
 2.2 1.616681
 2.3 1.325175
 2.4 1.289993
 2.5 0.819012
 2.6 0.037687
 2.7 -0.673478
 2.8 -1.120557
 2.9 -1.290484
 3.0 -1.609941
 3.1 -1.850987
 3.2 -1.957705
 3.3 -2.052345
 3.4 -2.288847
 3.5 -2.598625
 3.6 -3.029858
 3.7 -3.501208
 3.8 -3.992864
 3.9 -4.582123
 4.0 -5.048586
 4.1 -5.471594
 4.2 -5.517031
 4.3 -5.340645
 4.4 -4.927290
 4.5 -4.513129
 4.6 -4.168613
 4.7 -3.777812

ALA 29
 0.0 4.000000
 0.1 4.000000
 0.2 4.000000
 0.3 4.000000
 0.4 4.000000
 0.5 4.000000
 0.6 4.000000
 0.7 4.000000
 0.8 4.000000
 0.9 4.000000
 1.0 4.000000
 1.1 3.447471
 1.2 3.397059
 1.3 3.397059
 1.4 3.397059
 1.5 3.397059
 1.6 3.240964
 1.7 3.240964
 1.8 3.240964
 1.9 3.240964
 2.0 2.610526
 2.1 2.327855
 2.2 1.687122
 2.3 1.423077
 2.4 1.385296
 2.5 0.921854
 2.6 0.310591
 2.7 -0.269391
 2.8 -0.603266
 2.9 -0.682805
 3.0 -0.839090
 3.1 -1.025285
 3.2 -1.219264
 3.3 -1.416614
 3.4 -1.782278
 3.5 -2.216976
 3.6 -2.807442
 3.7 -3.302176
 3.8 -3.724122
 3.9 -4.143625
 4.0 -4.365664
 4.1 -4.416546
 4.2 -4.378581
 4.3 -4.362534
 4.4 -4.056118
 4.5 -3.750169
 4.6 -3.617064
 4.7 -3.338908

ALA 30
 0.0 4.000000
 0.1 4.000000
 0.2 4.000000
 0.3 4.000000
 0.4 4.000000
 0.5 4.000000
 0.6 4.000000
 0.7 4.000000
 0.8 4.000000
 0.9 4.000000
 1.0 4.000000
 1.1 3.622568
 1.2 3.602941
 1.3 3.602941
 1.4 3.602941
 1.5 3.602941
 1.6 3.542169
 1.7 3.542169
 1.8 3.542169
 1.9 3.542169
 2.0 3.259649
 2.1 3.111592
 2.2 2.800346
 2.3 2.692308
 2.4 2.673928
 2.5 2.464479
 2.6 2.213775
 2.7 1.948290
 2.8 1.623439
 2.9 1.427922
 3.0 1.129388
 3.1 0.606506
 3.2 0.292865
 3.3 0.138650
 3.4 -0.140401
 3.5 -0.329012
 3.6 -0.592863
 3.7 -0.898061
 3.8 -1.249448
 3.9 -1.622045
 4.0 -2.095088
 4.1 -2.633697
 4.2 -3.029499
 4.3 -3.215792
 4.4 -3.216006
 4.5 -3.147837
 4.6 -3.046437
 4.7 -2.814500

ALA 39
 0.0 4.000000
 0.1 4.000000
 0.2 4.000000
 0.3 4.000000
 0.4 4.000000
 0.5 4.000000
 0.6 4.000000
 0.7 4.000000
 0.8 4.000000
 0.9 4.000000
 1.0 4.000000
 1.1 3.852140
 1.2 3.823529
 1.3 3.823529
 1.4 3.823529
 1.5 3.823529
 1.6 3.734940
 1.7 3.734940
 1.8 3.734940
 1.9 3.734940
 2.0 3.470175
 2.1 3.346021
 2.2 2.950303
 2.3 2.793706
 2.4 2.772634
 2.5 2.529770
 2.6 2.220598
 2.7 1.875730
 2.8 1.589817
 2.9 1.343907
 3.0 1.029486
 3.1 0.600090
 3.2 0.590909
 3.3 0.684391
 3.4 0.701807
 3.5 0.525451
 3.6 0.288376
 3.7 0.033157
 3.8 -0.248565
 3.9 -0.579557
 4.0 -0.705137
 4.1 -0.601052
 4.2 -0.363038
 4.3 -0.212124
 4.4 -0.017710
 4.5 0.137110
 4.6 0.164524
 4.7 0.061877

ALA 40
 0.0 4.000000
 0.1 4.000000
 0.2 4.000000
 0.3 4.000000
 0.4 4.000000
 0.5 4.000000
 0.6 4.000000
 0.7 4.000000
 0.8 4.000000
 0.9 4.000000
 1.0 4.000000
 1.1 3.842412
 1.2 3.808824
 1.3 3.808824
 1.4 3.808824
 1.5 3.808824
 1.6 3.704819
 1.7 3.704819
 1.8 3.704819
 1.9 3.704819
 2.0 2.935088
 2.1 2.683391
 2.2 2.041054
 2.3 1.737762
 2.4 1.691627
 2.5 1.189783
 2.6 0.454516
 2.7 -0.328607
 2.8 -0.855908
 2.9 -1.122705
 3.0 -1.471447
 3.1 -1.793257
 3.2 -1.723745
 3.3 -1.699027
 3.4 -1.656078
 3.5 -1.628512
 3.6 -1.721384
 3.7 -1.905125
 3.8 -2.035489
 3.9 -2.146706
 4.0 -2.239206
 4.1 -1.887011
 4.2 -1.259811
 4.3 -0.800437
 4.4 -0.283363
 4.5 0.158261
 4.6 0.277167
 4.7 0.205915

ALA 41
 0.0 4.000000
 0.1 4.000000
 0.2 4.000000
 0.3 4.000000
 0.4 4.000000
 0.5 4.000000
 0.6 4.000000
 0.7 4.000000
 0.8 4.000000
 0.9 4.000000
 1.0 4.000000
 1.1 3.856031
 1.2 3.823529
 1.3 3.823529
 1.4 3.823529
 1.5 3.823529
 1.6 3.722892
 1.7 3.722892
 1.8 3.722892
 1.9 3.722892
 2.0 2.940351
 2.1 2.670415
 2.2 2.023336
 2.3 1.758741
 2.4 1.712049
 2.5 1.209405
 2.6 0.494802
 2.7 -0.228941
 2.8 -0.807877
 2.9 -1.019199
 3.0 -1.332227
 3.1 -1.718679
 3.2 -1.802047
 3.3 -1.942609
 3.4 -2.051809
 3.5 -2.056479
 3.6 -2.203424
 3.7 -2.437397
 3.8 -2.439545
 3.9 -2.422031
 4.0 -2.632502
 4.1 -2.487761
 4.2 -1.846753
 4.3 -1.314870
 4.4 -0.617819
 4.5 0.077495
 4.6 0.534810
 4.7 0.820855

ALA 42
 0.0 4.000000
 0.1 4.000000
 0.2 4.000000
 0.3 4.000000
 0.4 4.000000
 0.5 4.000000
 0.6 4.000000
 0.7 4.000000
 0.8 4.000000
 0.9 4.000000
 1.0 4.000000
 1.1 3.632296
 1.2 3.573529
 1.3 3.573529
 1.4 3.573529
 1.5 3.573529
 1.6 3.391566
 1.7 3.391566
 1.8 3.391566
 1.9 3.391566
 2.0 2.771930
 2.1 2.506055
 2.2 1.865601
 2.3 1.594406
 2.4 1.552076
 2.5 1.079838
 2.6 0.453541
 2.7 -0.142619
 2.8 -0.573487
 2.9 -0.737062
 3.0 -1.036102
 3.1 -1.432930
 3.2 -1.872544
 3.3 -2.322346
 3.4 -2.763349
 3.5 -3.165573
 3.6 -3.754006
 3.7 -4.130579
 3.8 -4.132321
 3.9 -4.113380
 4.0 -4.113252
 4.1 -3.916987
 4.2 -3.323535
 4.3 -2.887054
 4.4 -2.271810
 4.5 -1.681695
 4.6 -1.097625
 4.7 -0.712776

ALA 43
 0.0 4.000000
 0.1 4.000000
 0.2 4.000000
 0.3 4.000000
 0.4 4.000000
 0.5 4.000000
 0.6 4.000000
 0.7 4.000000
 0.8 4.000000
 0.9 4.000000
 1.0 4.000000
 1.1 3.501946
 1.2 3.441176
 1.3 3.441176
 1.4 3.441176
 1.5 3.441176
 1.6 3.253012
 1.7 3.253012
 1.8 3.253012
 1.9 3.253012
 2.0 2.556140
 2.1 2.320069
 2.2 1.916595
 2.3 1.636364
 2.4 1.592920
 2.5 1.153924
 2.6 0.524366
 2.7 -0.228107
 2.8 -0.764649
 2.9 -0.982333
 3.0 -1.369601
 3.1 -1.997293
 3.2 -2.587722
 3.3 -3.103562
 3.4 -3.602903
 3.5 -4.002658
 3.6 -4.403566
 3.7 -4.689844
 3.8 -4.739645
 3.9 -4.685265
 4.0 -4.606963
 4.1 -4.328551
 4.2 -3.502206
 4.3 -2.646586
 4.4 -1.781478
 4.5 -1.064944
 4.6 -0.409460
 4.7 -0.028562

ALA 44
 0.0 4.000000
 0.1 4.000000
 0.2 4.000000
 0.3 4.000000
 0.4 4.000000
 0.5 4.000000
 0.6 4.000000
 0.7 4.000000
 0.8 4.000000
 0.9 4.000000
 1.0 4.000000
 1.1 3.455253
 1.2 3.397059
 1.3 3.397059
 1.4 3.397059
 1.5 3.397059
 1.6 3.216867
 1.7 3.216867
 1.8 3.216867
 1.9 3.216867
 2.0 2.675439
 2.1 2.419550
 2.2 1.829300
 2.3 1.548951
 2.4 1.507828
 2.5 1.062923
 2.6 0.452242
 2.7 -0.249791
 2.8 -0.752326
 2.9 -0.989609
 3.0 -1.430078
 3.1 -2.168646
 3.2 -2.584906
 3.3 -3.001789
 3.4 -3.564548
 3.5 -3.958941
 3.6 -4.237885
 3.7 -4.503050
 3.8 -4.606803
 3.9 -4.552819
 4.0 -4.306207
 4.1 -3.790575
 4.2 -2.846942
 4.3 -1.913484
 4.4 -0.919257
 4.5 -0.160508
 4.6 0.343721
 4.7 0.627422

ALA 45
 0.0 4.000000
 0.1 4.000000
 0.2 4.000000
 0.3 4.000000
 0.4 4.000000
 0.5 4.000000
 0.6 4.000000
 0.7 4.000000
 0.8 4.000000
 0.9 4.000000
 1.0 4.000000
 1.1 3.501946
 1.2 3.441176
 1.3 3.441176
 1.4 3.441176
 1.5 3.441176
 1.6 3.253012
 1.7 3.253012
 1.8 3.253012
 1.9 3.253012
 2.0 2.805263
 2.1 2.520761
 2.2 1.723423
 2.3 1.423077
 2.4 1.385296
 2.5 0.883627
 2.6 0.108837
 2.7 -0.653044
 2.8 -1.163305
 2.9 -1.329299
 3.0 -1.748947
 3.1 -2.351287
 3.2 -2.580498
 3.3 -2.842916
 3.4 -3.270163
 3.5 -3.796977
 3.6 -4.475096
 3.7 -5.114229
 3.8 -5.553637
 3.9 -5.868046
 4.0 -5.856210
 4.1 -5.539224
 4.2 -5.215454
 4.3 -5.100882
 4.4 -5.009439
 4.5 -4.982876
 4.6 -5.048762
 4.7 -5.062149

ALA 46
 0.0 4.000000
 0.1 4.000000
 0.2 4.000000
 0.3 4.000000
 0.4 4.000000
 0.5 4.000000
 0.6 4.000000
 0.7 4.000000
 0.8 4.000000
 0.9 4.000000
 1.0 4.000000
 1.1 3.564202
 1.2 3.500000
 1.3 3.500000
 1.4 3.500000
 1.5 3.500000
 1.6 3.301205
 1.7 3.301205
 1.8 3.301205
 1.9 3.301205
 2.0 2.536842
 2.1 2.326125
 2.2 1.867761
 2.3 1.615385
 2.4 1.572498
 2.5 1.118403
 2.6 0.434698
 2.7 -0.349458
 2.8 -0.867915
 2.9 -1.044249
 3.0 -1.415254
 3.1 -1.971431
 3.2 -2.291642
 3.3 -2.569692
 3.4 -3.026533
 3.5 -3.418458
 3.6 -3.795313
 3.7 -4.174292
 3.8 -4.545581
 3.9 -4.833785
 4.0 -5.068656
 4.1 -5.288854
 4.2 -5.342405
 4.3 -5.304456
 4.4 -5.185145
 4.5 -4.935502
 4.6 -4.784199
 4.7 -4.580378

ALA 47
 0.0 4.000000
 0.1 4.000000
 0.2 4.000000
 0.3 4.000000
 0.4 4.000000
 0.5 4.000000
 0.6 4.000000
 0.7 4.000000
 0.8 4.000000
 0.9 4.000000
 1.0 4.000000
 1.1 3.782101
 1.2 3.750000
 1.3 3.750000
 1.4 3.750000
 1.5 3.750000
 1.6 3.650602
 1.7 3.650602
 1.8 3.650602
 1.9 3.650602
 2.0 3.147368
 2.1 3.077855
 2.2 2.990061
 2.3 2.884615
 2.4 2.861130
 2.5 2.637686
 2.6 2.288499
 2.7 1.869058
 2.8 1.602305
 2.9 1.575125
 3.0 1.512216
 3.1 1.500000
 3.2 1.500000
 3.3 1.487873
 3.4 1.325570
 3.5 1.118605
 3.6 0.920404
 3.7 0.673364
 3.8 0.356188
 3.9 0.019915
 4.0 -0.279386
 4.1 -0.589779
 4.2 -0.761018
 4.3 -0.837541
 4.4 -0.883973
 4.5 -0.818778
 4.6 -0.789975
 4.7 -0.774041

ALA 53
 0.0 4.000000
 0.1 4.000000
 0.2 4.000000
 0.3 4.000000
 0.4 4.000000
 0.5 4.000000
 0.6 4.000000
 0.7 4.000000
 0.8 4.000000
 0.9 4.000000
 1.0 4.000000
 1.1 3.750973
 1.2 3.720588
 1.3 3.720588
 1.4 3.720588
 1.5 3.720588
 1.6 3.626506
 1.7 3.626506
 1.8 3.626506
 1.9 3.626506
 2.0 3.219298
 2.1 3.121107
 2.2 2.854365
 2.3 2.713287
 2.4 2.694350
 2.5 2.489175
 2.6 2.174789
 2.7 1.850292
 2.8 1.627281
 2.9 1.513347
 3.0 1.306313
 3.1 1.043829
 3.2 0.897736
 3.3 0.684440
 3.4 0.352357
 3.5 0.054219
 3.6 -0.462563
 3.7 -0.809417
 3.8 -1.020507
 3.9 -1.229041
 4.0 -1.403533
 4.1 -1.389065
 4.2 -1.480135
 4.3 -1.712427
 4.4 -1.830453
 4.5 -1.744869
 4.6 -1.763106
 4.7 -1.735767

ALA 54
 0.0 4.000000
 0.1 4.000000
 0.2 4.000000
 0.3 4.000000
 0.4 4.000000
 0.5 4.000000
 0.6 4.000000
 0.7 4.000000
 0.8 4.000000
 0.9 4.000000
 1.0 4.000000
 1.1 3.285992
 1.2 3.250000
 1.3 3.250000
 1.4 3.250000
 1.5 3.250000
 1.6 3.138554
 1.7 3.138554
 1.8 3.138554
 1.9 3.138554
 2.0 2.236842
 2.1 2.129758
 2.2 1.593777
 2.3 1.314685
 2.4 1.279782
 2.5 0.857578
 2.6 0.187784
 2.7 -0.525438
 2.8 -0.930355
 2.9 -1.088634
 3.0 -1.386244
 3.1 -1.813443
 3.2 -2.081973
 3.3 -2.326353
 3.4 -2.787323
 3.5 -3.239812
 3.6 -3.801519
 3.7 -4.217282
 3.8 -4.694599
 3.9 -5.199897
 4.0 -5.528920
 4.1 -5.488110
 4.2 -5.342468
 4.3 -5.180582
 4.4 -4.724299
 4.5 -4.079417
 4.6 -3.887040
 4.7 -3.675471

ALA 55
 0.0 4.000000
 0.1 4.000000
 0.2 4.000000
 0.3 4.000000
 0.4 4.000000
 0.5 4.000000
 0.6 4.000000
 0.7 4.000000
 0.8 4.000000
 0.9 4.000000
 1.0 4.000000
 1.1 3.239300
 1.2 3.205882
 1.3 3.205882
 1.4 3.205882
 1.5 3.205882
 1.6 3.102410
 1.7 3.102410
 1.8 3.102410
 1.9 3.102410
 2.0 2.347368
 2.1 2.205882
 2.2 1.500000
 2.3 1.216783
 2.4 1.184479
 2.5 0.721583
 2.6 0.009422
 2.7 -0.656797
 2.8 -1.112556
 2.9 -1.297487
 3.0 -1.571484
 3.1 -1.928682
 3.2 -2.189000
 3.3 -2.371410
 3.4 -2.822120
 3.5 -3.342721
 3.6 -3.982801
 3.7 -4.517611
 3.8 -5.193868
 3.9 -5.906102
 4.0 -6.198248
 4.1 -6.028265
 4.2 -5.528525
 4.3 -4.829472
 4.4 -3.691569
 4.5 -2.754437
 4.6 -2.318089
 4.7 -1.847694

ALA 56
 0.0 4.000000
 0.1 4.000000
 0.2 4.000000
 0.3 4.000000
 0.4 4.000000
 0.5 4.000000
 0.6 4.000000
 0.7 4.000000
 0.8 4.000000
 0.9 4.000000
 1.0 4.000000
 1.1 3.486381
 1.2 3.426471
 1.3 3.426471
 1.4 3.426471
 1.5 3.426471
 1.6 3.240964
 1.7 3.240964
 1.8 3.240964
 1.9 3.240964
 2.0 2.691228
 2.1 2.422145
 2.2 1.649525
 2.3 1.346154
 2.4 1.310415
 2.5 0.816982
 2.6 0.098765
 2.7 -0.556297
 2.8 -1.000343
 2.9 -1.174705
 3.0 -1.488895
 3.1 -1.839733
 3.2 -2.195579
 3.3 -2.633356
 3.4 -3.100679
 3.5 -3.505642
 3.6 -4.123899
 3.7 -4.717765
 3.8 -5.113325
 3.9 -5.468374
 4.0 -5.587028
 4.1 -5.246085
 4.2 -4.467761
 4.3 -3.775706
 4.4 -2.914044
 4.5 -2.130314
 4.6 -1.730536
 4.7 -1.443662

ALA 57
 0.0 4.000000
 0.1 4.000000
 0.2 4.000000
 0.3 4.000000
 0.4 4.000000
 0.5 4.000000
 0.6 4.000000
 0.7 4.000000
 0.8 4.000000
 0.9 4.000000
 1.0 4.000000
 1.1 3.317121
 1.2 3.279412
 1.3 3.279412
 1.4 3.279412
 1.5 3.279412
 1.6 3.162651
 1.7 3.162651
 1.8 3.162651
 1.9 3.162651
 2.0 2.524561
 2.1 2.301903
 2.2 1.554451
 2.3 1.269231
 2.4 1.235534
 2.5 0.767253
 2.6 -0.052307
 2.7 -0.814846
 2.8 -1.298450
 2.9 -1.395447
 3.0 -1.659912
 3.1 -1.783575
 3.2 -1.922335
 3.3 -2.405375
 3.4 -3.089883
 3.5 -3.644361
 3.6 -4.248266
 3.7 -4.762294
 3.8 -5.109082
 3.9 -5.323050
 4.0 -5.418566
 4.1 -4.984338
 4.2 -4.084863
 4.3 -2.986259
 4.4 -1.640506
 4.5 -0.609484
 4.6 0.062275
 4.7 0.587665

ALA 58
 0.0 4.000000
 0.1 4.000000
 0.2 4.000000
 0.3 4.000000
 0.4 4.000000
 0.5 4.000000
 0.6 4.000000
 0.7 4.000000
 0.8 4.000000
 0.9 4.000000
 1.0 4.000000
 1.1 3.373541
 1.2 3.338235
 1.3 3.338235
 1.4 3.338235
 1.5 3.338235
 1.6 3.228916
 1.7 3.228916
 1.8 3.228916
 1.9 3.228916
 2.0 2.326316
 2.1 2.163495
 2.2 1.567848
 2.3 1.342657
 2.4 1.303268
 2.5 0.810217
 2.6 0.126381
 2.7 -0.487490
 2.8 -0.938521
 2.9 -1.052170
 3.0 -1.277045
 3.1 -1.663202
 3.2 -2.166947
 3.3 -2.632898
 3.4 -2.924732
 3.5 -3.193863
 3.6 -3.622737
 3.7 -3.997257
 3.8 -4.311836
 3.9 -4.681174
 4.0 -5.000762
 4.1 -4.854360
 4.2 -4.223078
 4.3 -3.576905
 4.4 -2.790547
 4.5 -2.127591
 4.6 -1.705233
 4.7 -1.510442

ALA 59
 0.0 4.000000
 0.1 4.000000
 0.2 4.000000
 0.3 4.000000
 0.4 4.000000
 0.5 4.000000
 0.6 4.000000
 0.7 4.000000
 0.8 4.000000
 0.9 4.000000
 1.0 4.000000
 1.1 3.527237
 1.2 3.470588
 1.3 3.470588
 1.4 3.470588
 1.5 3.470588
 1.6 3.295181
 1.7 3.295181
 1.8 3.295181
 1.9 3.295181
 2.0 2.354386
 2.1 2.190311
 2.2 1.800778
 2.3 1.555944
 2.4 1.510892
 2.5 0.974966
 2.6 0.167641
 2.7 -0.707673
 2.8 -1.269933
 2.9 -1.354341
 3.0 -1.574979
 3.1 -1.863638
 3.2 -2.095048
 3.3 -2.422977
 3.4 -2.900438
 3.5 -3.324092
 3.6 -3.658689
 3.7 -3.895351
 3.8 -4.070113
 3.9 -4.006267
 4.0 -3.899986
 4.1 -3.805346
 4.2 -3.633503
 4.3 -3.241526
 4.4 -2.704424
 4.5 -2.272437
 4.6 -1.874141
 4.7 -1.361392

ALA 60
 0.0 4.000000
 0.1 4.000000
 0.2 4.000000
 0.3 4.000000
 0.4 4.000000
 0.5 4.000000
 0.6 4.000000
 0.7 4.000000
 0.8 4.000000
 0.9 4.000000
 1.0 4.000000
 1.1 3.540856
 1.2 3.485294
 1.3 3.485294
 1.4 3.485294
 1.5 3.485294
 1.6 3.313253
 1.7 3.313253
 1.8 3.313253
 1.9 3.313253
 2.0 2.552632
 2.1 2.328720
 2.2 1.959810
 2.3 1.695804
 2.4 1.650783
 2.5 1.207375
 2.6 0.576348
 2.7 -0.229775
 2.8 -0.746398
 2.9 -0.886477
 3.0 -1.154170
 3.1 -1.582446
 3.2 -1.820680
 3.3 -2.148187
 3.4 -2.683187
 3.5 -3.083424
 3.6 -3.482476
 3.7 -3.890899
 3.8 -4.177361
 3.9 -4.196940
 4.0 -4.151246
 4.1 -4.016656
 4.2 -3.770433
 4.3 -3.586606
 4.4 -3.502690
 4.5 -3.465728
 4.6 -3.444030
 4.7 -3.448933

ALA 61
 0.0 4.000000
 0.1 4.000000
 0.2 4.000000
 0.3 4.000000
 0.4 4.000000
 0.5 4.000000
 0.6 4.000000
 0.7 4.000000
 0.8 4.000000
 0.9 4.000000
 1.0 4.000000
 1.1 3.731518
 1.2 3.676471
 1.3 3.676471
 1.4 3.676471
 1.5 3.676471
 1.6 3.506024
 1.7 3.506024
 1.8 3.506024
 1.9 3.506024
 2.0 2.461404
 2.1 2.276817
 2.2 1.956785
 2.3 1.758741
 2.4 1.706943
 2.5 1.214817
 2.6 0.577973
 2.7 -0.206005
 2.8 -0.818444
 2.9 -0.945743
 3.0 -1.130160
 3.1 -1.439717
 3.2 -1.599245
 3.3 -1.806412
 3.4 -2.241422
 3.5 -2.679345
 3.6 -3.005544
 3.7 -3.355379
 3.8 -3.672554
 3.9 -3.790897
 4.0 -3.756506
 4.1 -3.689402
 4.2 -3.408094
 4.3 -2.951714
 4.4 -2.356129
 4.5 -1.915700
 4.6 -1.609960
 4.7 -1.215521

ALA 62
 0.0 4.000000
 0.1 4.000000
 0.2 4.000000
 0.3 4.000000
 0.4 4.000000
 0.5 4.000000
 0.6 4.000000
 0.7 4.000000
 0.8 4.000000
 0.9 4.000000
 1.0 4.000000
 1.1 3.822957
 1.2 3.779412
 1.3 3.779412
 1.4 3.779412
 1.5 3.779412
 1.6 3.644578
 1.7 3.644578
 1.8 3.644578
 1.9 3.644578
 2.0 2.585965
 2.1 2.423875
 2.2 1.926102
 2.3 1.730769
 2.4 1.679714
 2.5 1.169486
 2.6 0.527940
 2.7 -0.118849
 2.8 -0.617675
 2.9 -0.696995
 3.0 -0.864785
 3.1 -1.530072
 3.2 -2.367923
 3.3 -2.830193
 3.4 -3.266484
 3.5 -3.598702
 3.6 -3.672723
 3.7 -3.740052
 3.8 -3.860430
 3.9 -3.970415
 4.0 -4.036570
 4.1 -4.178326
 4.2 -4.153302
 4.3 -4.021449
 4.4 -3.838411
 4.5 -3.699993
 4.6 -3.601332
 4.7 -3.459928

ALA 63
 0.0 4.000000
 0.1 4.000000
 0.2 4.000000
 0.3 4.000000
 0.4 4.000000
 0.5 4.000000
 0.6 4.000000
 0.7 4.000000
 0.8 4.000000
 0.9 4.000000
 1.0 4.000000
 1.1 3.943580
 1.2 3.926471
 1.3 3.926471
 1.4 3.926471
 1.5 3.926471
 1.6 3.873494
 1.7 3.873494
 1.8 3.873494
 1.9 3.873494
 2.0 3.485965
 2.1 3.371972
 2.2 3.030683
 2.3 2.916084
 2.4 2.891763
 2.5 2.646143
 2.6 2.353151
 2.7 2.086322
 2.8 1.866475
 2.9 1.799666
 3.0 1.635215
 3.1 1.070018
 3.2 0.284797
 3.3 -0.262621
 3.4 -0.683577
 3.5 -0.929220
 3.6 -1.017155
 3.7 -1.023473
 3.8 -0.996405
 3.9 -0.957934
 4.0 -1.026754
 4.1 -1.310971
 4.2 -1.672972
 4.3 -2.129281
 4.4 -2.753946
 4.5 -3.173237
 4.6 -3.418551
 4.7 -3.707815

ALA 67
 0.0 4.000000
 0.1 4.000000
 0.2 4.000000
 0.3 4.000000
 0.4 4.000000
 0.5 4.000000
 0.6 4.000000
 0.7 4.000000
 0.8 4.000000
 0.9 4.000000
 1.0 4.000000
 1.1 3.552529
 1.2 3.544118
 1.3 3.544118
 1.4 3.544118
 1.5 3.544118
 1.6 3.518072
 1.7 3.518072
 1.8 3.518072
 1.9 3.518072
 2.0 3.371930
 2.1 3.115052
 2.2 2.566119
 2.3 2.458042
 2.4 2.445201
 2.5 2.149865
 2.6 1.821637
 2.7 1.675146
 2.8 1.539866
 2.9 1.520868
 3.0 1.500000
 3.1 1.405296
 3.2 1.078289
 3.3 0.639341
 3.4 0.183201
 3.5 -0.129725
 3.6 -0.393237
 3.7 -0.549268
 3.8 -0.614222
 3.9 -0.581355
 4.0 -0.672756
 4.1 -0.840531
 4.2 -1.035647
 4.3 -1.281331
 4.4 -1.727259
 4.5 -1.947836
 4.6 -2.054305
 4.7 -2.280757

ALA 68
 0.0 4.000000
 0.1 4.000000
 0.2 4.000000
 0.3 4.000000
 0.4 4.000000
 0.5 4.000000
 0.6 4.000000
 0.7 4.000000
 0.8 4.000000
 0.9 4.000000
 1.0 4.000000
 1.1 3.350195
 1.2 3.308824
 1.3 3.308824
 1.4 3.308824
 1.5 3.308824
 1.6 3.180723
 1.7 3.180723
 1.8 3.180723
 1.9 3.180723
 2.0 2.847368
 2.1 2.376298
 2.2 1.240277
 2.3 1.003497
 2.4 0.976174
 2.5 0.409337
 2.6 -0.298895
 2.7 -0.686822
 2.8 -1.048991
 2.9 -1.167362
 3.0 -1.429655
 3.1 -1.833034
 3.2 -2.120076
 3.3 -2.437500
 3.4 -2.851438
 3.5 -3.060149
 3.6 -3.225608
 3.7 -3.345952
 3.8 -3.315402
 3.9 -3.067511
 4.0 -2.862472
 4.1 -2.648624
 4.2 -2.411685
 4.3 -2.138725
 4.4 -1.910989
 4.5 -1.749839
 4.6 -1.577196
 4.7 -1.338197

ALA 69
 0.0 4.000000
 0.1 4.000000
 0.2 4.000000
 0.3 4.000000
 0.4 4.000000
 0.5 4.000000
 0.6 4.000000
 0.7 4.000000
 0.8 4.000000
 0.9 4.000000
 1.0 4.000000
 1.1 3.517510
 1.2 3.455882
 1.3 3.455882
 1.4 3.455882
 1.5 3.455882
 1.6 3.265060
 1.7 3.265060
 1.8 3.265060
 1.9 3.265060
 2.0 2.928070
 2.1 2.510381
 2.2 1.431288
 2.3 1.160839
 2.4 1.130020
 2.5 0.619080
 2.6 -0.076348
 2.7 -0.545038
 2.8 -0.990874
 2.9 -1.257513
 3.0 -1.769587
 3.1 -2.562697
 3.2 -3.079771
 3.3 -3.358075
 3.4 -3.754601
 3.5 -3.979771
 3.6 -4.101015
 3.7 -4.142962
 3.8 -3.931108
 3.9 -3.455225
 4.0 -3.127259
 4.1 -2.912158
 4.2 -2.836135
 4.3 -2.965338
 4.4 -3.015656
 4.5 -2.910346
 4.6 -2.811271
 4.7 -2.574969

ALA 70
 0.0 4.000000
 0.1 4.000000
 0.2 4.000000
 0.3 4.000000
 0.4 4.000000
 0.5 4.000000
 0.6 4.000000
 0.7 4.000000
 0.8 4.000000
 0.9 4.000000
 1.0 4.000000
 1.1 3.612840
 1.2 3.558824
 1.3 3.558824
 1.4 3.558824
 1.5 3.558824
 1.6 3.391566
 1.7 3.391566
 1.8 3.391566
 1.9 3.391566
 2.0 2.933333
 2.1 2.612457
 2.2 1.763181
 2.3 1.472028
 2.4 1.432948
 2.5 0.948917
 2.6 0.340806
 2.7 -0.149291
 2.8 -0.450048
 2.9 -0.631886
 3.0 -1.048863
 3.1 -1.743172
 3.2 -2.226361
 3.3 -2.480924
 3.4 -2.639337
 3.5 -2.555430
 3.6 -2.465068
 3.7 -2.282398
 3.8 -1.917721
 3.9 -1.336616
 4.0 -0.940027
 4.1 -0.526682
 4.2 -0.275830
 4.3 -0.333719
 4.4 -0.307883
 4.5 -0.107321
 4.6 -0.047141
 4.7 0.074591

ALA 71
 0.0 4.000000
 0.1 4.000000
 0.2 4.000000
 0.3 4.000000
 0.4 4.000000
 0.5 4.000000
 0.6 4.000000
 0.7 4.000000
 0.8 4.000000
 0.9 4.000000
 1.0 4.000000
 1.1 3.871595
 1.2 3.838235
 1.3 3.838235
 1.4 3.838235
 1.5 3.838235
 1.6 3.734940
 1.7 3.734940
 1.8 3.734940
 1.9 3.734940
 2.0 2.966667
 2.1 2.735294
 2.2 2.054451
 2.3 1.737762
 2.4 1.691627
 2.5 1.154939
 2.6 0.423002
 2.7 -0.335696
 2.8 -0.804035
 2.9 -0.972454
 3.0 -1.427970
 3.1 -2.149096
 3.2 -2.663988
 3.3 -2.907934
 3.4 -3.249359
 3.5 -3.335633
 3.6 -3.356988
 3.7 -3.218359
 3.8 -3.055305
 3.9 -2.620924
 4.0 -2.273062
 4.1 -1.799706
 4.2 -1.583024
 4.3 -1.608838
 4.4 -1.593129
 4.5 -1.427181
 4.6 -1.474930
 4.7 -1.511033

ALA 72
 0.0 4.000000
 0.1 4.000000
 0.2 4.000000
 0.3 4.000000
 0.4 4.000000
 0.5 4.000000
 0.6 4.000000
 0.7 4.000000
 0.8 4.000000
 0.9 4.000000
 1.0 4.000000
 1.1 3.496109
 1.2 3.485294
 1.3 3.485294
 1.4 3.485294
 1.5 3.485294
 1.6 3.451807
 1.7 3.451807
 1.8 3.451807
 1.9 3.451807
 2.0 2.691228
 2.1 2.425606
 2.2 1.691011
 2.3 1.402098
 2.4 1.364874
 2.5 0.911705
 2.6 0.286875
 2.7 -0.262719
 2.8 -0.555235
 2.9 -0.674875
 3.0 -0.939343
 3.1 -1.330341
 3.2 -1.804545
 3.3 -2.340174
 3.4 -2.954806
 3.5 -3.290748
 3.6 -3.565010
 3.7 -3.619022
 3.8 -3.427828
 3.9 -2.957209
 4.0 -2.434394
 4.1 -1.642650
 4.2 -1.008236
 4.3 -0.692274
 4.4 -0.515198
 4.5 -0.444009
 4.6 -0.511340
 4.7 -0.710665

ALA 73
 0.0 4.000000
 0.1 4.000000
 0.2 4.000000
 0.3 4.000000
 0.4 4.000000
 0.5 4.000000
 0.6 4.000000
 0.7 4.000000
 0.8 4.000000
 0.9 4.000000
 1.0 4.000000
 1.1 3.437743
 1.2 3.411765
 1.3 3.411765
 1.4 3.411765
 1.5 3.411765
 1.6 3.331325
 1.7 3.331325
 1.8 3.331325
 1.9 3.331325
 2.0 2.701754
 2.1 2.440311
 2.2 1.578220
 2.3 1.304196
 2.4 1.269571
 2.5 0.814953
 2.6 0.068876
 2.7 -0.591743
 2.8 -1.095760
 2.9 -1.328252
 3.0 -1.805237
 3.1 -2.385011
 3.2 -2.840138
 3.3 -3.332181
 3.4 -4.000323
 3.5 -4.479893
 3.6 -4.864859
 3.7 -5.029623
 3.8 -5.189387
 3.9 -5.191613
 4.0 -4.810857
 4.1 -4.106580
 4.2 -3.606172
 4.3 -2.998447
 4.4 -2.238386
 4.5 -1.756066
 4.6 -1.681300
 4.7 -1.453347

ALA 74
 0.0 4.000000
 0.1 4.000000
 0.2 4.000000
 0.3 4.000000
 0.4 4.000000
 0.5 4.000000
 0.6 4.000000
 0.7 4.000000
 0.8 4.000000
 0.9 4.000000
 1.0 4.000000
 1.1 3.875486
 1.2 3.838235
 1.3 3.838235
 1.4 3.838235
 1.5 3.838235
 1.6 3.722892
 1.7 3.722892
 1.8 3.722892
 1.9 3.722892
 2.0 2.985965
 2.1 2.767301
 2.2 2.015125
 2.3 1.706294
 2.4 1.660994
 2.5 1.169147
 2.6 0.547109
 2.7 -0.078816
 2.8 -0.553314
 2.9 -0.799251
 3.0 -1.228354
 3.1 -2.005228
 3.2 -2.399089
 3.3 -2.766040
 3.4 -3.374656
 3.5 -3.803175
 3.6 -4.268504
 3.7 -4.570851
 3.8 -4.731016
 3.9 -4.740831
 4.0 -4.613091
 4.1 -4.028875
 4.2 -3.310706
 4.3 -2.498601
 4.4 -1.511921
 4.5 -0.806419
 4.6 -0.367691
 4.7 0.028294

ALA 75
 0.0 4.000000
 0.1 4.000000
 0.2 4.000000
 0.3 4.000000
 0.4 4.000000
 0.5 4.000000
 0.6 4.000000
 0.7 4.000000
 0.8 4.000000
 0.9 4.000000
 1.0 4.000000
 1.1 3.910506
 1.2 3.882353
 1.3 3.882353
 1.4 3.882353
 1.5 3.882353
 1.6 3.795181
 1.7 3.795181
 1.8 3.795181
 1.9 3.795181
 2.0 2.850877
 2.1 2.605536
 2.2 2.166379
 2.3 1.909091
 2.4 1.858407
 2.5 1.383965
 2.6 0.720273
 2.7 -0.119683
 2.8 -0.774256
 2.9 -0.992632
 3.0 -1.393510
 3.1 -2.083000
 3.2 -2.576432
 3.3 -3.025123
 3.4 -3.585544
 3.5 -3.995007
 3.6 -4.390657
 3.7 -4.784131
 3.8 -5.133219
 3.9 -5.577739
 4.0 -5.860269
 4.1 -5.818003
 4.2 -5.203168
 4.3 -4.323499
 4.4 -3.100990
 4.5 -2.107264
 4.6 -1.476877
 4.7 -0.908119

ALA 76
 0.0 4.000000
 0.1 4.000000
 0.2 4.000000
 0.3 4.000000
 0.4 4.000000
 0.5 4.000000
 0.6 4.000000
 0.7 4.000000
 0.8 4.000000
 0.9 4.000000
 1.0 4.000000
 1.1 3.922179
 1.2 3.897059
 1.3 3.897059
 1.4 3.897059
 1.5 3.897059
 1.6 3.819277
 1.7 3.819277
 1.8 3.819277
 1.9 3.819277
 2.0 2.768421
 2.1 2.493080
 2.2 2.213915
 2.3 2.052448
 2.4 1.997958
 2.5 1.534168
 2.6 0.927225
 2.7 0.171810
 2.8 -0.501441
 2.9 -0.739566
 3.0 -1.075004
 3.1 -1.508944
 3.2 -1.772933
 3.3 -2.007264
 3.4 -2.512845
 3.5 -2.902816
 3.6 -3.283396
 3.7 -3.725419
 3.8 -4.123143
 3.9 -4.374868
 4.0 -4.550661
 4.1 -4.503549
 4.2 -3.875322
 4.3 -3.012680
 4.4 -2.016507
 4.5 -1.173528
 4.6 -0.563151
 4.7 -0.070176

ALA 77
 0.0 4.000000
 0.1 4.000000
 0.2 4.000000
 0.3 4.000000
 0.4 4.000000
 0.5 4.000000
 0.6 4.000000
 0.7 4.000000
 0.8 4.000000
 0.9 4.000000
 1.0 4.000000
 1.1 3.859922
 1.2 3.823529
 1.3 3.823529
 1.4 3.823529
 1.5 3.823529
 1.6 3.710843
 1.7 3.710843
 1.8 3.710843
 1.9 3.710843
 2.0 2.900000
 2.1 2.614187
 2.2 2.057908
 2.3 1.898601
 2.4 1.848196
 2.5 1.367050
 2.6 0.807342
 2.7 0.278565
 2.8 -0.323247
 2.9 -0.519199
 3.0 -0.789385
 3.1 -1.283515
 3.2 -1.691870
 3.3 -1.973106
 3.4 -2.463886
 3.5 -2.974858
 3.6 -3.614548
 3.7 -3.994079
 3.8 -4.257378
 3.9 -4.235729
 4.0 -4.133796
 4.1 -3.506878
 4.2 -2.836257
 4.3 -2.238889
 4.4 -1.721339
 4.5 -1.245947
 4.6 -0.995328
 4.7 -0.865210

ALA 78
 0.0 4.000000
 0.1 4.000000
 0.2 4.000000
 0.3 4.000000
 0.4 4.000000
 0.5 4.000000
 0.6 4.000000
 0.7 4.000000
 0.8 4.000000
 0.9 4.000000
 1.0 4.000000
 1.1 3.628405
 1.2 3.573529
 1.3 3.573529
 1.4 3.573529
 1.5 3.573529
 1.6 3.403614
 1.7 3.403614
 1.8 3.403614
 1.9 3.403614
 2.0 2.764912
 2.1 2.501730
 2.2 1.893691
 2.3 1.650350
 2.4 1.606535
 2.5 1.146143
 2.6 0.538337
 2.7 -0.051293
 2.8 -0.546110
 2.9 -0.778798
 3.0 -1.257793
 3.1 -2.110456
 3.2 -2.796429
 3.3 -3.423669
 3.4 -3.995690
 3.5 -4.432200
 3.6 -4.973858
 3.7 -5.512315
 3.8 -5.838641
 3.9 -5.898488
 4.0 -5.911123
 4.1 -5.659253
 4.2 -5.251351
 4.3 -4.914771
 4.4 -4.978131
 4.5 -4.953159
 4.6 -4.963457
 4.7 -5.044506

ALA 79
 0.0 4.000000
 0.1 4.000000
 0.2 4.000000
 0.3 4.000000
 0.4 4.000000
 0.5 4.000000
 0.6 4.000000
 0.7 4.000000
 0.8 4.000000
 0.9 4.000000
 1.0 4.000000
 1.1 3.735409
 1.2 3.705882
 1.3 3.705882
 1.4 3.705882
 1.5 3.705882
 1.6 3.614458
 1.7 3.614458
 1.8 3.614458
 1.9 3.614458
 2.0 3.271930
 2.1 3.155709
 2.2 2.962835
 2.3 2.818182
 2.4 2.796460
 2.5 2.581867
 2.6 2.259259
 2.7 1.883653
 2.8 1.693564
 2.9 1.644407
 3.0 1.434709
 3.1 1.089767
 3.2 0.783333
 3.3 0.371269
 3.4 0.008424
 3.5 -0.245455
 3.6 -0.542647
 3.7 -0.850996
 3.8 -1.001121
 3.9 -0.956537
 4.0 -0.860691
 4.1 -0.654343
 4.2 -0.394659
 4.3 -0.228387
 4.4 -0.360942
 4.5 -0.474467
 4.6 -0.544985
 4.7 -0.685553

ALA 85
 0.0 4.000000
 0.1 4.000000
 0.2 4.000000
 0.3 4.000000
 0.4 4.000000
 0.5 4.000000
 0.6 4.000000
 0.7 4.000000
 0.8 4.000000
 0.9 4.000000
 1.0 4.000000
 1.1 3.824903
 1.2 3.794118
 1.3 3.794118
 1.4 3.794118
 1.5 3.794118
 1.6 3.698795
 1.7 3.698795
 1.8 3.698795
 1.9 3.698795
 2.0 3.329825
 2.1 3.198962
 2.2 2.964564
 2.3 2.832168
 2.4 2.810075
 2.5 2.588295
 2.6 2.306043
 2.7 1.964971
 2.8 1.770413
 2.9 1.721202
 3.0 1.630160
 3.1 1.507630
 3.2 1.474621
 3.3 1.309080
 3.4 1.053518
 3.5 0.874682
 3.6 0.655029
 3.7 0.428646
 3.8 0.213145
 3.9 0.051522
 4.0 -0.044847
 4.1 -0.107683
 4.2 -0.159215
 4.3 -0.221618
 4.4 -0.110616
 4.5 -0.008759
 4.6 -0.011282
 4.7 0.046622

ALA 86
 0.0 4.000000
 0.1 4.000000
 0.2 4.000000
 0.3 4.000000
 0.4 4.000000
 0.5 4.000000
 0.6 4.000000
 0.7 4.000000
 0.8 4.000000
 0.9 4.000000
 1.0 4.000000
 1.1 3.482490
 1.2 3.426471
 1.3 3.426471
 1.4 3.426471
 1.5 3.426471
 1.6 3.253012
 1.7 3.253012
 1.8 3.253012
 1.9 3.253012
 2.0 2.398246
 2.1 2.233564
 2.2 1.802074
 2.3 1.527972
 2.4 1.487406
 2.5 1.074425
 2.6 0.452567
 2.7 -0.335279
 2.8 -0.879923
 2.9 -1.081803
 3.0 -1.459141
 3.1 -2.072762
 3.2 -2.436603
 3.3 -2.776271
 3.4 -3.226693
 3.5 -3.823955
 3.6 -4.535808
 3.7 -5.236733
 3.8 -5.911432
 3.9 -6.445966
 4.0 -6.522766
 4.1 -6.384591
 4.2 -6.160989
 4.3 -5.799206
 4.4 -5.368824
 4.5 -5.136083
 4.6 -5.073273
 4.7 -4.775735

ALA 87
 0.0 4.000000
 0.1 4.000000
 0.2 4.000000
 0.3 4.000000
 0.4 4.000000
 0.5 4.000000
 0.6 4.000000
 0.7 4.000000
 0.8 4.000000
 0.9 4.000000
 1.0 4.000000
 1.1 3.361868
 1.2 3.308824
 1.3 3.308824
 1.4 3.308824
 1.5 3.308824
 1.6 3.144578
 1.7 3.144578
 1.8 3.144578
 1.9 3.144578
 2.0 2.377193
 2.1 2.216263
 2.2 1.718669
 2.3 1.419580
 2.4 1.381892
 2.5 0.938769
 2.6 0.255361
 2.7 -0.474979
 2.8 -0.891931
 2.9 -1.069282
 3.0 -1.414490
 3.1 -1.857314
 3.2 -2.236202
 3.3 -2.594896
 3.4 -2.897401
 3.5 -3.286750
 3.6 -3.808409
 3.7 -4.189195
 3.8 -4.387766
 3.9 -4.309771
 4.0 -3.912537
 4.1 -3.338954
 4.2 -2.958007
 4.3 -2.646922
 4.4 -2.306830
 4.5 -2.146325
 4.6 -2.104107
 4.7 -1.788102

ALA 88
 0.0 4.000000
 0.1 4.000000
 0.2 4.000000
 0.3 4.000000
 0.4 4.000000
 0.5 4.000000
 0.6 4.000000
 0.7 4.000000
 0.8 4.000000
 0.9 4.000000
 1.0 4.000000
 1.1 3.204280
 1.2 3.176471
 1.3 3.176471
 1.4 3.176471
 1.5 3.176471
 1.6 3.090361
 1.7 3.090361
 1.8 3.090361
 1.9 3.090361
 2.0 2.485965
 2.1 2.269031
 2.2 1.529386
 2.3 1.248252
 2.4 1.215112
 2.5 0.656969
 2.6 -0.160494
 2.7 -0.862385
 2.8 -1.341018
 2.9 -1.488731
 3.0 -1.794316
 3.1 -2.154205
 3.2 -2.760676
 3.3 -3.406402
 3.4 -4.019053
 3.5 -4.509710
 3.6 -4.979593
 3.7 -5.185845
 3.8 -5.082808
 3.9 -4.566924
 4.0 -3.750281
 4.1 -2.719866
 4.2 -1.882828
 4.3 -1.256423
 4.4 -0.842286
 4.5 -0.711023
 4.6 -0.646355
 4.7 -0.561885

ALA 89
 0.0 4.000000
 0.1 4.000000
 0.2 4.000000
 0.3 4.000000
 0.4 4.000000
 0.5 4.000000
 0.6 4.000000
 0.7 4.000000
 0.8 4.000000
 0.9 4.000000
 1.0 4.000000
 1.1 3.173152
 1.2 3.147059
 1.3 3.147059
 1.4 3.147059
 1.5 3.147059
 1.6 3.066265
 1.7 3.066265
 1.8 3.066265
 1.9 3.066265
 2.0 2.308772
 2.1 2.124567
 2.2 1.394555
 2.3 1.157343
 2.4 1.116746
 2.5 0.592016
 2.6 -0.085445
 2.7 -0.614679
 2.8 -0.996638
 2.9 -1.167362
 3.0 -1.465063
 3.1 -1.956431
 3.2 -2.553248
 3.3 -3.120121
 3.4 -3.773785
 3.5 -4.329572
 3.6 -4.729160
 3.7 -4.894482
 3.8 -4.703545
 3.9 -4.063724
 4.0 -3.226132
 4.1 -2.425076
 4.2 -1.825140
 4.3 -1.436494
 4.4 -1.010789
 4.5 -0.857240
 4.6 -0.637935
 4.7 -0.334277

ALA 90
 0.0 4.000000
 0.1 4.000000
 0.2 4.000000
 0.3 4.000000
 0.4 4.000000
 0.5 4.000000
 0.6 4.000000
 0.7 4.000000
 0.8 4.000000
 0.9 4.000000
 1.0 4.000000
 1.1 3.470817
 1.2 3.411765
 1.3 3.411765
 1.4 3.411765
 1.5 3.411765
 1.6 3.228916
 1.7 3.228916
 1.8 3.228916
 1.9 3.228916
 2.0 2.591228
 2.1 2.352076
 2.2 1.659464
 2.3 1.409091
 2.4 1.361811
 2.5 0.849459
 2.6 0.230669
 2.7 -0.368224
 2.8 -0.884726
 2.9 -1.078884
 3.0 -1.371993
 3.1 -1.879106
 3.2 -2.205540
 3.3 -2.430510
 3.4 -2.855187
 3.5 -3.234493
 3.6 -3.712401
 3.7 -4.065591
 3.8 -4.298898
 3.9 -4.435628
 4.0 -4.570578
 4.1 -4.625013
 4.2 -4.612471
 4.3 -4.605964
 4.4 -4.458079
 4.5 -4.345834
 4.6 -4.177588
 4.7 -4.006151

ALA 91
 0.0 4.000000
 0.1 4.000000
 0.2 4.000000
 0.3 4.000000
 0.4 4.000000
 0.5 4.000000
 0.6 4.000000
 0.7 4.000000
 0.8 4.000000
 0.9 4.000000
 1.0 4.000000
 1.1 3.704280
 1.2 3.647059
 1.3 3.647059
 1.4 3.647059
 1.5 3.647059
 1.6 3.469880
 1.7 3.469880
 1.8 3.469880
 1.9 3.469880
 2.0 2.884211
 2.1 2.600346
 2.2 1.885048
 2.3 1.587413
 2.4 1.545269
 2.5 1.065629
 2.6 0.440221
 2.7 -0.180150
 2.8 -0.644573
 2.9 -0.874794
 3.0 -1.253628
 3.1 -1.960794
 3.2 -2.489620
 3.3 -2.889792
 3.4 -3.402326
 3.5 -3.909009
 3.6 -4.521963
 3.7 -5.107480
 3.8 -5.620902
 3.9 -6.117580
 4.0 -6.539631
 4.1 -6.874174
 4.2 -7.001345
 4.3 -7.038310
 4.4 -6.947126
 4.5 -6.805901
 4.6 -6.672180
 4.7 -6.472820

ALA 92
 0.0 4.000000
 0.1 4.000000
 0.2 4.000000
 0.3 4.000000
 0.4 4.000000
 0.5 4.000000
 0.6 4.000000
 0.7 4.000000
 0.8 4.000000
 0.9 4.000000
 1.0 4.000000
 1.1 3.906615
 1.2 3.882353
 1.3 3.882353
 1.4 3.882353
 1.5 3.882353
 1.6 3.807229
 1.7 3.807229
 1.8 3.807229
 1.9 3.807229
 2.0 3.424561
 2.1 3.285467
 2.2 2.971910
 2.3 2.811189
 2.4 2.789653
 2.5 2.551421
 2.6 2.207277
 2.7 1.863636
 2.8 1.698367
 2.9 1.658598
 3.0 1.550969
 3.1 1.343357
 3.2 1.006439
 3.3 0.493470
 3.4 -0.129088
 3.5 -0.590698
 3.6 -1.073713
 3.7 -1.551920
 3.8 -1.884318
 3.9 -2.148572
 4.0 -2.341383
 4.1 -2.435577
 4.2 -2.416741
 4.3 -2.466772
 4.4 -2.564063
 4.5 -2.623726
 4.6 -2.711136
 4.7 -2.845151

ALA 100
 0.0 4.000000
 0.1 4.000000
 0.2 4.000000
 0.3 4.000000
 0.4 4.000000
 0.5 4.000000
 0.6 4.000000
 0.7 4.000000
 0.8 4.000000
 0.9 4.000000
 1.0 4.000000
 1.1 3.766537
 1.2 3.735294
 1.3 3.735294
 1.4 3.735294
 1.5 3.735294
 1.6 3.638554
 1.7 3.638554
 1.8 3.638554
 1.9 3.638554
 2.0 3.470175
 2.1 3.329585
 2.2 2.895851
 2.3 2.748252
 2.4 2.728387
 2.5 2.485792
 2.6 2.190383
 2.7 1.892827
 2.8 1.585014
 2.9 1.401503
 3.0 1.130581
 3.1 0.679084
 3.2 0.392413
 3.3 0.185339
 3.4 -0.140919
 3.5 -0.488595
 3.6 -0.881440
 3.7 -1.120739
 3.8 -1.301714
 3.9 -1.681111
 4.0 -2.085449
 4.1 -2.365284
 4.2 -2.533386
 4.3 -2.767523
 4.4 -2.833168
 4.5 -2.698244
 4.6 -2.605514
 4.7 -2.699634

ALA 101
 0.0 4.000000
 0.1 4.000000
 0.2 4.000000
 0.3 4.000000
 0.4 4.000000
 0.5 4.000000
 0.6 4.000000
 0.7 4.000000
 0.8 4.000000
 0.9 4.000000
 1.0 4.000000
 1.1 3.686770
 1.2 3.632353
 1.3 3.632353
 1.4 3.632353
 1.5 3.632353
 1.6 3.463855
 1.7 3.463855
 1.8 3.463855
 1.9 3.463855
 2.0 2.868421
 2.1 2.589100
 2.2 1.985739
 2.3 1.741259
 2.4 1.695031
 2.5 1.218877
 2.6 0.647498
 2.7 0.041701
 2.8 -0.377522
 2.9 -0.486644
 3.0 -0.676372
 3.1 -1.029878
 3.2 -1.258529
 3.3 -1.434337
 3.4 -1.842871
 3.5 -2.276013
 3.6 -2.736776
 3.7 -3.136648
 3.8 -3.552898
 3.9 -3.978433
 4.0 -4.209393
 4.1 -4.219642
 4.2 -3.899795
 4.3 -3.553568
 4.4 -3.135514
 4.5 -2.813957
 4.6 -2.573859
 4.7 -2.548279

ALA 102
 0.0 4.000000
 0.1 4.000000
 0.2 4.000000
 0.3 4.000000
 0.4 4.000000
 0.5 4.000000
 0.6 4.000000
 0.7 4.000000
 0.8 4.000000
 0.9 4.000000
 1.0 4.000000
 1.1 3.608949
 1.2 3.558824
 1.3 3.558824
 1.4 3.558824
 1.5 3.558824
 1.6 3.403614
 1.7 3.403614
 1.8 3.403614
 1.9 3.403614
 2.0 2.466667
 2.1 2.294118
 2.2 1.885480
 2.3 1.657343
 2.4 1.613002
 2.5 1.084235
 2.6 0.344055
 2.7 -0.490409
 2.8 -1.163785
 2.9 -1.430301
 3.0 -1.868874
 3.1 -2.529878
 3.2 -3.066105
 3.3 -3.369552
 3.4 -3.866284
 3.5 -4.349608
 3.6 -4.680557
 3.7 -5.052531
 3.8 -5.465791
 3.9 -5.776647
 4.0 -5.804506
 4.1 -5.928457
 4.2 -6.016168
 4.3 -6.029382
 4.4 -5.957576
 4.5 -5.918748
 4.6 -5.959693
 4.7 -5.881343

ALA 103
 0.0 4.000000
 0.1 4.000000
 0.2 4.000000
 0.3 4.000000
 0.4 4.000000
 0.5 4.000000
 0.6 4.000000
 0.7 4.000000
 0.8 4.000000
 0.9 4.000000
 1.0 4.000000
 1.1 3.439689
 1.2 3.382353
 1.3 3.382353
 1.4 3.382353
 1.5 3.382353
 1.6 3.204819
 1.7 3.204819
 1.8 3.204819
 1.9 3.204819
 2.0 2.352632
 2.1 2.198962
 2.2 1.691011
 2.3 1.409091
 2.4 1.371341
 2.5 0.900541
 2.6 0.216374
 2.7 -0.469975
 2.8 -0.843900
 2.9 -0.993740
 3.0 -1.308340
 3.1 -1.775444
 3.2 -2.179392
 3.3 -2.478736
 3.4 -3.030899
 3.5 -3.469342
 3.6 -3.832616
 3.7 -4.115657
 3.8 -4.291636
 3.9 -4.021217
 4.0 -3.617782
 4.1 -3.220214
 4.2 -2.849409
 4.3 -2.595956
 4.4 -2.338847
 4.5 -2.096956
 4.6 -1.954827
 4.7 -1.716390

ALA 104
 0.0 4.000000
 0.1 4.000000
 0.2 4.000000
 0.3 4.000000
 0.4 4.000000
 0.5 4.000000
 0.6 4.000000
 0.7 4.000000
 0.8 4.000000
 0.9 4.000000
 1.0 4.000000
 1.1 3.630350
 1.2 3.573529
 1.3 3.573529
 1.4 3.573529
 1.5 3.573529
 1.6 3.397590
 1.7 3.397590
 1.8 3.397590
 1.9 3.397590
 2.0 2.614035
 2.1 2.363322
 2.2 1.838807
 2.3 1.548951
 2.4 1.507828
 2.5 1.057848
 2.6 0.386290
 2.7 -0.399500
 2.8 -0.937560
 2.9 -1.131886
 3.0 -1.491997
 3.1 -2.008389
 3.2 -2.257802
 3.3 -2.424278
 3.4 -2.695366
 3.5 -3.019791
 3.6 -3.398346
 3.7 -3.908935
 3.8 -4.313491
 3.9 -4.378640
 4.0 -4.110717
 4.1 -3.618771
 4.2 -2.837968
 4.3 -2.172030
 4.4 -1.833499
 4.5 -1.691496
 4.6 -1.650655
 4.7 -1.666937

ALA 105
 0.0 4.000000
 0.1 4.000000
 0.2 4.000000
 0.3 4.000000
 0.4 4.000000
 0.5 4.000000
 0.6 4.000000
 0.7 4.000000
 0.8 4.000000
 0.9 4.000000
 1.0 4.000000
 1.1 3.834630
 1.2 3.794118
 1.3 3.794118
 1.4 3.794118
 1.5 3.794118
 1.6 3.668675
 1.7 3.668675
 1.8 3.668675
 1.9 3.668675
 2.0 2.754386
 2.1 2.484429
 2.2 1.988332
 2.3 1.727273
 2.4 1.681416
 2.5 1.222260
 2.6 0.632554
 2.7 -0.027940
 2.8 -0.467339
 2.9 -0.725098
 3.0 -1.194782
 3.1 -2.028552
 3.2 -2.629948
 3.3 -3.014042
 3.4 -3.365500
 3.5 -3.723267
 3.6 -4.202641
 3.7 -4.696558
 3.8 -5.092480
 3.9 -5.042070
 4.0 -4.655202
 4.1 -4.053762
 4.2 -3.387971
 4.3 -2.915380
 4.4 -2.688892
 4.5 -2.644802
 4.6 -2.667398
 4.7 -2.647952

ALA 106
 0.0 4.000000
 0.1 4.000000
 0.2 4.000000
 0.3 4.000000
 0.4 4.000000
 0.5 4.000000
 0.6 4.000000
 0.7 4.000000
 0.8 4.000000
 0.9 4.000000
 1.0 4.000000
 1.1 3.612840
 1.2 3.573529
 1.3 3.573529
 1.4 3.573529
 1.5 3.573529
 1.6 3.451807
 1.7 3.451807
 1.8 3.451807
 1.9 3.451807
 2.0 2.477193
 2.1 2.311419
 2.2 1.769231
 2.3 1.510490
 2.4 1.469367
 2.5 0.986468
 2.6 0.375893
 2.7 -0.246872
 2.8 -0.638329
 2.9 -0.916110
 3.0 -1.376158
 3.1 -2.105327
 3.2 -2.301317
 3.3 -2.246585
 3.4 -2.182700
 3.5 -1.927336
 3.6 -1.730593
 3.7 -1.728867
 3.8 -1.817050
 3.9 -1.749692
 4.0 -1.681576
 4.1 -1.594163
 4.2 -1.515995
 4.3 -1.312452
 4.4 -0.749517
 4.5 -0.382527
 4.6 -0.240358
 4.7 0.262099

ALA 107
 0.0 4.000000
 0.1 4.000000
 0.2 4.000000
 0.3 4.000000
 0.4 4.000000
 0.5 4.000000
 0.6 4.000000
 0.7 4.000000
 0.8 4.000000
 0.9 4.000000
 1.0 4.000000
 1.1 3.577821
 1.2 3.529412
 1.3 3.529412
 1.4 3.529412
 1.5 3.529412
 1.6 3.379518
 1.7 3.379518
 1.8 3.379518
 1.9 3.379518
 2.0 2.433333
 2.1 2.268166
 2.2 1.793431
 2.3 1.531469
 2.4 1.489789
 2.5 1.010487
 2.6 0.233593
 2.7 -0.665138
 2.8 -1.299232
 2.9 -1.621870
 3.0 -2.178602
 3.1 -2.880027
 3.2 -2.925702
 3.3 -2.737789
 3.4 -2.230852
 3.5 -1.693193
 3.6 -1.284658
 3.7 -1.088204
 3.8 -1.034113
 3.9 -1.183625
 4.0 -1.550256
 4.1 -2.058550
 4.2 -2.450301
 4.3 -2.385857
 4.4 -1.696449
 4.5 -1.090183
 4.6 -0.650896
 4.7 0.300382

ALA 108
 0.0 4.000000
 0.1 4.000000
 0.2 4.000000
 0.3 4.000000
 0.4 4.000000
 0.5 4.000000
 0.6 4.000000
 0.7 4.000000
 0.8 4.000000
 0.9 4.000000
 1.0 4.000000
 1.1 3.437743
 1.2 3.411765
 1.3 3.411765
 1.4 3.411765
 1.5 3.411765
 1.6 3.331325
 1.7 3.331325
 1.8 3.331325
 1.9 3.331325
 2.0 2.380702
 2.1 2.213668
 2.2 1.780035
 2.3 1.545455
 2.4 1.504425
 2.5 1.044317
 2.6 0.242690
 2.7 -0.651376
 2.8 -1.302594
 2.9 -1.449082
 3.0 -1.755687
 3.1 -2.014124
 3.2 -1.969770
 3.3 -1.969766
 3.4 -2.160789
 3.5 -2.380241
 3.6 -2.699857
 3.7 -3.101743
 3.8 -3.532415
 3.9 -3.910281
 4.0 -4.263566
 4.1 -4.683970
 4.2 -4.801355
 4.3 -4.806509
 4.4 -4.605865
 4.5 -4.386654
 4.6 -4.125717
 4.7 -3.858624

ALA 109
 0.0 4.000000
 0.1 4.000000
 0.2 4.000000
 0.3 4.000000
 0.4 4.000000
 0.5 4.000000
 0.6 4.000000
 0.7 4.000000
 0.8 4.000000
 0.9 4.000000
 1.0 4.000000
 1.1 3.517510
 1.2 3.514706
 1.3 3.514706
 1.4 3.514706
 1.5 3.514706
 1.6 3.506024
 1.7 3.506024
 1.8 3.506024
 1.9 3.506024
 2.0 3.000000
 2.1 2.971453
 2.2 2.710890
 2.3 2.601399
 2.4 2.585432
 2.5 2.414750
 2.6 2.109162
 2.7 1.839450
 2.8 1.649376
 2.9 1.542571
 3.0 1.365206
 3.1 1.166966
 3.2 1.059091
 3.3 0.973570
 3.4 0.671457
 3.5 0.353066
 3.6 -0.020221
 3.7 -0.409139
 3.8 -0.824191
 3.9 -1.171484
 4.0 -1.414950
 4.1 -1.707687
 4.2 -1.756956
 4.3 -1.698147
 4.4 -1.736685
 4.5 -1.757058
 4.6 -1.645335
 4.7 -1.632581

ALA 114
 0.0 4.000000
 0.1 4.000000
 0.2 4.000000
 0.3 4.000000
 0.4 4.000000
 0.5 4.000000
 0.6 4.000000
 0.7 4.000000
 0.8 4.000000
 0.9 4.000000
 1.0 4.000000
 1.1 3.955253
 1.2 3.941176
 1.3 3.941176
 1.4 3.941176
 1.5 3.941176
 1.6 3.897590
 1.7 3.897590
 1.8 3.897590
 1.9 3.897590
 2.0 3.500000
 2.1 3.400519
 2.2 2.995246
 2.3 2.881119
 2.4 2.857726
 2.5 2.610961
 2.6 2.308317
 2.7 2.103420
 2.8 1.879923
 2.9 1.742905
 3.0 1.563043
 3.1 1.227339
 3.2 0.983926
 3.3 0.891042
 3.4 0.701401
 3.5 0.345810
 3.6 -0.066307
 3.7 -0.425280
 3.8 -0.802452
 3.9 -1.180402
 4.0 -1.247207
 4.1 -1.316381
 4.2 -1.170927
 4.3 -0.914046
 4.4 -0.526057
 4.5 -0.243135
 4.6 0.022302
 4.7 0.315372

ALA 115
 0.0 4.000000
 0.1 4.000000
 0.2 4.000000
 0.3 4.000000
 0.4 4.000000
 0.5 4.000000
 0.6 4.000000
 0.7 4.000000
 0.8 4.000000
 0.9 4.000000
 1.0 4.000000
 1.1 3.793774
 1.2 3.750000
 1.3 3.750000
 1.4 3.750000
 1.5 3.750000
 1.6 3.614458
 1.7 3.614458
 1.8 3.614458
 1.9 3.614458
 2.0 2.840351
 2.1 2.608131
 2.2 1.990493
 2.3 1.748252
 2.4 1.701838
 2.5 1.231394
 2.6 0.625731
 2.7 0.001251
 2.8 -0.506244
 2.9 -0.718698
 3.0 -1.078069
 3.1 -1.598724
 3.2 -1.857364
 3.3 -2.101471
 3.4 -2.528529
 3.5 -2.978126
 3.6 -3.322038
 3.7 -3.700536
 3.8 -4.108100
 3.9 -4.377403
 4.0 -4.327707
 4.1 -4.374079
 4.2 -4.229551
 4.3 -3.834218
 4.4 -3.151639
 4.5 -2.552875
 4.6 -2.190665
 4.7 -1.642385

ALA 116
 0.0 4.000000
 0.1 4.000000
 0.2 4.000000
 0.3 4.000000
 0.4 4.000000
 0.5 4.000000
 0.6 4.000000
 0.7 4.000000
 0.8 4.000000
 0.9 4.000000
 1.0 4.000000
 1.1 3.461089
 1.2 3.411765
 1.3 3.411765
 1.4 3.411765
 1.5 3.411765
 1.6 3.259036
 1.7 3.259036
 1.8 3.259036
 1.9 3.259036
 2.0 2.424561
 2.1 2.250865
 2.2 1.699222
 2.3 1.437063
 2.4 1.398911
 2.5 0.896482
 2.6 0.079272
 2.7 -0.793161
 2.8 -1.384246
 2.9 -1.520033
 3.0 -1.789806
 3.1 -2.019061
 3.2 -2.199849
 3.3 -2.429672
 3.4 -2.914808
 3.5 -3.528592
 3.6 -4.118989
 3.7 -4.525493
 3.8 -4.921378
 3.9 -5.213617
 4.0 -5.020358
 4.1 -4.700381
 4.2 -4.264031
 4.3 -3.701043
 4.4 -2.739016
 4.5 -2.104988
 4.6 -1.680967
 4.7 -1.148480

ALA 117
 0.0 4.000000
 0.1 4.000000
 0.2 4.000000
 0.3 4.000000
 0.4 4.000000
 0.5 4.000000
 0.6 4.000000
 0.7 4.000000
 0.8 4.000000
 0.9 4.000000
 1.0 4.000000
 1.1 3.554475
 1.2 3.514706
 1.3 3.514706
 1.4 3.514706
 1.5 3.514706
 1.6 3.391566
 1.7 3.391566
 1.8 3.391566
 1.9 3.391566
 2.0 2.331579
 2.1 2.181661
 2.2 1.754538
 2.3 1.538462
 2.4 1.497617
 2.5 1.065629
 2.6 0.427550
 2.7 -0.256047
 2.8 -0.756004
 2.9 -0.894964
 3.0 -1.142549
 3.1 -1.557876
 3.2 -2.110482
 3.3 -2.452919
 3.4 -2.884082
 3.5 -3.479974
 3.6 -4.057463
 3.7 -4.436373
 3.8 -4.765520
 3.9 -5.098143
 4.0 -5.139069
 4.1 -5.174580
 4.2 -5.041140
 4.3 -4.783365
 4.4 -4.241375
 4.5 -3.797309
 4.6 -3.410109
 4.7 -2.922647

ALA 118
 0.0 4.000000
 0.1 4.000000
 0.2 4.000000
 0.3 4.000000
 0.4 4.000000
 0.5 4.000000
 0.6 4.000000
 0.7 4.000000
 0.8 4.000000
 0.9 4.000000
 1.0 4.000000
 1.1 3.667315
 1.2 3.617647
 1.3 3.617647
 1.4 3.617647
 1.5 3.617647
 1.6 3.463855
 1.7 3.463855
 1.8 3.463855
 1.9 3.463855
 2.0 2.645614
 2.1 2.372837
 2.2 1.820657
 2.3 1.594406
 2.4 1.552076
 2.5 1.101827
 2.6 0.458415
 2.7 -0.176397
 2.8 -0.635447
 2.9 -0.843629
 3.0 -1.165296
 3.1 -1.506709
 3.2 -1.642385
 3.3 -1.759253
 3.4 -1.979179
 3.5 -2.415836
 3.6 -3.097569
 3.7 -3.752336
 3.8 -4.263468
 3.9 -4.621937
 4.0 -4.863981
 4.1 -5.009505
 4.2 -4.750215
 4.3 -4.441104
 4.4 -4.086127
 4.5 -3.572320
 4.6 -3.095303
 4.7 -2.601653

ALA 119
 0.0 4.000000
 0.1 4.000000
 0.2 4.000000
 0.3 4.000000
 0.4 4.000000
 0.5 4.000000
 0.6 4.000000
 0.7 4.000000
 0.8 4.000000
 0.9 4.000000
 1.0 4.000000
 1.1 3.439689
 1.2 3.382353
 1.3 3.382353
 1.4 3.382353
 1.5 3.382353
 1.6 3.204819
 1.7 3.204819
 1.8 3.204819
 1.9 3.204819
 2.0 2.631579
 2.1 2.364187
 2.2 1.636128
 2.3 1.339161
 2.4 1.303608
 2.5 0.846076
 2.6 0.169266
 2.7 -0.405755
 2.8 -0.755524
 2.9 -0.960654
 3.0 -1.365009
 3.1 -1.923280
 3.2 -2.445082
 3.3 -2.993227
 3.4 -3.612335
 3.5 -4.079404
 3.6 -4.697602
 3.7 -5.081329
 3.8 -5.239741
 3.9 -5.317480
 4.0 -5.414713
 4.1 -5.321252
 4.2 -5.133462
 4.3 -5.019758
 4.4 -4.822733
 4.5 -4.502649
 4.6 -4.240891
 4.7 -4.048185

CYS 120
 0.0 4.000000
 0.1 4.000000
 0.2 4.000000
 0.3 4.000000
 0.4 4.000000
 0.5 4.000000
 0.6 4.000000
 0.7 4.000000
 0.8 4.000000
 0.9 4.000000
 1.0 4.000000
 1.1 3.583658
 1.2 3.529412
 1.3 3.529412
 1.4 3.529412
 1.5 3.529412
 1.6 3.361446
 1.7 3.361446
 1.8 3.361446
 1.9 3.361446
 2.0 2.664912
 2.1 2.423875
 2.2 1.882022
 2.3 1.587413
 2.4 1.545269
 2.5 1.091001
 2.6 0.454841
 2.7 -0.226856
 2.8 -0.574448
 2.9 -0.657763
 3.0 -0.882056
 3.1 -1.357720
 3.2 -1.797348
 3.3 -2.225124
 3.4 -2.615461
 3.5 -2.959998
 3.6 -3.256016
 3.7 -3.189219
 3.8 -3.005244
 3.9 -2.774790
 4.0 -2.485153
 4.1 -2.011288
 4.2 -1.860980
 4.3 -1.846213
 4.4 -1.898335
 4.5 -1.910962
 4.6 -1.940539
 4.7 -2.049547

ALA 121
 0.0 4.000000
 0.1 4.000000
 0.2 4.000000
 0.3 4.000000
 0.4 4.000000
 0.5 4.000000
 0.6 4.000000
 0.7 4.000000
 0.8 4.000000
 0.9 4.000000
 1.0 4.000000
 1.1 3.772374
 1.2 3.720588
 1.3 3.720588
 1.4 3.720588
 1.5 3.720588
 1.6 3.560241
 1.7 3.560241
 1.8 3.560241
 1.9 3.560241
 2.0 2.877193
 2.1 2.605536
 2.2 1.969317
 2.3 1.657343
 2.4 1.612662
 2.5 1.020974
 2.6 0.123457
 2.7 -0.815263
 2.8 -1.422671
 2.9 -1.553422
 3.0 -1.829823
 3.1 -2.177601
 3.2 -2.214606
 3.3 -2.260171
 3.4 -2.314918
 3.5 -2.382663
 3.6 -2.359316
 3.7 -2.138064
 3.8 -1.958089
 3.9 -1.789065
 4.0 -1.743355
 4.1 -1.781549
 4.2 -1.892185
 4.3 -1.681350
 4.4 -1.321322
 4.5 -0.947957
 4.6 -0.536632
 4.7 -0.039680

ALA 122
 0.0 4.000000
 0.1 4.000000
 0.2 4.000000
 0.3 4.000000
 0.4 4.000000
 0.5 4.000000
 0.6 4.000000
 0.7 4.000000
 0.8 4.000000
 0.9 4.000000
 1.0 4.000000
 1.1 3.628405
 1.2 3.573529
 1.3 3.573529
 1.4 3.573529
 1.5 3.573529
 1.6 3.403614
 1.7 3.403614
 1.8 3.403614
 1.9 3.403614
 2.0 2.938596
 2.1 2.622837
 2.2 1.781331
 2.3 1.464685
 2.4 1.412185
 2.5 0.771313
 2.6 -0.098116
 2.7 -0.896997
 2.8 -1.441883
 2.9 -1.557596
 3.0 -1.762715
 3.1 -2.078795
 3.2 -2.342076
 3.3 -2.535414
 3.4 -2.696029
 3.5 -3.163312
 3.6 -3.813502
 3.7 -4.249582
 3.8 -4.711110
 3.9 -5.297825
 4.0 -5.569342
 4.1 -5.463045
 4.2 -5.215818
 4.3 -4.845688
 4.4 -4.421226
 4.5 -4.098035
 4.6 -3.869429
 4.7 -3.701162

ALA 123
 0.0 4.000000
 0.1 4.000000
 0.2 4.000000
 0.3 4.000000
 0.4 4.000000
 0.5 4.000000
 0.6 4.000000
 0.7 4.000000
 0.8 4.000000
 0.9 4.000000
 1.0 4.000000
 1.1 3.735409
 1.2 3.705882
 1.3 3.705882
 1.4 3.705882
 1.5 3.705882
 1.6 3.614458
 1.7 3.614458
 1.8 3.614458
 1.9 3.614458
 2.0 3.492982
 2.1 3.311419
 2.2 2.828003
 2.3 2.681818
 2.4 2.663717
 2.5 2.418809
 2.6 2.142950
 2.7 1.954962
 2.8 1.832853
 2.9 1.775459
 3.0 1.684920
 3.1 1.469479
 3.2 1.228788
 3.3 0.993159
 3.4 0.789891
 3.5 0.491332
 3.6 0.064154
 3.7 -0.244666
 3.8 -0.498066
 3.9 -0.806602
 4.0 -0.964096
 4.1 -0.972840
 4.2 -0.995074
 4.3 -0.946697
 4.4 -0.912408
 4.5 -0.939571
 4.6 -0.940058
 4.7 -0.881331

ALA 129
 0.0 4.000000
 0.1 4.000000
 0.2 4.000000
 0.3 4.000000
 0.4 4.000000
 0.5 4.000000
 0.6 4.000000
 0.7 4.000000
 0.8 4.000000
 0.9 4.000000
 1.0 4.000000
 1.1 3.782101
 1.2 3.750000
 1.3 3.750000
 1.4 3.750000
 1.5 3.750000
 1.6 3.650602
 1.7 3.650602
 1.8 3.650602
 1.9 3.650602
 2.0 3.438596
 2.1 3.298443
 2.2 2.947710
 2.3 2.842657
 2.4 2.820286
 2.5 2.581529
 2.6 2.311241
 2.7 2.087573
 2.8 1.880884
 2.9 1.817195
 3.0 1.727043
 3.1 1.528725
 3.2 1.325721
 3.3 1.161465
 3.4 0.924811
 3.5 0.747758
 3.6 0.673441
 3.7 0.625520
 3.8 0.611911
 3.9 0.661722
 4.0 0.736575
 4.1 0.741468
 4.2 0.716243
 4.3 0.661656
 4.4 0.603847
 4.5 0.575972
 4.6 0.543464
 4.7 0.506292

ALA 130
 0.0 4.000000
 0.1 4.000000
 0.2 4.000000
 0.3 4.000000
 0.4 4.000000
 0.5 4.000000
 0.6 4.000000
 0.7 4.000000
 0.8 4.000000
 0.9 4.000000
 1.0 4.000000
 1.1 3.334630
 1.2 3.294118
 1.3 3.294118
 1.4 3.294118
 1.5 3.294118
 1.6 3.168675
 1.7 3.168675
 1.8 3.168675
 1.9 3.168675
 2.0 2.456140
 2.1 2.307093
 2.2 1.694468
 2.3 1.450699
 2.4 1.399251
 2.5 0.847091
 2.6 0.011696
 2.7 -0.792327
 2.8 -1.408261
 2.9 -1.528381
 3.0 -1.737441
 3.1 -1.879201
 3.2 -1.832012
 3.3 -1.678520
 3.4 -1.707281
 3.5 -1.898951
 3.6 -2.070499
 3.7 -2.222184
 3.8 -2.425101
 3.9 -2.598838
 4.0 -2.717199
 4.1 -2.733613
 4.2 -2.436693
 4.3 -2.104002
 4.4 -1.701268
 4.5 -1.273657
 4.6 -0.921792
 4.7 -0.745413

ALA 131
 0.0 4.000000
 0.1 4.000000
 0.2 4.000000
 0.3 4.000000
 0.4 4.000000
 0.5 4.000000
 0.6 4.000000
 0.7 4.000000
 0.8 4.000000
 0.9 4.000000
 1.0 4.000000
 1.1 3.287938
 1.2 3.250000
 1.3 3.250000
 1.4 3.250000
 1.5 3.250000
 1.6 3.132530
 1.7 3.132530
 1.8 3.132530
 1.9 3.132530
 2.0 2.277193
 2.1 2.155709
 2.2 1.646067
 2.3 1.356643
 2.4 1.320626
 2.5 0.812246
 2.6 -0.102014
 2.7 -1.026272
 2.8 -1.595581
 2.9 -1.703673
 3.0 -1.960693
 3.1 -2.164971
 3.2 -2.252833
 3.3 -2.330420
 3.4 -2.559935
 3.5 -2.793004
 3.6 -3.036688
 3.7 -3.378418
 3.8 -3.902137
 3.9 -4.475119
 4.0 -4.994489
 4.1 -5.510597
 4.2 -5.389855
 4.3 -4.966308
 4.4 -4.664695
 4.5 -4.297056
 4.6 -3.899812
 4.7 -3.770935

ALA 132
 0.0 4.000000
 0.1 4.000000
 0.2 4.000000
 0.3 4.000000
 0.4 4.000000
 0.5 4.000000
 0.6 4.000000
 0.7 4.000000
 0.8 4.000000
 0.9 4.000000
 1.0 4.000000
 1.1 3.573930
 1.2 3.514706
 1.3 3.514706
 1.4 3.514706
 1.5 3.514706
 1.6 3.331325
 1.7 3.331325
 1.8 3.331325
 1.9 3.331325
 2.0 2.729825
 2.1 2.493080
 2.2 1.807692
 2.3 1.493007
 2.4 1.453370
 2.5 0.973613
 2.6 0.297271
 2.7 -0.340701
 2.8 -0.641691
 2.9 -0.728600
 3.0 -0.922297
 3.1 -1.204698
 3.2 -1.388642
 3.3 -1.557020
 3.4 -1.967400
 3.5 -2.369915
 3.6 -2.880704
 3.7 -3.415004
 3.8 -4.010963
 3.9 -4.538793
 4.0 -4.843013
 4.1 -4.980601
 4.2 -4.668349
 4.3 -4.176453
 4.4 -3.643389
 4.5 -3.134092
 4.6 -2.787152
 4.7 -2.484197

ALA 133
 0.0 4.000000
 0.1 4.000000
 0.2 4.000000
 0.3 4.000000
 0.4 4.000000
 0.5 4.000000
 0.6 4.000000
 0.7 4.000000
 0.8 4.000000
 0.9 4.000000
 1.0 4.000000
 1.1 3.649805
 1.2 3.588235
 1.3 3.588235
 1.4 3.588235
 1.5 3.588235
 1.6 3.397590
 1.7 3.397590
 1.8 3.397590
 1.9 3.397590
 2.0 2.538596
 2.1 2.380623
 2.2 1.797321
 2.3 1.531469
 2.4 1.489108
 2.5 0.994249
 2.6 0.320013
 2.7 -0.347790
 2.8 -0.793948
 2.9 -0.963450
 3.0 -1.215402
 3.1 -1.570214
 3.2 -1.816667
 3.3 -2.027369
 3.4 -2.372307
 3.5 -2.889099
 3.6 -3.474163
 3.7 -4.052984
 3.8 -4.617514
 3.9 -5.259005
 4.0 -5.645028
 4.1 -5.977288
 4.2 -6.064084
 4.3 -5.901220
 4.4 -5.316075
 4.5 -4.659848
 4.6 -4.275113
 4.7 -3.636139

ALA 134
 0.0 4.000000
 0.1 4.000000
 0.2 4.000000
 0.3 4.000000
 0.4 4.000000
 0.5 4.000000
 0.6 4.000000
 0.7 4.000000
 0.8 4.000000
 0.9 4.000000
 1.0 4.000000
 1.1 3.500000
 1.2 3.441176
 1.3 3.441176
 1.4 3.441176
 1.5 3.441176
 1.6 3.259036
 1.7 3.259036
 1.8 3.259036
 1.9 3.259036
 2.0 2.103509
 2.1 2.051903
 2.2 1.692308
 2.3 1.461538
 2.4 1.418312
 2.5 0.917794
 2.6 0.229370
 2.7 -0.530025
 2.8 -1.110471
 2.9 -1.266569
 3.0 -1.413156
 3.1 -1.622847
 3.2 -1.767880
 3.3 -1.843405
 3.4 -2.182528
 3.5 -2.722400
 3.6 -3.312444
 3.7 -3.969674
 3.8 -4.718367
 3.9 -5.572987
 4.0 -6.091175
 4.1 -6.665961
 4.2 -6.774018
 4.3 -6.310369
 4.4 -5.435702
 4.5 -4.613762
 4.6 -4.012227
 4.7 -3.089340

ALA 135
 0.0 4.000000
 0.1 4.000000
 0.2 4.000000
 0.3 4.000000
 0.4 4.000000
 0.5 4.000000
 0.6 4.000000
 0.7 4.000000
 0.8 4.000000
 0.9 4.000000
 1.0 4.000000
 1.1 3.568093
 1.2 3.514706
 1.3 3.514706
 1.4 3.514706
 1.5 3.514706
 1.6 3.349398
 1.7 3.349398
 1.8 3.349398
 1.9 3.349398
 2.0 2.505263
 2.1 2.324394
 2.2 1.686258
 2.3 1.423077
 2.4 1.382573
 2.5 0.891746
 2.6 0.260884
 2.7 -0.334445
 2.8 -0.746398
 2.9 -0.885225
 3.0 -1.075400
 3.1 -1.419659
 3.2 -1.818855
 3.3 -2.159966
 3.4 -2.735791
 3.5 -3.259818
 3.6 -3.873825
 3.7 -4.319618
 3.8 -4.552591
 3.9 -4.548119
 4.0 -4.473393
 4.1 -4.206879
 4.2 -3.765876
 4.3 -3.193967
 4.4 -2.524724
 4.5 -1.920228
 4.6 -1.459844
 4.7 -0.841934

ALA 136
 0.0 4.000000
 0.1 4.000000
 0.2 4.000000
 0.3 4.000000
 0.4 4.000000
 0.5 4.000000
 0.6 4.000000
 0.7 4.000000
 0.8 4.000000
 0.9 4.000000
 1.0 4.000000
 1.1 3.501946
 1.2 3.455882
 1.3 3.455882
 1.4 3.455882
 1.5 3.455882
 1.6 3.313253
 1.7 3.313253
 1.8 3.313253
 1.9 3.313253
 2.0 2.585965
 2.1 2.367647
 2.2 1.692308
 2.3 1.426573
 2.4 1.388700
 2.5 0.957037
 2.6 0.314815
 2.7 -0.329441
 2.8 -0.793948
 2.9 -1.006678
 3.0 -1.386689
 3.1 -2.019300
 3.2 -2.587810
 3.3 -3.025537
 3.4 -3.530811
 3.5 -4.036945
 3.6 -4.515302
 3.7 -4.622503
 3.8 -4.543831
 3.9 -4.367536
 4.0 -4.060308
 4.1 -3.493202
 4.2 -2.976660
 4.3 -2.419340
 4.4 -1.758141
 4.5 -1.213412
 4.6 -0.809977
 4.7 -0.368646

ALA 137
 0.0 4.000000
 0.1 4.000000
 0.2 4.000000
 0.3 4.000000
 0.4 4.000000
 0.5 4.000000
 0.6 4.000000
 0.7 4.000000
 0.8 4.000000
 0.9 4.000000
 1.0 4.000000
 1.1 3.227626
 1.2 3.191176
 1.3 3.191176
 1.4 3.191176
 1.5 3.191176
 1.6 3.078313
 1.7 3.078313
 1.8 3.078313
 1.9 3.078313
 2.0 2.321053
 2.1 2.172145
 2.2 1.651253
 2.3 1.395105
 2.4 1.358067
 2.5 0.968539
 2.6 0.359649
 2.7 -0.318599
 2.8 -0.746398
 2.9 -0.927379
 3.0 -1.307218
 3.1 -1.956122
 3.2 -2.427882
 3.3 -2.727997
 3.4 -3.163023
 3.5 -3.689063
 3.6 -4.180734
 3.7 -4.528759
 3.8 -4.850754
 3.9 -5.089507
 4.0 -5.119915
 4.1 -4.905512
 4.2 -4.640252
 4.3 -4.404184
 4.4 -4.148688
 4.5 -3.838951
 4.6 -3.717687
 4.7 -3.618917

ALA 138
 0.0 4.000000
 0.1 4.000000
 0.2 4.000000
 0.3 4.000000
 0.4 4.000000
 0.5 4.000000
 0.6 4.000000
 0.7 4.000000
 0.8 4.000000
 0.9 4.000000
 1.0 4.000000
 1.1 3.192607
 1.2 3.161765
 1.3 3.161765
 1.4 3.161765
 1.5 3.161765
 1.6 3.066265
 1.7 3.066265
 1.8 3.066265
 1.9 3.066265
 2.0 2.222807
 2.1 2.120242
 2.2 1.605877
 2.3 1.342657
 2.4 1.307012
 2.5 0.875846
 2.6 0.240741
 2.7 -0.494996
 2.8 -1.010086
 2.9 -1.270033
 3.0 -1.746841
 3.1 -2.401145
 3.2 -2.638521
 3.3 -2.781691
 3.4 -3.077620
 3.5 -3.502765
 3.6 -4.064468
 3.7 -4.576559
 3.8 -5.189861
 3.9 -6.115072
 4.0 -6.797368
 4.1 -7.175937
 4.2 -7.222922
 4.3 -7.059434
 4.4 -6.556345
 4.5 -6.108031
 4.6 -5.827268
 4.7 -5.652949

ALA 139
 0.0 0.000000
 0.1 0.000000
 0.2 0.000000
 0.3 0.000000
 0.4 0.000000
 0.5 0.000000
 0.6 0.000000
 0.7 0.000000
 0.8 0.000000
 0.9 0.000000
 1.0 0.000000
 1.1 0.000000
 1.2 0.000000
 1.3 0.000000
 1.4 0.000000
 1.5 0.000000
 1.6 0.000000
 1.7 0.000000
 1.8 0.000000
 1.9 0.000000
 2.0 0.000000
 2.1 0.000000
 2.2 0.000000
 2.3 0.000000
 2.4 0.000000
 2.5 0.000000
 2.6 0.000000
 2.7 0.000000
 2.8 0.000000
 2.9 0.000000
 3.0 0.000000
 3.1 0.000000
 3.2 0.000000
 3.3 0.000000
 3.4 0.000000
 3.5 0.000000
 3.6 0.000000
 3.7 0.000000
 3.8 0.000000
 3.9 0.000000
 4.0 0.000000
 4.1 0.000000
 4.2 0.000000
 4.3 0.000000
 4.4 0.000000
 4.5 0.000000
 4.6 0.000000
 4.7 0.000000

