ATOMS
N 30.316 24.264 33.069
O 31.374 25.025 35.486

N 32.479 26.751 34.577
O 31.455 29.232 36.023

N 31.750 27.845 37.762
O 32.571 28.101 40.441

N 31.834 30.205 40.293
O 30.730 31.670 42.474

N 31.989 30.315 43.699
O 32.574 32.303 45.666

N 30.356 32.702 45.581
O 30.462 34.909 48.385

N 28.957 33.353 47.889
O 27.783 31.042 48.763

N 27.889 31.697 50.908
O 27.137 31.226 53.575

N 26.152 29.342 52.891
O 25.892 26.732 53.722

N 36.824 28.529 51.883
O 38.013 27.874 49.634

N 37.854 29.951 48.722
O 38.423 27.782 45.938

N 36.471 28.626 46.737
O 34.554 28.948 44.458

N 35.574 27.009 43.844
O 35.664 24.694 42.051

N 33.695 25.544 41.412
O 33.124 25.395 38.708

N 33.328 23.171 38.723
O 32.560 20.739 37.296

N 31.241 22.365 36.446
O 30.842 21.672 33.772

N 29.927 19.734 34.472
O 28.529 17.373 33.838

N 28.725 17.775 31.666

N 25.592 14.286 34.571
O 27.030 14.201 36.962

N 28.499 15.626 36.082
O 29.455 17.911 36.920

N 30.849 17.052 38.400
O 32.925 16.941 40.040

N 33.562 19.030 39.527
O 34.135 21.250 40.680

N 34.984 20.199 42.478
O 37.084 20.529 44.136

N 36.911 22.730 43.897
O 36.996 24.736 45.584

N 38.614 23.801 46.784
O 39.906 23.421 49.073

N 39.479 25.424 49.939
O 38.489 25.374 52.532

N 39.948 23.717 52.960
O 41.408 22.859 55.205

N 39.818 23.511 56.602
O 39.403 22.002 59.226

N 41.294 21.097 58.325
O 42.397 20.821 60.799

N 45.319 21.524 59.292
O 44.008 22.969 57.452

N 45.749 22.828 56.032
O 45.992 23.633 52.808

N 44.524 22.076 53.580
O 42.353 22.612 51.713

N 43.922 22.172 50.132
O 43.339 20.454 48.120

N 41.273 21.072 48.859
O 39.736 20.878 46.507

N 40.404 18.699 46.388
O 39.081 16.258 45.443

N 37.677 17.942 45.062
O 35.964 17.604 42.806

N 35.332 15.618 43.752
O 33.049 14.035 44.088

N 32.206 15.156 42.284
O 30.385 14.823 40.096

N 29.483 13.106 41.234
O 26.885 12.508 41.727

N 26.292 13.163 39.650
O 23.964 12.274 37.969

N 23.022 11.982 40.034
O 20.231 12.676 40.424

N 19.985 11.779 38.393
O 17.468 10.622 39.034

N 16.517 18.722 40.771
O 17.192 15.866 41.021

N 18.917 16.687 42.197
O 20.037 15.457 44.401

N 20.795 13.729 43.245
O 23.238 12.830 42.804

N 23.774 13.590 44.843
O 26.131 13.089 46.544

N 26.771 12.030 44.698
O 29.501 12.416 44.213

N 29.818 12.171 46.394
O 31.848 11.569 48.066

N 33.353 12.588 46.705
O 35.648 13.715 45.932

N 36.798 12.903 47.704
O 38.841 11.751 46.684

N 30.482 11.293 50.688
O 28.566 11.152 48.779

N 26.874 11.413 50.276
O 24.324 12.353 50.945

N 24.623 13.599 49.088
O 22.984 14.712 47.185

N 21.598 15.617 48.654
O 22.108 18.134 47.744

N 21.201 17.688 45.750
O 20.310 19.069 43.167

N 20.016 20.582 44.796
O 20.106 23.343 44.242

N 19.096 22.849 42.278
O 17.026 24.646 41.256

N 18.122 25.719 42.848
O 15.499 27.726 41.708

N 17.697 28.206 41.586
O 19.979 29.254 40.471

N 18.900 29.710 38.606

N 24.360 33.783 37.443
O 22.683 31.664 38.025

N 23.813 31.292 40.009
O 23.705 30.675 42.714

N 21.885 29.403 42.391
O 20.587 26.999 43.255

N 22.248 27.056 44.718
O 21.760 26.515 47.329

N 21.081 24.426 46.933
O 20.358 21.782 47.583

N 21.002 22.248 49.694
O 21.024 21.566 52.411

N 19.470 20.072 51.841
O 19.326 17.414 52.798

N 20.471 18.356 54.511
O 20.303 15.153 56.086

N 19.310 17.125 56.609
O 17.352 18.686 57.951

N 16.152 16.739 57.885
O 14.593 16.148 60.137

N 14.163 22.087 57.465
O 16.407 23.028 58.911

N 16.751 20.821 59.299
O 19.777 21.221 61.266

N 19.492 20.859 59.108
O 20.681 20.189 56.525

N 21.252 22.334 56.772
O 23.331 23.813 55.954

N 22.967 23.374 53.753
O 22.736 24.273 51.215

N 23.979 26.075 51.542
O 25.536 27.984 50.356

N 24.806 27.482 48.331
O 24.200 28.869 46.031

N 25.824 30.374 46.550
O 27.745 31.818 45.005

N 26.474 30.927 43.423
O 26.312 32.721 41.205

N 28.496 32.477 40.854
O 30.433 32.303 38.893

N 29.160 33.497 37.542
O 32.337 33.543 35.880

EDGES
1 3 3.624611
1 31 3.983209
1 32 2.736667
2 3 2.241959
2 4 4.241907
2 5 3.643344
2 28 3.685198
2 29 4.211128
2 31 2.831058
2 32 3.803082
3 5 3.445650
3 28 4.395443
4 5 2.243862
4 6 4.695034
4 7 4.395824
4 160 4.325786
4 162 4.402624
5 7 3.461592
5 28 2.963999
6 7 2.234254
6 8 4.501126
6 9 3.981844
6 24 4.559165
6 25 4.668070
6 27 2.957104
6 28 3.260603
7 9 3.411299
7 159 4.076635
7 160 2.885204
8 9 2.218497
8 10 3.740306
8 11 3.295201
8 156 3.916387
8 157 4.423368
8 159 2.875136
8 160 3.648624
9 11 3.450563
9 24 3.003997
9 156 4.687876
10 11 2.255205
10 12 4.317956
10 13 4.373433
10 24 4.078687
11 13 2.776304
11 14 4.416000
11 156 2.816124
12 13 2.220851
13 15 3.605180
13 155 4.525820
13 156 3.484627
14 15 2.245281
14 152 4.115583
14 153 4.660767
14 155 3.030062
14 156 3.837471
15 17 3.534895
15 152 4.430314
16 17 2.233279
16 18 4.665584
17 151 4.149099
17 152 2.941062
18 148 4.478963
18 149 4.453398
18 151 2.973822
18 152 3.608905
19 21 3.615924
19 51 4.524288
19 52 3.625941
20 21 2.273973
20 22 3.719809
20 23 3.366879
20 51 2.871355
20 52 3.856810
21 23 2.758358
22 23 2.271792
22 24 4.303384
22 25 3.619277
22 48 3.382272
22 49 4.074378
23 25 3.433474
23 48 4.091104
24 25 2.275328
24 27 4.647926
25 27 3.404628
25 47 4.483327
25 48 3.196281
26 27 2.237807
26 28 4.256601
26 29 4.341890
26 44 4.009815
26 45 4.566153
26 47 2.969852
26 48 3.775987
27 29 3.605071
27 44 4.378111
28 29 2.233387
28 31 4.224125
29 31 3.192168
29 43 4.224814
29 44 2.858555
30 31 2.259676
30 32 4.029961
30 33 3.989698
30 40 4.216632
30 41 4.211924
30 42 4.699741
30 43 2.983630
30 44 3.767387
31 33 3.541953
32 33 2.254566
33 35 3.627137
33 39 4.637558
33 40 3.088498
34 35 2.217567
34 37 4.323520
34 38 4.697655
34 39 2.844019
34 40 3.262766
37 39 3.539685
37 80 4.271409
38 39 2.227776
38 40 4.432436
38 76 4.633019
38 79 2.974463
38 80 3.758688
39 41 3.595706
39 76 4.507106
40 41 2.207151
40 76 4.526325
41 43 3.541607
41 75 4.530091
41 76 2.839041
42 43 2.243403
42 44 4.521192
42 45 4.560470
42 72 4.162433
42 73 4.617675
42 75 2.956133
42 76 3.307667
43 45 3.478081
43 72 4.307542
44 45 2.249046
44 46 4.600041
44 47 4.499518
44 72 4.599830
45 47 3.483224
45 71 4.361577
45 72 2.793208
46 47 2.220687
46 48 4.450090
46 49 4.478704
46 68 3.574429
46 69 4.409400
46 71 2.810995
46 72 3.402782
47 49 3.518809
47 68 4.268797
48 49 2.220844
49 51 3.651901
49 67 4.338588
49 68 3.143174
50 51 2.223577
50 52 4.217437
50 53 3.898480
50 64 3.689429
50 65 4.337019
50 66 4.636463
50 67 2.726222
50 68 3.616643
51 53 3.501464
51 64 4.394803
52 53 2.248892
52 54 4.689426
52 55 4.669252
53 55 3.650137
53 64 2.925758
54 55 2.214681
54 56 4.574157
54 57 3.584974
54 60 3.438184
54 61 4.419182
54 63 3.600440
54 64 3.626031
55 57 3.312809
55 60 4.309567
56 57 2.281821
56 58 3.582335
57 59 4.161495
57 60 3.410617
58 59 3.362044
58 60 4.290878
59 61 3.537360
60 61 2.251080
60 63 4.007005
61 63 2.842258
62 63 2.274919
62 64 3.934944
62 65 3.685159
63 65 3.501475
64 65 2.270445
64 66 4.305672
64 67 3.418087
65 67 3.138109
66 67 2.279562
66 68 3.970284
66 69 3.833285
67 69 3.534421
68 69 2.282198
68 71 3.866213
69 71 3.125357
70 71 2.225361
70 72 4.298974
70 73 4.162221
70 98 4.300170
70 99 4.645453
70 100 4.680890
71 73 3.551915
72 73 2.288785
72 75 4.515280
73 75 3.484300
73 97 4.670926
73 98 2.910956
74 75 2.285105
74 77 4.660978
74 94 3.901934
74 95 4.385373
74 97 3.005813
74 98 3.202739
75 77 3.566473
75 94 4.306468
76 77 2.248719
76 78 4.502153
76 79 4.439275
77 79 3.562974
77 93 4.529019
77 94 3.057918
78 79 2.257123
78 81 4.250376
78 90 3.816310
78 91 4.534148
78 93 3.011365
78 94 3.610002
79 81 3.497873
79 90 4.402899
80 81 2.288417
80 82 4.485969
80 83 4.032027
81 83 3.457956
81 89 4.280427
81 90 2.904937
82 83 2.233850
82 84 3.712841
82 86 4.446125
82 87 4.578018
82 89 3.063486
82 90 3.837990
85 87 3.454664
85 110 4.499786
86 87 2.243355
86 88 4.436858
87 89 3.657178
87 109 4.340791
87 110 2.924940
88 89 2.212890
88 90 4.438236
88 91 4.200741
88 106 4.121952
88 107 4.533247
88 109 2.855181
88 110 3.826726
89 91 3.383396
89 106 4.613200
90 91 2.241075
90 93 4.087704
91 93 3.381809
91 105 4.329077
91 106 2.714396
92 93 2.222340
92 94 4.152516
92 95 3.802525
92 102 3.830981
92 103 4.157986
92 105 3.001016
92 106 3.598419
93 95 3.490058
93 102 4.543949
94 95 2.217493
94 96 4.590362
94 97 4.591030
95 97 3.573071
95 101 4.432856
95 102 2.879946
96 97 2.270618
96 101 2.969346
96 102 3.384344
97 99 3.600729
98 99 2.263146
98 100 3.823356
101 103 3.633429
102 103 2.274202
102 105 4.650864
103 105 3.355137
104 105 2.256184
104 106 4.636602
105 107 3.662145
106 107 2.213138
106 108 3.576303
106 109 3.754316
107 109 3.588853
108 109 2.235531
108 111 4.365761
108 130 4.049238
108 131 4.685161
109 111 3.269492
109 130 4.564140
110 111 2.242598
110 112 4.411838
110 113 4.068478
111 113 3.510842
111 129 4.525188
111 130 3.053577
112 113 2.263058
112 114 4.483348
112 115 3.394830
112 126 3.817311
112 127 4.312900
112 129 3.060228
112 130 3.696283
113 115 3.083906
113 126 4.516648
114 115 2.210658
114 116 3.467338
114 117 3.637683
115 117 2.821070
115 118 4.647021
115 126 2.807183
116 117 2.253106
117 119 3.548186
117 125 4.429467
117 126 3.548874
118 119 2.202363
118 122 4.370656
118 123 4.366514
118 124 4.575300
118 125 2.709509
118 126 3.633916
119 122 4.297298
121 123 3.617823
121 158 4.369301
122 123 2.313340
123 125 3.599921
123 157 4.343909
123 158 3.117284
124 125 2.243817
124 127 4.385889
124 154 3.809088
124 155 4.392682
124 157 2.869416
124 158 3.641380
125 127 3.324922
125 154 4.346721
126 127 2.214168
126 128 4.267044
126 129 4.515756
127 129 3.631117
127 153 4.447315
127 154 2.970058
128 129 2.231990
128 150 4.591311
128 153 3.349210
128 154 3.630388
129 131 3.517534
129 150 4.593251
130 131 2.255707
130 133 4.673672
131 133 3.419299
131 149 4.648073
131 150 3.069336
132 133 2.229765
132 134 4.502452
132 135 3.875553
132 146 4.351870
132 147 4.433974
132 149 2.974067
132 150 3.418949
133 135 3.327996
134 135 2.265559
134 136 4.108235
134 137 3.821976
135 137 2.695345
135 138 4.655176
135 146 2.731334
135 147 4.641828
136 137 2.269000
137 139 3.427847
137 145 4.496763
137 146 3.357796
138 139 2.288048
138 140 4.339599
138 141 4.687507
138 142 4.546162
138 143 2.595483
138 145 3.261929
138 146 3.921062
139 143 4.361298
141 143 3.415268
142 143 2.267097
142 144 4.490899
142 145 3.776320
143 145 2.747909
144 145 2.206634
145 147 3.275686
146 147 2.233400
146 148 4.525695
147 149 3.624526
148 149 2.273679
149 151 3.634290
150 151 2.213410
151 153 3.601958
152 153 2.210323
152 154 4.612347
152 155 4.503408
153 155 3.545694
154 155 2.274151
154 157 4.025929
155 157 3.241364
156 157 2.216314
156 158 4.160396
156 159 4.269553
157 159 3.618113
158 159 2.225442
159 161 3.528546
160 161 2.207117
160 162 3.773723

RESIDUES
ALA 22
 0.0 2.000000
 0.1 2.000000
 0.2 2.000000
 0.3 2.000000
 0.4 2.000000
 0.5 2.000000
 0.6 2.000000
 0.7 2.000000
 0.8 2.000000
 0.9 2.000000
 1.0 2.000000
 1.1 2.000000
 1.2 2.000000
 1.3 2.000000
 1.4 2.000000
 1.5 2.000000
 1.6 2.000000
 1.7 2.000000
 1.8 2.000000
 1.9 2.000000
 2.0 1.819298
 2.1 1.729645
 2.2 1.729167
 2.3 1.728690
 2.4 1.724033
 2.5 1.559748
 2.6 1.027638
 2.7 0.820122
 2.8 0.731278
 2.9 0.681992
 3.0 0.587902
 3.1 0.507634
 3.2 0.500000
 3.3 0.500000
 3.4 0.434554
 3.5 0.345878
 3.6 0.182880
 3.7 0.018874
 3.8 -0.274550
 3.9 -0.793502
 4.0 -1.055228
 4.1 -1.197214
 4.2 -1.237845
 4.3 -1.223421
 4.4 -1.201637
 4.5 -1.192797
 4.6 -1.179512
 4.7 -1.167000

ALA 23
 0.0 2.000000
 0.1 2.000000
 0.2 2.000000
 0.3 2.000000
 0.4 2.000000
 0.5 2.000000
 0.6 2.000000
 0.7 2.000000
 0.8 2.000000
 0.9 2.000000
 1.0 2.000000
 1.1 2.000000
 1.2 2.000000
 1.3 2.000000
 1.4 2.000000
 1.5 2.000000
 1.6 2.000000
 1.7 2.000000
 1.8 2.000000
 1.9 2.000000
 2.0 1.659649
 2.1 1.480167
 2.2 1.479167
 2.3 1.478170
 2.4 1.468432
 2.5 1.204403
 2.6 1.000000
 2.7 1.000000
 2.8 1.000000
 2.9 1.000000
 3.0 1.000000
 3.1 1.000000
 3.2 0.964223
 3.3 0.814286
 3.4 0.642977
 3.5 0.571531
 3.6 0.492837
 3.7 0.394894
 3.8 0.345117
 3.9 0.318155
 4.0 0.321673
 4.1 0.191436
 4.2 -0.001807
 4.3 -0.138314
 4.4 -0.239347
 4.5 -0.316972
 4.6 -0.402163
 4.7 -0.424568

ALA 24
 0.0 2.000000
 0.1 2.000000
 0.2 2.000000
 0.3 2.000000
 0.4 2.000000
 0.5 2.000000
 0.6 2.000000
 0.7 2.000000
 0.8 2.000000
 0.9 2.000000
 1.0 2.000000
 1.1 2.000000
 1.2 2.000000
 1.3 2.000000
 1.4 2.000000
 1.5 2.000000
 1.6 2.000000
 1.7 2.000000
 1.8 2.000000
 1.9 2.000000
 2.0 1.612281
 2.1 1.438413
 2.2 1.437500
 2.3 1.436590
 2.4 1.427699
 2.5 1.177673
 2.6 1.000000
 2.7 0.940549
 2.8 0.715859
 2.9 0.603448
 3.0 0.468809
 3.1 0.152672
 3.2 -0.282723
 3.3 -0.737594
 3.4 -1.078869
 3.5 -1.189127
 3.6 -1.285302
 3.7 -1.420170
 3.8 -1.447352
 3.9 -1.422966
 4.0 -1.406838
 4.1 -1.335560
 4.2 -1.207728
 4.3 -1.099478
 4.4 -1.041130
 4.5 -0.986875
 4.6 -0.935609
 4.7 -0.920653

ALA 25
 0.0 2.000000
 0.1 2.000000
 0.2 2.000000
 0.3 2.000000
 0.4 2.000000
 0.5 2.000000
 0.6 2.000000
 0.7 2.000000
 0.8 2.000000
 0.9 2.000000
 1.0 2.000000
 1.1 2.000000
 1.2 2.000000
 1.3 2.000000
 1.4 2.000000
 1.5 2.000000
 1.6 2.000000
 1.7 2.000000
 1.8 2.000000
 1.9 2.000000
 2.0 1.419298
 2.1 1.281837
 2.2 1.281250
 2.3 1.280665
 2.4 1.274949
 2.5 1.091195
 2.6 0.974874
 2.7 0.731707
 2.8 0.528634
 2.9 0.440613
 3.0 0.326087
 3.1 0.043893
 3.2 -0.309503
 3.3 -0.633953
 3.4 -0.897483
 3.5 -1.044626
 3.6 -1.233161
 3.7 -1.396836
 3.8 -1.523040
 3.9 -1.788785
 4.0 -1.932551
 4.1 -1.931073
 4.2 -1.887262
 4.3 -1.892371
 4.4 -1.883040
 4.5 -1.849699
 4.6 -1.838936
 4.7 -1.864477

ALA 26
 0.0 2.000000
 0.1 2.000000
 0.2 2.000000
 0.3 2.000000
 0.4 2.000000
 0.5 2.000000
 0.6 2.000000
 0.7 2.000000
 0.8 2.000000
 0.9 2.000000
 1.0 2.000000
 1.1 2.000000
 1.2 2.000000
 1.3 2.000000
 1.4 2.000000
 1.5 2.000000
 1.6 2.000000
 1.7 2.000000
 1.8 2.000000
 1.9 2.000000
 2.0 1.536842
 2.1 1.396660
 2.2 1.395833
 2.3 1.395010
 2.4 1.386965
 2.5 1.176101
 2.6 1.000000
 2.7 1.000000
 2.8 0.929515
 2.9 0.863985
 3.0 0.805293
 3.1 0.698473
 3.2 0.467984
 3.3 0.202889
 3.4 0.044911
 3.5 -0.016963
 3.6 -0.115648
 3.7 -0.208701
 3.8 -0.265850
 3.9 -0.427973
 4.0 -0.613033
 4.1 -0.889624
 4.2 -1.104666
 4.3 -1.154832
 4.4 -1.100348
 4.5 -1.062275
 4.6 -1.029907
 4.7 -0.878775

ALA 27
 0.0 2.000000
 0.1 2.000000
 0.2 2.000000
 0.3 2.000000
 0.4 2.000000
 0.5 2.000000
 0.6 2.000000
 0.7 2.000000
 0.8 2.000000
 0.9 2.000000
 1.0 2.000000
 1.1 2.000000
 1.2 2.000000
 1.3 2.000000
 1.4 2.000000
 1.5 2.000000
 1.6 2.000000
 1.7 2.000000
 1.8 2.000000
 1.9 2.000000
 2.0 1.552632
 2.1 1.407098
 2.2 1.406250
 2.3 1.405405
 2.4 1.397149
 2.5 1.172956
 2.6 0.560302
 2.7 0.335366
 2.8 0.242291
 2.9 0.191571
 3.0 0.082231
 3.1 -0.069656
 3.2 -0.233290
 3.3 -0.339310
 3.4 -0.368982
 3.5 -0.378792
 3.6 -0.335020
 3.7 -0.253968
 3.8 -0.126397
 3.9 0.066152
 4.0 0.213120
 4.1 0.226136
 4.2 0.249136
 4.3 0.263190
 4.4 0.270455
 4.5 0.274814
 4.6 0.305238
 4.7 0.340322

ALA 28
 0.0 2.000000
 0.1 2.000000
 0.2 2.000000
 0.3 2.000000
 0.4 2.000000
 0.5 2.000000
 0.6 2.000000
 0.7 2.000000
 0.8 2.000000
 0.9 2.000000
 1.0 2.000000
 1.1 2.000000
 1.2 2.000000
 1.3 2.000000
 1.4 2.000000
 1.5 2.000000
 1.6 2.000000
 1.7 2.000000
 1.8 2.000000
 1.9 2.000000
 2.0 1.514035
 2.1 1.365344
 2.2 1.364583
 2.3 1.363825
 2.4 1.356415
 2.5 1.138365
 2.6 0.731156
 2.7 0.637195
 2.8 0.560573
 2.9 0.469349
 3.0 0.357278
 3.1 0.227099
 3.2 0.089293
 3.3 -0.035668
 3.4 -0.182315
 3.5 -0.257957
 3.6 -0.355971
 3.7 -0.497356
 3.8 -0.691590
 3.9 -0.970030
 4.0 -1.200913
 4.1 -1.453184
 4.2 -1.517847
 4.3 -1.495847
 4.4 -1.510960
 4.5 -1.501630
 4.6 -1.459773
 4.7 -1.426675

ALA 29
 0.0 2.000000
 0.1 2.000000
 0.2 2.000000
 0.3 2.000000
 0.4 2.000000
 0.5 2.000000
 0.6 2.000000
 0.7 2.000000
 0.8 2.000000
 0.9 2.000000
 1.0 2.000000
 1.1 2.000000
 1.2 2.000000
 1.3 2.000000
 1.4 2.000000
 1.5 2.000000
 1.6 2.000000
 1.7 2.000000
 1.8 2.000000
 1.9 2.000000
 2.0 1.610526
 2.1 1.438413
 2.2 1.437500
 2.3 1.436590
 2.4 1.427699
 2.5 1.179245
 2.6 1.000000
 2.7 1.000000
 2.8 1.000000
 2.9 1.000000
 3.0 1.000000
 3.1 1.000000
 3.2 1.000000
 3.3 0.943609
 3.4 0.692953
 3.5 0.582027
 3.6 0.456566
 3.7 0.306077
 3.8 0.114124
 3.9 0.001684
 4.0 0.000000
 4.1 0.000000
 4.2 0.015751
 4.3 0.054553
 4.4 0.069894
 4.5 0.049062
 4.6 0.062176
 4.7 0.072261

ALA 30
 0.0 2.000000
 0.1 2.000000
 0.2 2.000000
 0.3 2.000000
 0.4 2.000000
 0.5 2.000000
 0.6 2.000000
 0.7 2.000000
 0.8 2.000000
 0.9 2.000000
 1.0 2.000000
 1.1 2.000000
 1.2 2.000000
 1.3 2.000000
 1.4 2.000000
 1.5 2.000000
 1.6 2.000000
 1.7 2.000000
 1.8 2.000000
 1.9 2.000000
 2.0 1.759649
 2.1 1.677453
 2.2 1.677083
 2.3 1.676715
 2.4 1.673116
 2.5 1.561321
 2.6 1.500000
 2.7 1.442073
 2.8 1.226872
 2.9 1.113027
 3.0 0.997164
 3.1 0.782443
 3.2 0.548866
 3.3 0.443609
 3.4 0.198546
 3.5 0.087252
 3.6 -0.038384
 3.7 -0.188398
 3.8 -0.379571
 3.9 -0.521886
 4.0 -0.632174
 4.1 -0.791429
 4.2 -0.863098
 4.3 -0.920514
 4.4 -0.979416
 4.5 -1.021516
 4.6 -1.026582
 4.7 -1.068416

ALA 39
 0.0 2.000000
 0.1 2.000000
 0.2 2.000000
 0.3 2.000000
 0.4 2.000000
 0.5 2.000000
 0.6 2.000000
 0.7 2.000000
 0.8 2.000000
 0.9 2.000000
 1.0 2.000000
 1.1 2.000000
 1.2 2.000000
 1.3 2.000000
 1.4 2.000000
 1.5 2.000000
 1.6 2.000000
 1.7 2.000000
 1.8 2.000000
 1.9 2.000000
 2.0 1.970175
 2.1 1.917537
 2.2 1.916667
 2.3 1.915800
 2.4 1.907332
 2.5 1.770440
 2.6 1.472362
 2.7 1.335366
 2.8 1.242291
 2.9 1.201149
 3.0 1.144612
 3.1 1.039433
 3.2 0.950745
 3.3 0.902814
 3.4 0.738367
 3.5 0.599006
 3.6 0.421175
 3.7 0.221776
 3.8 -0.080942
 3.9 -0.531505
 4.0 -0.699379
 4.1 -0.810857
 4.2 -0.833000
 4.3 -0.879667
 4.4 -0.970887
 4.5 -1.027187
 4.6 -1.077161
 4.7 -1.182544

ALA 40
 0.0 2.000000
 0.1 2.000000
 0.2 2.000000
 0.3 2.000000
 0.4 2.000000
 0.5 2.000000
 0.6 2.000000
 0.7 2.000000
 0.8 2.000000
 0.9 2.000000
 1.0 2.000000
 1.1 2.000000
 1.2 2.000000
 1.3 2.000000
 1.4 2.000000
 1.5 2.000000
 1.6 2.000000
 1.7 2.000000
 1.8 2.000000
 1.9 2.000000
 2.0 1.935088
 2.1 1.824635
 2.2 1.822917
 2.3 1.821206
 2.4 1.804481
 2.5 1.514151
 2.6 0.706030
 2.7 0.621951
 2.8 0.588106
 2.9 0.567050
 3.0 0.517958
 3.1 0.500311
 3.2 0.459471
 3.3 0.410332
 3.4 0.318013
 3.5 0.257532
 3.6 0.172304
 3.7 0.097530
 3.8 -0.003091
 3.9 -0.153177
 4.0 -0.205751
 4.1 -0.269743
 4.2 -0.327705
 4.3 -0.364144
 4.4 -0.385006
 4.5 -0.402087
 4.6 -0.417000
 4.7 -0.417000

ALA 41
 0.0 2.000000
 0.1 2.000000
 0.2 2.000000
 0.3 2.000000
 0.4 2.000000
 0.5 2.000000
 0.6 2.000000
 0.7 2.000000
 0.8 2.000000
 0.9 2.000000
 1.0 2.000000
 1.1 2.000000
 1.2 2.000000
 1.3 2.000000
 1.4 2.000000
 1.5 2.000000
 1.6 2.000000
 1.7 2.000000
 1.8 2.000000
 1.9 2.000000
 2.0 1.940351
 2.1 1.835073
 2.2 1.833333
 2.3 1.831601
 2.4 1.814664
 2.5 1.526730
 2.6 0.706030
 2.7 0.621951
 2.8 0.517621
 2.9 0.431034
 3.0 0.323251
 3.1 0.194968
 3.2 -0.032675
 3.3 -0.297186
 3.4 -0.413302
 3.5 -0.417761
 3.6 -0.403160
 3.7 -0.392170
 3.8 -0.278805
 3.9 -0.153949
 4.0 -0.213221
 4.1 -0.427486
 4.2 -0.576977
 4.3 -0.677907
 4.4 -0.742372
 4.5 -0.756600
 4.6 -0.777197
 4.7 -0.788936

ALA 42
 0.0 2.000000
 0.1 2.000000
 0.2 2.000000
 0.3 2.000000
 0.4 2.000000
 0.5 2.000000
 0.6 2.000000
 0.7 2.000000
 0.8 2.000000
 0.9 2.000000
 1.0 2.000000
 1.1 2.000000
 1.2 2.000000
 1.3 2.000000
 1.4 2.000000
 1.5 2.000000
 1.6 2.000000
 1.7 2.000000
 1.8 2.000000
 1.9 2.000000
 2.0 1.771930
 2.1 1.636743
 2.2 1.635417
 2.3 1.634096
 2.4 1.621181
 2.5 1.363208
 2.6 1.000000
 2.7 0.986280
 2.8 0.885463
 2.9 0.824713
 3.0 0.724008
 3.1 0.511450
 3.2 0.095986
 3.3 -0.365414
 3.4 -0.647982
 3.5 -0.728584
 3.6 -0.875969
 3.7 -1.018982
 3.8 -1.108317
 3.9 -1.316769
 4.0 -1.552242
 4.1 -1.739489
 4.2 -1.679923
 4.3 -1.649460
 4.4 -1.607868
 4.5 -1.558243
 4.6 -1.462936
 4.7 -1.477860

ALA 43
 0.0 2.000000
 0.1 2.000000
 0.2 2.000000
 0.3 2.000000
 0.4 2.000000
 0.5 2.000000
 0.6 2.000000
 0.7 2.000000
 0.8 2.000000
 0.9 2.000000
 1.0 2.000000
 1.1 2.000000
 1.2 2.000000
 1.3 2.000000
 1.4 2.000000
 1.5 2.000000
 1.6 2.000000
 1.7 2.000000
 1.8 2.000000
 1.9 2.000000
 2.0 1.556140
 2.1 1.386221
 2.2 1.385417
 2.3 1.384615
 2.4 1.376782
 2.5 1.141509
 2.6 1.000000
 2.7 0.940549
 2.8 0.715859
 2.9 0.603448
 3.0 0.468809
 3.1 0.152672
 3.2 -0.324607
 3.3 -0.642105
 3.4 -0.923194
 3.5 -1.063767
 3.6 -1.210678
 3.7 -1.344310
 3.8 -1.480204
 3.9 -1.642825
 4.0 -1.650882
 4.1 -1.679321
 4.2 -1.595125
 4.3 -1.543190
 4.4 -1.497749
 4.5 -1.457789
 4.6 -1.381015
 4.7 -1.362517

ALA 44
 0.0 2.000000
 0.1 2.000000
 0.2 2.000000
 0.3 2.000000
 0.4 2.000000
 0.5 2.000000
 0.6 2.000000
 0.7 2.000000
 0.8 2.000000
 0.9 2.000000
 1.0 2.000000
 1.1 2.000000
 1.2 2.000000
 1.3 2.000000
 1.4 2.000000
 1.5 2.000000
 1.6 2.000000
 1.7 2.000000
 1.8 2.000000
 1.9 2.000000
 2.0 1.675439
 2.1 1.511482
 2.2 1.510417
 2.3 1.509356
 2.4 1.498982
 2.5 1.242138
 2.6 0.949749
 2.7 0.801829
 2.8 0.627753
 2.9 0.524904
 3.0 0.359168
 3.1 0.051527
 3.2 -0.256545
 3.3 -0.426316
 3.4 -0.586689
 3.5 -0.659352
 3.6 -0.785859
 3.7 -0.912339
 3.8 -1.124003
 3.9 -1.458414
 4.0 -1.663478
 4.1 -1.815477
 4.2 -1.770424
 4.3 -1.712353
 4.4 -1.659655
 4.5 -1.618765
 4.6 -1.525624
 4.7 -1.497477

ALA 45
 0.0 2.000000
 0.1 2.000000
 0.2 2.000000
 0.3 2.000000
 0.4 2.000000
 0.5 2.000000
 0.6 2.000000
 0.7 2.000000
 0.8 2.000000
 0.9 2.000000
 1.0 2.000000
 1.1 2.000000
 1.2 2.000000
 1.3 2.000000
 1.4 2.000000
 1.5 2.000000
 1.6 2.000000
 1.7 2.000000
 1.8 2.000000
 1.9 2.000000
 2.0 1.805263
 2.1 1.636743
 2.2 1.635417
 2.3 1.634096
 2.4 1.621181
 2.5 1.298742
 2.6 0.527638
 2.7 0.320122
 2.8 0.231278
 2.9 0.180077
 3.0 0.034972
 3.1 -0.150763
 3.2 -0.304538
 3.3 -0.466917
 3.4 -0.687919
 3.5 -0.748171
 3.6 -0.861616
 3.7 -0.996317
 3.8 -1.200342
 3.9 -1.443508
 4.0 -1.601322
 4.1 -1.644303
 4.2 -1.640565
 4.3 -1.620567
 4.4 -1.593218
 4.5 -1.583786
 4.6 -1.584000
 4.7 -1.584000

ALA 46
 0.0 2.000000
 0.1 2.000000
 0.2 2.000000
 0.3 2.000000
 0.4 2.000000
 0.5 2.000000
 0.6 2.000000
 0.7 2.000000
 0.8 2.000000
 0.9 2.000000
 1.0 2.000000
 1.1 2.000000
 1.2 2.000000
 1.3 2.000000
 1.4 2.000000
 1.5 2.000000
 1.6 2.000000
 1.7 2.000000
 1.8 2.000000
 1.9 2.000000
 2.0 1.536842
 2.1 1.396660
 2.2 1.395833
 2.3 1.395010
 2.4 1.386965
 2.5 1.176101
 2.6 0.922111
 2.7 0.774390
 2.8 0.696035
 2.9 0.622605
 3.0 0.495274
 3.1 0.212786
 3.2 -0.100349
 3.3 -0.384962
 3.4 -0.703020
 3.5 -0.844828
 3.6 -0.982828
 3.7 -1.127809
 3.8 -1.321985
 3.9 -1.454205
 4.0 -1.395555
 4.1 -1.258543
 4.2 -1.202165
 4.3 -1.164754
 4.4 -1.178496
 4.5 -1.226761
 4.6 -1.268193
 4.7 -1.313900

ALA 47
 0.0 1.000000
 0.1 1.000000
 0.2 1.000000
 0.3 1.000000
 0.4 1.000000
 0.5 1.000000
 0.6 1.000000
 0.7 1.000000
 0.8 1.000000
 0.9 1.000000
 1.0 1.000000
 1.1 1.000000
 1.2 1.000000
 1.3 1.000000
 1.4 1.000000
 1.5 1.000000
 1.6 1.000000
 1.7 1.000000
 1.8 1.000000
 1.9 1.000000
 2.0 0.647368
 2.1 0.593946
 2.2 0.593750
 2.3 0.593555
 2.4 0.591650
 2.5 0.523585
 2.6 0.500000
 2.7 0.500000
 2.8 0.500000
 2.9 0.500000
 3.0 0.500000
 3.1 0.500000
 3.2 0.500000
 3.3 0.500000
 3.4 0.451342
 3.5 0.392894
 3.6 0.326768
 3.7 0.260773
 3.8 0.162043
 3.9 0.015993
 4.0 0.000000
 4.1 0.000000
 4.2 0.000000
 4.3 0.000000
 4.4 0.000000
 4.5 0.000000
 4.6 0.000000
 4.7 0.000000

ALA 53
 0.0 2.000000
 0.1 2.000000
 0.2 2.000000
 0.3 2.000000
 0.4 2.000000
 0.5 2.000000
 0.6 2.000000
 0.7 2.000000
 0.8 2.000000
 0.9 2.000000
 1.0 2.000000
 1.1 2.000000
 1.2 2.000000
 1.3 2.000000
 1.4 2.000000
 1.5 2.000000
 1.6 2.000000
 1.7 2.000000
 1.8 2.000000
 1.9 2.000000
 2.0 1.719298
 2.1 1.646138
 2.2 1.645833
 2.3 1.645530
 2.4 1.642566
 2.5 1.545597
 2.6 1.500000
 2.7 1.492378
 2.8 1.396476
 2.9 1.335249
 3.0 1.276938
 3.1 1.169847
 3.2 1.041012
 3.3 0.954135
 3.4 0.798658
 3.5 0.738767
 3.6 0.613131
 3.7 0.477348
 3.8 0.302018
 3.9 0.124579
 4.0 0.003478
 4.1 -0.189100
 4.2 -0.403366
 4.3 -0.630525
 4.4 -0.756838
 4.5 -0.817607
 4.6 -0.911505
 4.7 -0.974234

ALA 54
 0.0 2.000000
 0.1 2.000000
 0.2 2.000000
 0.3 2.000000
 0.4 2.000000
 0.5 2.000000
 0.6 2.000000
 0.7 2.000000
 0.8 2.000000
 0.9 2.000000
 1.0 2.000000
 1.1 2.000000
 1.2 2.000000
 1.3 2.000000
 1.4 2.000000
 1.5 2.000000
 1.6 2.000000
 1.7 2.000000
 1.8 2.000000
 1.9 2.000000
 2.0 1.236842
 2.1 1.156576
 2.2 1.156250
 2.3 1.155925
 2.4 1.152749
 2.5 1.047170
 2.6 0.922111
 2.7 0.774390
 2.8 0.696035
 2.9 0.622605
 3.0 0.495274
 3.1 0.212786
 3.2 -0.100349
 3.3 -0.391729
 3.4 -0.782998
 3.5 -0.923197
 3.6 -1.058586
 3.7 -1.210497
 3.8 -1.412358
 3.9 -1.500000
 4.0 -1.481412
 4.1 -1.371806
 4.2 -1.283443
 4.3 -1.349869
 4.4 -1.405509
 4.5 -1.419320
 4.6 -1.471639
 4.7 -1.626322

ALA 55
 0.0 2.000000
 0.1 2.000000
 0.2 2.000000
 0.3 2.000000
 0.4 2.000000
 0.5 2.000000
 0.6 2.000000
 0.7 2.000000
 0.8 2.000000
 0.9 2.000000
 1.0 2.000000
 1.1 2.000000
 1.2 2.000000
 1.3 2.000000
 1.4 2.000000
 1.5 2.000000
 1.6 2.000000
 1.7 2.000000
 1.8 2.000000
 1.9 2.000000
 2.0 1.347368
 2.1 1.250522
 2.2 1.250000
 2.3 1.249480
 2.4 1.244399
 2.5 1.103774
 2.6 0.889447
 2.7 0.702744
 2.8 0.517621
 2.9 0.431034
 3.0 0.317580
 3.1 0.070611
 3.2 -0.205061
 3.3 -0.393233
 3.4 -0.755034
 3.5 -0.901254
 3.6 -1.053535
 3.7 -1.204972
 3.8 -1.409836
 3.9 -1.503367
 4.0 -1.572722
 4.1 -1.611829
 4.2 -1.588955
 4.3 -1.536286
 4.4 -1.483553
 4.5 -1.424356
 4.6 -1.360049
 4.7 -1.298632

ALA 56
 0.0 2.000000
 0.1 2.000000
 0.2 2.000000
 0.3 2.000000
 0.4 2.000000
 0.5 2.000000
 0.6 2.000000
 0.7 2.000000
 0.8 2.000000
 0.9 2.000000
 1.0 2.000000
 1.1 2.000000
 1.2 2.000000
 1.3 2.000000
 1.4 2.000000
 1.5 2.000000
 1.6 2.000000
 1.7 2.000000
 1.8 2.000000
 1.9 2.000000
 2.0 1.691228
 2.1 1.511482
 2.2 1.510417
 2.3 1.509356
 2.4 1.498982
 2.5 1.227987
 2.6 0.949749
 2.7 0.801829
 2.8 0.627753
 2.9 0.526820
 3.0 0.412098
 3.1 0.209924
 3.2 0.037522
 3.3 -0.181203
 3.4 -0.475391
 3.5 -0.579937
 3.6 -0.762121
 3.7 -0.979558
 3.8 -1.223834
 3.9 -1.506734
 4.0 -1.735115
 4.1 -1.886061
 4.2 -1.886094
 4.3 -1.875532
 4.4 -1.811357
 4.5 -1.751528
 4.6 -1.684902
 4.7 -1.652462

ALA 57
 0.0 2.000000
 0.1 2.000000
 0.2 2.000000
 0.3 2.000000
 0.4 2.000000
 0.5 2.000000
 0.6 2.000000
 0.7 2.000000
 0.8 2.000000
 0.9 2.000000
 1.0 2.000000
 1.1 2.000000
 1.2 2.000000
 1.3 2.000000
 1.4 2.000000
 1.5 2.000000
 1.6 2.000000
 1.7 2.000000
 1.8 2.000000
 1.9 2.000000
 2.0 1.524561
 2.1 1.375783
 2.2 1.375000
 2.3 1.374220
 2.4 1.366599
 2.5 1.150943
 2.6 0.562814
 2.7 0.335366
 2.8 0.242291
 2.9 0.191571
 3.0 0.081285
 3.1 0.000954
 3.2 -0.122164
 3.3 -0.537594
 3.4 -1.068233
 3.5 -1.259143
 3.6 -1.493269
 3.7 -1.748830
 3.8 -1.879435
 3.9 -1.839667
 4.0 -1.750943
 4.1 -1.518721
 4.2 -1.478986
 4.3 -1.482581
 4.4 -1.411438
 4.5 -1.350324
 4.6 -1.374136
 4.7 -1.343128

ALA 58
 0.0 2.000000
 0.1 2.000000
 0.2 2.000000
 0.3 2.000000
 0.4 2.000000
 0.5 2.000000
 0.6 2.000000
 0.7 2.000000
 0.8 2.000000
 0.9 2.000000
 1.0 2.000000
 1.1 2.000000
 1.2 2.000000
 1.3 2.000000
 1.4 2.000000
 1.5 2.000000
 1.6 2.000000
 1.7 2.000000
 1.8 2.000000
 1.9 2.000000
 2.0 1.326316
 2.1 1.208768
 2.2 1.208333
 2.3 1.207900
 2.4 1.203666
 2.5 1.053459
 2.6 1.000000
 2.7 0.986280
 2.8 0.885463
 2.9 0.824713
 3.0 0.724008
 3.1 0.504771
 3.2 0.092496
 3.3 -0.409774
 3.4 -0.834121
 3.5 -0.946442
 3.6 -1.131607
 3.7 -1.326874
 3.8 -1.447160
 3.9 -1.473066
 4.0 -1.524624
 4.1 -1.428749
 4.2 -1.356728
 4.3 -1.397236
 4.4 -1.394932
 4.5 -1.377070
 4.6 -1.403737
 4.7 -1.461228

ALA 59
 0.0 2.000000
 0.1 2.000000
 0.2 2.000000
 0.3 2.000000
 0.4 2.000000
 0.5 2.000000
 0.6 2.000000
 0.7 2.000000
 0.8 2.000000
 0.9 2.000000
 1.0 2.000000
 1.1 2.000000
 1.2 2.000000
 1.3 2.000000
 1.4 2.000000
 1.5 2.000000
 1.6 2.000000
 1.7 2.000000
 1.8 2.000000
 1.9 2.000000
 2.0 1.354386
 2.1 1.229645
 2.2 1.229167
 2.3 1.228690
 2.4 1.224033
 2.5 1.004717
 2.6 0.605528
 2.7 0.560976
 2.8 0.544053
 2.9 0.521073
 3.0 0.440454
 3.1 0.332061
 3.2 0.186736
 3.3 -0.008271
 3.4 -0.308167
 3.5 -0.478950
 3.6 -0.695186
 3.7 -0.916663
 3.8 -1.194305
 3.9 -1.539756
 4.0 -1.628663
 4.1 -1.652751
 4.2 -1.770500
 4.3 -1.799639
 4.4 -1.787664
 4.5 -1.762813
 4.6 -1.782245
 4.7 -1.689970

ALA 60
 0.0 2.000000
 0.1 2.000000
 0.2 2.000000
 0.3 2.000000
 0.4 2.000000
 0.5 2.000000
 0.6 2.000000
 0.7 2.000000
 0.8 2.000000
 0.9 2.000000
 1.0 2.000000
 1.1 2.000000
 1.2 2.000000
 1.3 2.000000
 1.4 2.000000
 1.5 2.000000
 1.6 2.000000
 1.7 2.000000
 1.8 2.000000
 1.9 2.000000
 2.0 1.552632
 2.1 1.396660
 2.2 1.395833
 2.3 1.395010
 2.4 1.386965
 2.5 1.161950
 2.6 0.972362
 2.7 0.835366
 2.8 0.742291
 2.9 0.701149
 3.0 0.644612
 3.1 0.542939
 3.2 0.500000
 3.3 0.404511
 3.4 0.190157
 3.5 0.037618
 3.6 -0.162290
 3.7 -0.393206
 3.8 -0.670936
 3.9 -1.035222
 4.0 -1.158525
 4.1 -1.245697
 4.2 -1.295761
 4.3 -1.385152
 4.4 -1.511973
 4.5 -1.603386
 4.6 -1.673363
 4.7 -1.801924

ALA 61
 0.0 2.000000
 0.1 2.000000
 0.2 2.000000
 0.3 2.000000
 0.4 2.000000
 0.5 2.000000
 0.6 2.000000
 0.7 2.000000
 0.8 2.000000
 0.9 2.000000
 1.0 2.000000
 1.1 2.000000
 1.2 2.000000
 1.3 2.000000
 1.4 2.000000
 1.5 2.000000
 1.6 2.000000
 1.7 2.000000
 1.8 2.000000
 1.9 2.000000
 2.0 1.461404
 2.1 1.334029
 2.2 1.333333
 2.3 1.332640
 2.4 1.325866
 2.5 1.139937
 2.6 1.000000
 2.7 0.937500
 2.8 0.819383
 2.9 0.768199
 3.0 0.710775
 3.1 0.603053
 3.2 0.463351
 3.3 0.212785
 3.4 -0.199016
 3.5 -0.436829
 3.6 -0.730638
 3.7 -1.049302
 3.8 -1.332793
 3.9 -1.598943
 4.0 -1.507188
 4.1 -1.245080
 4.2 -1.079411
 4.3 -1.002800
 4.4 -0.973881
 4.5 -0.947600
 4.6 -0.942073
 4.7 -0.959328

ALA 62
 0.0 2.000000
 0.1 2.000000
 0.2 2.000000
 0.3 2.000000
 0.4 2.000000
 0.5 2.000000
 0.6 2.000000
 0.7 2.000000
 0.8 2.000000
 0.9 2.000000
 1.0 2.000000
 1.1 2.000000
 1.2 2.000000
 1.3 2.000000
 1.4 2.000000
 1.5 2.000000
 1.6 2.000000
 1.7 2.000000
 1.8 2.000000
 1.9 2.000000
 2.0 1.585965
 2.1 1.511482
 2.2 1.510417
 2.3 1.509356
 2.4 1.498982
 2.5 1.322327
 2.6 1.000000
 2.7 1.000000
 2.8 1.000000
 2.9 1.000000
 3.0 1.000000
 3.1 0.946565
 3.2 0.791449
 3.3 0.653380
 3.4 0.504944
 3.5 0.403391
 3.6 0.282827
 3.7 0.195546
 3.8 0.066963
 3.9 -0.119862
 4.0 -0.167000
 4.1 -0.183363
 4.2 -0.206236
 4.3 -0.223216
 4.4 -0.261084
 4.5 -0.289732
 4.6 -0.311785
 4.7 -0.338830

ALA 63
 0.0 2.000000
 0.1 2.000000
 0.2 2.000000
 0.3 2.000000
 0.4 2.000000
 0.5 2.000000
 0.6 2.000000
 0.7 2.000000
 0.8 2.000000
 0.9 2.000000
 1.0 2.000000
 1.1 2.000000
 1.2 2.000000
 1.3 2.000000
 1.4 2.000000
 1.5 2.000000
 1.6 2.000000
 1.7 2.000000
 1.8 2.000000
 1.9 2.000000
 2.0 1.985965
 2.1 1.948852
 2.2 1.947917
 2.3 1.946985
 2.4 1.937882
 2.5 1.808176
 2.6 1.500000
 2.7 1.500000
 2.8 1.500000
 2.9 1.500000
 3.0 1.500000
 3.1 1.432252
 3.2 1.048866
 3.3 0.615041
 3.4 0.224922
 3.5 0.069441
 3.6 -0.111615
 3.7 -0.222618
 3.8 -0.297102
 3.9 -0.339734
 4.0 -0.433870
 4.1 -0.728066
 4.2 -0.936945
 4.3 -1.067904
 4.4 -1.122333
 4.5 -1.138850
 4.6 -1.133608
 4.7 -1.082994

ALA 67
 0.0 2.000000
 0.1 2.000000
 0.2 2.000000
 0.3 2.000000
 0.4 2.000000
 0.5 2.000000
 0.6 2.000000
 0.7 2.000000
 0.8 2.000000
 0.9 2.000000
 1.0 2.000000
 1.1 2.000000
 1.2 2.000000
 1.3 2.000000
 1.4 2.000000
 1.5 2.000000
 1.6 2.000000
 1.7 2.000000
 1.8 2.000000
 1.9 2.000000
 2.0 1.871930
 2.1 1.781837
 2.2 1.781250
 2.3 1.780665
 2.4 1.774949
 2.5 1.633648
 2.6 1.500000
 2.7 1.500000
 2.8 1.500000
 2.9 1.500000
 3.0 1.500000
 3.1 1.485687
 3.2 1.215532
 3.3 0.721802
 3.4 0.314228
 3.5 0.174551
 3.6 -0.009092
 3.7 -0.170752
 3.8 -0.183535
 3.9 -0.124253
 4.0 -0.180158
 4.1 -0.461669
 4.2 -0.680582
 4.3 -0.817838
 4.4 -0.931040
 4.5 -0.993875
 4.6 -1.017534
 4.7 -1.000757

ALA 68
 0.0 2.000000
 0.1 2.000000
 0.2 2.000000
 0.3 2.000000
 0.4 2.000000
 0.5 2.000000
 0.6 2.000000
 0.7 2.000000
 0.8 2.000000
 0.9 2.000000
 1.0 2.000000
 1.1 2.000000
 1.2 2.000000
 1.3 2.000000
 1.4 2.000000
 1.5 2.000000
 1.6 2.000000
 1.7 2.000000
 1.8 2.000000
 1.9 2.000000
 2.0 1.847368
 2.1 1.709812
 2.2 1.708333
 2.3 1.706861
 2.4 1.692464
 2.5 1.416667
 2.6 0.907035
 2.7 0.759146
 2.8 0.687225
 2.9 0.653257
 3.0 0.597353
 3.1 0.515267
 3.2 0.500000
 3.3 0.448872
 3.4 0.292131
 3.5 0.228292
 3.6 0.144373
 3.7 0.041705
 3.8 -0.071139
 3.9 -0.109000
 4.0 -0.093723
 4.1 -0.045734
 4.2 -0.025705
 4.3 -0.029485
 4.4 -0.042855
 4.5 -0.051814
 4.6 -0.065202
 4.7 -0.082243

ALA 69
 0.0 2.000000
 0.1 2.000000
 0.2 2.000000
 0.3 2.000000
 0.4 2.000000
 0.5 2.000000
 0.6 2.000000
 0.7 2.000000
 0.8 2.000000
 0.9 2.000000
 1.0 2.000000
 1.1 2.000000
 1.2 2.000000
 1.3 2.000000
 1.4 2.000000
 1.5 2.000000
 1.6 2.000000
 1.7 2.000000
 1.8 2.000000
 1.9 2.000000
 2.0 1.928070
 2.1 1.814196
 2.2 1.812500
 2.3 1.810811
 2.4 1.794297
 2.5 1.517296
 2.6 0.907035
 2.7 0.696646
 2.8 0.506608
 2.9 0.421456
 3.0 0.308129
 3.1 0.118321
 3.2 -0.018372
 3.3 -0.170074
 3.4 -0.523717
 3.5 -0.690763
 3.6 -0.876492
 3.7 -1.079994
 3.8 -1.282520
 3.9 -1.371444
 4.0 -1.287503
 4.1 -1.231174
 4.2 -1.228350
 4.3 -1.233637
 4.4 -1.237165
 4.5 -1.236225
 4.6 -1.237224
 4.7 -1.223006

ALA 70
 0.0 2.000000
 0.1 2.000000
 0.2 2.000000
 0.3 2.000000
 0.4 2.000000
 0.5 2.000000
 0.6 2.000000
 0.7 2.000000
 0.8 2.000000
 0.9 2.000000
 1.0 2.000000
 1.1 2.000000
 1.2 2.000000
 1.3 2.000000
 1.4 2.000000
 1.5 2.000000
 1.6 2.000000
 1.7 2.000000
 1.8 2.000000
 1.9 2.000000
 2.0 1.933333
 2.1 1.824635
 2.2 1.822917
 2.3 1.821206
 2.4 1.804481
 2.5 1.529874
 2.6 1.000000
 2.7 1.000000
 2.8 1.000000
 2.9 0.985632
 3.0 0.928166
 3.1 0.822519
 3.2 0.725084
 3.3 0.611881
 3.4 0.482998
 3.5 0.447550
 3.6 0.397144
 3.7 0.320477
 3.8 0.229045
 3.9 0.164037
 4.0 0.140843
 4.1 0.104064
 4.2 0.050298
 4.3 0.005943
 4.4 -0.008567
 4.5 -0.006429
 4.6 -0.022938
 4.7 0.000587

ALA 71
 0.0 2.000000
 0.1 2.000000
 0.2 2.000000
 0.3 2.000000
 0.4 2.000000
 0.5 2.000000
 0.6 2.000000
 0.7 2.000000
 0.8 2.000000
 0.9 2.000000
 1.0 2.000000
 1.1 2.000000
 1.2 2.000000
 1.3 2.000000
 1.4 2.000000
 1.5 2.000000
 1.6 2.000000
 1.7 2.000000
 1.8 2.000000
 1.9 2.000000
 2.0 1.966667
 2.1 1.887265
 2.2 1.885417
 2.3 1.883576
 2.4 1.865580
 2.5 1.545597
 2.6 0.605528
 2.7 0.560976
 2.8 0.544053
 2.9 0.506705
 3.0 0.368620
 3.1 0.154580
 3.2 -0.158860
 3.3 -0.521953
 3.4 -1.046832
 3.5 -1.214248
 3.6 -1.363466
 3.7 -1.525916
 3.8 -1.711285
 3.9 -1.674714
 4.0 -1.545675
 4.1 -1.405311
 4.2 -1.382134
 4.3 -1.342714
 4.4 -1.277982
 4.5 -1.207130
 4.6 -1.188623
 4.7 -1.118524

ALA 72
 0.0 2.000000
 0.1 2.000000
 0.2 2.000000
 0.3 2.000000
 0.4 2.000000
 0.5 2.000000
 0.6 2.000000
 0.7 2.000000
 0.8 2.000000
 0.9 2.000000
 1.0 2.000000
 1.1 2.000000
 1.2 2.000000
 1.3 2.000000
 1.4 2.000000
 1.5 2.000000
 1.6 2.000000
 1.7 2.000000
 1.8 2.000000
 1.9 2.000000
 2.0 1.691228
 2.1 1.584551
 2.2 1.583333
 2.3 1.582121
 2.4 1.570265
 2.5 1.349057
 2.6 1.000000
 2.7 1.000000
 2.8 1.000000
 2.9 0.977969
 3.0 0.918715
 3.1 0.812977
 3.2 0.669284
 3.3 0.489474
 3.4 0.282998
 3.5 0.230930
 3.6 0.167166
 3.7 0.098904
 3.8 0.079458
 3.9 0.189128
 4.0 0.275612
 4.1 0.265899
 4.2 0.188252
 4.3 0.093649
 4.4 0.009646
 4.5 -0.063773
 4.6 -0.112091
 4.7 -0.146217

ALA 73
 0.0 2.000000
 0.1 2.000000
 0.2 2.000000
 0.3 2.000000
 0.4 2.000000
 0.5 2.000000
 0.6 2.000000
 0.7 2.000000
 0.8 2.000000
 0.9 2.000000
 1.0 2.000000
 1.1 2.000000
 1.2 2.000000
 1.3 2.000000
 1.4 2.000000
 1.5 2.000000
 1.6 2.000000
 1.7 2.000000
 1.8 2.000000
 1.9 2.000000
 2.0 1.701754
 2.1 1.615866
 2.2 1.614583
 2.3 1.613306
 2.4 1.600815
 2.5 1.389937
 2.6 0.562814
 2.7 0.335366
 2.8 0.242291
 2.9 0.169540
 3.0 -0.000000
 3.1 -0.186069
 3.2 -0.434555
 3.3 -0.724812
 3.4 -1.035794
 3.5 -1.132184
 3.6 -1.249156
 3.7 -1.352828
 3.8 -1.433932
 3.9 -1.420717
 4.0 -1.410546
 4.1 -1.459636
 4.2 -1.599595
 4.3 -1.681410
 4.4 -1.679438
 4.5 -1.661587
 4.6 -1.686437
 4.7 -1.611959

ALA 74
 0.0 2.000000
 0.1 2.000000
 0.2 2.000000
 0.3 2.000000
 0.4 2.000000
 0.5 2.000000
 0.6 2.000000
 0.7 2.000000
 0.8 2.000000
 0.9 2.000000
 1.0 2.000000
 1.1 2.000000
 1.2 2.000000
 1.3 2.000000
 1.4 2.000000
 1.5 2.000000
 1.6 2.000000
 1.7 2.000000
 1.8 2.000000
 1.9 2.000000
 2.0 1.985965
 2.1 1.939457
 2.2 1.937500
 2.3 1.935551
 2.4 1.916497
 2.5 1.672956
 2.6 1.000000
 2.7 0.911585
 2.8 0.737885
 2.9 0.622605
 3.0 0.472590
 3.1 0.152672
 3.2 -0.219023
 3.3 -0.557895
 3.4 -0.922819
 3.5 -1.043365
 3.6 -1.164646
 3.7 -1.348619
 3.8 -1.563052
 3.9 -1.716613
 4.0 -1.860057
 4.1 -1.789910
 4.2 -1.569091
 4.3 -1.342154
 4.4 -1.150995
 4.5 -1.037205
 4.6 -0.898632
 4.7 -0.825441

ALA 75
 0.0 2.000000
 0.1 2.000000
 0.2 2.000000
 0.3 2.000000
 0.4 2.000000
 0.5 2.000000
 0.6 2.000000
 0.7 2.000000
 0.8 2.000000
 0.9 2.000000
 1.0 2.000000
 1.1 2.000000
 1.2 2.000000
 1.3 2.000000
 1.4 2.000000
 1.5 2.000000
 1.6 2.000000
 1.7 2.000000
 1.8 2.000000
 1.9 2.000000
 2.0 1.850877
 2.1 1.730689
 2.2 1.729167
 2.3 1.727651
 2.4 1.712831
 2.5 1.448113
 2.6 0.889447
 2.7 0.702744
 2.8 0.517621
 2.9 0.431034
 3.0 0.317580
 3.1 0.070611
 3.2 -0.211169
 3.3 -0.492481
 3.4 -0.866890
 3.5 -1.005747
 3.6 -1.154545
 3.7 -1.313812
 3.8 -1.462799
 3.9 -1.500000
 4.0 -1.500000
 4.1 -1.462306
 4.2 -1.424850
 4.3 -1.505157
 4.4 -1.611045
 4.5 -1.632862
 4.6 -1.690109
 4.7 -1.836628

ALA 76
 0.0 2.000000
 0.1 2.000000
 0.2 2.000000
 0.3 2.000000
 0.4 2.000000
 0.5 2.000000
 0.6 2.000000
 0.7 2.000000
 0.8 2.000000
 0.9 2.000000
 1.0 2.000000
 1.1 2.000000
 1.2 2.000000
 1.3 2.000000
 1.4 2.000000
 1.5 2.000000
 1.6 2.000000
 1.7 2.000000
 1.8 2.000000
 1.9 2.000000
 2.0 1.768421
 2.1 1.594990
 2.2 1.593750
 2.3 1.592516
 2.4 1.580448
 2.5 1.297170
 2.6 1.000000
 2.7 1.000000
 2.8 0.927313
 2.9 0.795019
 3.0 0.676749
 3.1 0.463740
 3.2 0.190227
 3.3 -0.021805
 3.4 -0.413311
 3.5 -0.582550
 3.6 -0.814141
 3.7 -1.089503
 3.8 -1.484869
 3.9 -1.778943
 4.0 -1.818649
 4.1 -1.639209
 4.2 -1.422039
 4.3 -1.270795
 4.4 -1.259441
 4.5 -1.257742
 4.6 -1.237056
 4.7 -1.296897

ALA 77
 0.0 2.000000
 0.1 2.000000
 0.2 2.000000
 0.3 2.000000
 0.4 2.000000
 0.5 2.000000
 0.6 2.000000
 0.7 2.000000
 0.8 2.000000
 0.9 2.000000
 1.0 2.000000
 1.1 2.000000
 1.2 2.000000
 1.3 2.000000
 1.4 2.000000
 1.5 2.000000
 1.6 2.000000
 1.7 2.000000
 1.8 2.000000
 1.9 2.000000
 2.0 1.900000
 2.1 1.793319
 2.2 1.791667
 2.3 1.790021
 2.4 1.773931
 2.5 1.507862
 2.6 1.000000
 2.7 0.992378
 2.8 0.896476
 2.9 0.835249
 3.0 0.776938
 3.1 0.669847
 3.2 0.540140
 3.3 0.378195
 3.4 0.080537
 3.5 -0.030303
 3.6 -0.216667
 3.7 -0.433149
 3.8 -0.685174
 3.9 -0.913657
 4.0 -1.053504
 4.1 -1.154189
 4.2 -1.250468
 4.3 -1.332296
 4.4 -1.339137
 4.5 -1.331222
 4.6 -1.350943
 4.7 -1.335254

ALA 78
 0.0 2.000000
 0.1 2.000000
 0.2 2.000000
 0.3 2.000000
 0.4 2.000000
 0.5 2.000000
 0.6 2.000000
 0.7 2.000000
 0.8 2.000000
 0.9 2.000000
 1.0 2.000000
 1.1 2.000000
 1.2 2.000000
 1.3 2.000000
 1.4 2.000000
 1.5 2.000000
 1.6 2.000000
 1.7 2.000000
 1.8 2.000000
 1.9 2.000000
 2.0 1.764912
 2.1 1.657620
 2.2 1.656250
 2.3 1.654886
 2.4 1.641548
 2.5 1.404088
 2.6 1.000000
 2.7 0.896341
 2.8 0.773128
 2.9 0.670498
 3.0 0.553875
 3.1 0.339695
 3.2 0.102967
 3.3 -0.246617
 3.4 -0.548098
 3.5 -0.666144
 3.6 -0.863131
 3.7 -1.124862
 3.8 -1.348478
 3.9 -1.590424
 4.0 -1.720423
 4.1 -1.823686
 4.2 -1.881019
 4.3 -2.031932
 4.4 -2.150136
 4.5 -2.231485
 4.6 -2.318843
 4.7 -2.454117

ALA 79
 0.0 2.000000
 0.1 2.000000
 0.2 2.000000
 0.3 2.000000
 0.4 2.000000
 0.5 2.000000
 0.6 2.000000
 0.7 2.000000
 0.8 2.000000
 0.9 2.000000
 1.0 2.000000
 1.1 2.000000
 1.2 2.000000
 1.3 2.000000
 1.4 2.000000
 1.5 2.000000
 1.6 2.000000
 1.7 2.000000
 1.8 2.000000
 1.9 2.000000
 2.0 1.771930
 2.1 1.687891
 2.2 1.687500
 2.3 1.687110
 2.4 1.683299
 2.5 1.567610
 2.6 1.500000
 2.7 1.500000
 2.8 1.500000
 2.9 1.500000
 3.0 1.500000
 3.1 1.500000
 3.2 1.478185
 3.3 1.336842
 3.4 1.203579
 3.5 1.134274
 3.6 1.007071
 3.7 0.870166
 3.8 0.756818
 3.9 0.552673
 4.0 0.423906
 4.1 0.376420
 4.2 0.350839
 4.3 0.402027
 4.4 0.459541
 4.5 0.496483
 4.6 0.538648
 4.7 0.626900

ALA 85
 0.0 2.000000
 0.1 2.000000
 0.2 2.000000
 0.3 2.000000
 0.4 2.000000
 0.5 2.000000
 0.6 2.000000
 0.7 2.000000
 0.8 2.000000
 0.9 2.000000
 1.0 2.000000
 1.1 2.000000
 1.2 2.000000
 1.3 2.000000
 1.4 2.000000
 1.5 2.000000
 1.6 2.000000
 1.7 2.000000
 1.8 2.000000
 1.9 2.000000
 2.0 1.829825
 2.1 1.740084
 2.2 1.739583
 2.3 1.739085
 2.4 1.734216
 2.5 1.602201
 2.6 1.500000
 2.7 1.500000
 2.8 1.500000
 2.9 1.500000
 3.0 1.500000
 3.1 1.500000
 3.2 1.473822
 3.3 1.329323
 3.4 1.197987
 3.5 1.152560
 3.6 1.094444
 3.7 1.017680
 3.8 1.000000
 3.9 1.000000
 4.0 1.000000
 4.1 1.000000
 4.2 0.950378
 4.3 0.699146
 4.4 0.546655
 4.5 0.457073
 4.6 0.316752
 4.7 0.070486

ALA 86
 0.0 2.000000
 0.1 2.000000
 0.2 2.000000
 0.3 2.000000
 0.4 2.000000
 0.5 2.000000
 0.6 2.000000
 0.7 2.000000
 0.8 2.000000
 0.9 2.000000
 1.0 2.000000
 1.1 2.000000
 1.2 2.000000
 1.3 2.000000
 1.4 2.000000
 1.5 2.000000
 1.6 2.000000
 1.7 2.000000
 1.8 2.000000
 1.9 2.000000
 2.0 1.398246
 2.1 1.281837
 2.2 1.281250
 2.3 1.280665
 2.4 1.274949
 2.5 1.110063
 2.6 0.937186
 2.7 0.714939
 2.8 0.517621
 2.9 0.431034
 3.0 0.317580
 3.1 0.118321
 3.2 -0.023560
 3.3 -0.170677
 3.4 -0.309843
 3.5 -0.397074
 3.6 -0.547980
 3.7 -0.734254
 3.8 -0.917402
 3.9 -1.245251
 4.0 -1.430765
 4.1 -1.554557
 4.2 -1.737734
 4.3 -1.929676
 4.4 -2.030467
 4.5 -2.093300
 4.6 -2.221953
 4.7 -2.299749

ALA 87
 0.0 2.000000
 0.1 2.000000
 0.2 2.000000
 0.3 2.000000
 0.4 2.000000
 0.5 2.000000
 0.6 2.000000
 0.7 2.000000
 0.8 2.000000
 0.9 2.000000
 1.0 2.000000
 1.1 2.000000
 1.2 2.000000
 1.3 2.000000
 1.4 2.000000
 1.5 2.000000
 1.6 2.000000
 1.7 2.000000
 1.8 2.000000
 1.9 2.000000
 2.0 1.377193
 2.1 1.260960
 2.2 1.260417
 2.3 1.259875
 2.4 1.254582
 2.5 1.094340
 2.6 1.000000
 2.7 0.896341
 2.8 0.773128
 2.9 0.670498
 3.0 0.553875
 3.1 0.334924
 3.2 -0.004363
 3.3 -0.256391
 3.4 -0.388143
 3.5 -0.470219
 3.6 -0.644949
 3.7 -0.825414
 3.8 -1.065573
 3.9 -1.504727
 4.0 -1.695897
 4.1 -1.727937
 4.2 -1.717556
 4.3 -1.732422
 4.4 -1.698176
 4.5 -1.697439
 4.6 -1.729866
 4.7 -1.732728

ALA 88
 0.0 2.000000
 0.1 2.000000
 0.2 2.000000
 0.3 2.000000
 0.4 2.000000
 0.5 2.000000
 0.6 2.000000
 0.7 2.000000
 0.8 2.000000
 0.9 2.000000
 1.0 2.000000
 1.1 2.000000
 1.2 2.000000
 1.3 2.000000
 1.4 2.000000
 1.5 2.000000
 1.6 2.000000
 1.7 2.000000
 1.8 2.000000
 1.9 2.000000
 2.0 1.485965
 2.1 1.334029
 2.2 1.333333
 2.3 1.332640
 2.4 1.325866
 2.5 1.045597
 2.6 0.580402
 2.7 0.545732
 2.8 0.451542
 2.9 0.373563
 3.0 0.296786
 3.1 0.177481
 3.2 -0.212914
 3.3 -0.560150
 3.4 -0.883669
 3.5 -1.021421
 3.6 -1.218189
 3.7 -1.369225
 3.8 -1.528309
 3.9 -1.666843
 4.0 -1.647089
 4.1 -1.598071
 4.2 -1.627760
 4.3 -1.583843
 4.4 -1.550558
 4.5 -1.541805
 4.6 -1.557894
 4.7 -1.467506

ALA 89
 0.0 2.000000
 0.1 2.000000
 0.2 2.000000
 0.3 2.000000
 0.4 2.000000
 0.5 2.000000
 0.6 2.000000
 0.7 2.000000
 0.8 2.000000
 0.9 2.000000
 1.0 2.000000
 1.1 2.000000
 1.2 2.000000
 1.3 2.000000
 1.4 2.000000
 1.5 2.000000
 1.6 2.000000
 1.7 2.000000
 1.8 2.000000
 1.9 2.000000
 2.0 1.308772
 2.1 1.198330
 2.2 1.197917
 2.3 1.197505
 2.4 1.193483
 2.5 1.051887
 2.6 1.000000
 2.7 1.000000
 2.8 0.927313
 2.9 0.795019
 3.0 0.676749
 3.1 0.457061
 3.2 0.048866
 3.3 -0.381203
 3.4 -0.726510
 3.5 -0.875131
 3.6 -1.018890
 3.7 -1.179261
 3.8 -1.349219
 3.9 -1.469614
 4.0 -1.506650
 4.1 -1.567376
 4.2 -1.498705
 4.3 -1.435320
 4.4 -1.492872
 4.5 -1.520274
 4.6 -1.505513
 4.7 -1.593672

ALA 90
 0.0 2.000000
 0.1 2.000000
 0.2 2.000000
 0.3 2.000000
 0.4 2.000000
 0.5 2.000000
 0.6 2.000000
 0.7 2.000000
 0.8 2.000000
 0.9 2.000000
 1.0 2.000000
 1.1 2.000000
 1.2 2.000000
 1.3 2.000000
 1.4 2.000000
 1.5 2.000000
 1.6 2.000000
 1.7 2.000000
 1.8 2.000000
 1.9 2.000000
 2.0 1.591228
 2.1 1.480167
 2.2 1.479167
 2.3 1.478170
 2.4 1.468432
 2.5 1.265723
 2.6 0.987437
 2.7 0.846037
 2.8 0.638767
 2.9 0.536398
 3.0 0.421550
 3.1 0.206107
 3.2 -0.095113
 3.3 -0.391729
 3.4 -0.788591
 3.5 -0.932602
 3.6 -1.113643
 3.7 -1.288562
 3.8 -1.425533
 3.9 -1.412322
 4.0 -1.303913
 4.1 -1.149153
 4.2 -1.078636
 4.3 -1.111819
 4.4 -1.137987
 4.5 -1.171621
 4.6 -1.216257
 4.7 -1.312468

ALA 91
 0.0 2.000000
 0.1 2.000000
 0.2 2.000000
 0.3 2.000000
 0.4 2.000000
 0.5 2.000000
 0.6 2.000000
 0.7 2.000000
 0.8 2.000000
 0.9 2.000000
 1.0 2.000000
 1.1 2.000000
 1.2 2.000000
 1.3 2.000000
 1.4 2.000000
 1.5 2.000000
 1.6 2.000000
 1.7 2.000000
 1.8 2.000000
 1.9 2.000000
 2.0 1.884211
 2.1 1.741127
 2.2 1.739583
 2.3 1.738046
 2.4 1.723014
 2.5 1.435535
 2.6 1.000000
 2.7 0.911585
 2.8 0.737885
 2.9 0.622605
 3.0 0.472590
 3.1 0.152672
 3.2 -0.212914
 3.3 -0.422556
 3.4 -0.743289
 3.5 -0.876176
 3.6 -1.031818
 3.7 -1.228729
 3.8 -1.520807
 3.9 -1.799663
 4.0 -1.919421
 4.1 -2.032707
 4.2 -2.012368
 4.3 -1.967440
 4.4 -1.893122
 4.5 -1.826560
 4.6 -1.756539
 4.7 -1.665413

ALA 92
 0.0 2.000000
 0.1 2.000000
 0.2 2.000000
 0.3 2.000000
 0.4 2.000000
 0.5 2.000000
 0.6 2.000000
 0.7 2.000000
 0.8 2.000000
 0.9 2.000000
 1.0 2.000000
 1.1 2.000000
 1.2 2.000000
 1.3 2.000000
 1.4 2.000000
 1.5 2.000000
 1.6 2.000000
 1.7 2.000000
 1.8 2.000000
 1.9 2.000000
 2.0 1.924561
 2.1 1.844468
 2.2 1.843750
 2.3 1.843035
 2.4 1.836049
 2.5 1.690252
 2.6 1.500000
 2.7 1.500000
 2.8 1.500000
 2.9 1.500000
 3.0 1.500000
 3.1 1.500000
 3.2 1.500000
 3.3 1.500000
 3.4 1.394295
 3.5 1.335423
 3.6 1.242424
 3.7 1.120994
 3.8 0.937579
 3.9 0.700337
 4.0 0.580870
 4.1 0.506429
 4.2 0.500000
 4.3 0.500000
 4.4 0.489957
 4.5 0.464546
 4.6 0.455679
 4.7 0.436550

ALA 100
 0.0 2.000000
 0.1 2.000000
 0.2 2.000000
 0.3 2.000000
 0.4 2.000000
 0.5 2.000000
 0.6 2.000000
 0.7 2.000000
 0.8 2.000000
 0.9 2.000000
 1.0 2.000000
 1.1 2.000000
 1.2 2.000000
 1.3 2.000000
 1.4 2.000000
 1.5 2.000000
 1.6 2.000000
 1.7 2.000000
 1.8 2.000000
 1.9 2.000000
 2.0 1.970175
 2.1 1.917537
 2.2 1.916667
 2.3 1.915800
 2.4 1.907332
 2.5 1.770440
 2.6 1.487437
 2.7 1.346037
 2.8 1.138767
 2.9 1.036398
 3.0 0.921550
 3.1 0.706107
 3.2 0.407504
 3.3 0.231579
 3.4 0.089485
 3.5 -0.006792
 3.6 -0.135704
 3.7 -0.245349
 3.8 -0.366636
 3.9 -0.559933
 4.0 -0.557506
 4.1 -0.478290
 4.2 -0.452859
 4.3 -0.527547
 4.4 -0.595670
 4.5 -0.662298
 4.6 -0.747236
 4.7 -0.885751

ALA 101
 0.0 2.000000
 0.1 2.000000
 0.2 2.000000
 0.3 2.000000
 0.4 2.000000
 0.5 2.000000
 0.6 2.000000
 0.7 2.000000
 0.8 2.000000
 0.9 2.000000
 1.0 2.000000
 1.1 2.000000
 1.2 2.000000
 1.3 2.000000
 1.4 2.000000
 1.5 2.000000
 1.6 2.000000
 1.7 2.000000
 1.8 2.000000
 1.9 2.000000
 2.0 1.868421
 2.1 1.730689
 2.2 1.729167
 2.3 1.727651
 2.4 1.712831
 2.5 1.432390
 2.6 1.000000
 2.7 1.000000
 2.8 1.000000
 2.9 1.000000
 3.0 1.000000
 3.1 0.976145
 3.2 0.826353
 3.3 0.686466
 3.4 0.555928
 3.5 0.461860
 3.6 0.348990
 3.7 0.277348
 3.8 0.180958
 3.9 0.029471
 4.0 0.038337
 4.1 0.092566
 4.2 0.126389
 4.3 0.148391
 4.4 0.133192
 4.5 0.088679
 4.6 0.068752
 4.7 0.026347

ALA 102
 0.0 2.000000
 0.1 2.000000
 0.2 2.000000
 0.3 2.000000
 0.4 2.000000
 0.5 2.000000
 0.6 2.000000
 0.7 2.000000
 0.8 2.000000
 0.9 2.000000
 1.0 2.000000
 1.1 2.000000
 1.2 2.000000
 1.3 2.000000
 1.4 2.000000
 1.5 2.000000
 1.6 2.000000
 1.7 2.000000
 1.8 2.000000
 1.9 2.000000
 2.0 1.466667
 2.1 1.354906
 2.2 1.354167
 2.3 1.353430
 2.4 1.346232
 2.5 1.097484
 2.6 0.580402
 2.7 0.545732
 2.8 0.451542
 2.9 0.373563
 3.0 0.296786
 3.1 0.165076
 3.2 -0.117801
 3.3 -0.322556
 3.4 -0.676174
 3.5 -0.863804
 3.6 -1.082777
 3.7 -1.277811
 3.8 -1.557652
 3.9 -1.810662
 4.0 -1.752649
 4.1 -1.649740
 4.2 -1.684132
 4.3 -1.703849
 4.4 -1.746465
 4.5 -1.843767
 4.6 -1.936983
 4.7 -1.992070

ALA 103
 0.0 2.000000
 0.1 2.000000
 0.2 2.000000
 0.3 2.000000
 0.4 2.000000
 0.5 2.000000
 0.6 2.000000
 0.7 2.000000
 0.8 2.000000
 0.9 2.000000
 1.0 2.000000
 1.1 2.000000
 1.2 2.000000
 1.3 2.000000
 1.4 2.000000
 1.5 2.000000
 1.6 2.000000
 1.7 2.000000
 1.8 2.000000
 1.9 2.000000
 2.0 1.352632
 2.1 1.240084
 2.2 1.239583
 2.3 1.239085
 2.4 1.234216
 2.5 1.081761
 2.6 1.000000
 2.7 1.000000
 2.8 1.000000
 2.9 1.000000
 3.0 1.000000
 3.1 1.000000
 3.2 1.000000
 3.3 0.988722
 3.4 0.720917
 3.5 0.582884
 3.6 0.477170
 3.7 0.345125
 3.8 0.134219
 3.9 -0.033340
 4.0 -0.062397
 4.1 -0.190177
 4.2 -0.232009
 4.3 -0.247950
 4.4 -0.231673
 4.5 -0.221371
 4.6 -0.195092
 4.7 -0.189705

ALA 104
 0.0 2.000000
 0.1 2.000000
 0.2 2.000000
 0.3 2.000000
 0.4 2.000000
 0.5 2.000000
 0.6 2.000000
 0.7 2.000000
 0.8 2.000000
 0.9 2.000000
 1.0 2.000000
 1.1 2.000000
 1.2 2.000000
 1.3 2.000000
 1.4 2.000000
 1.5 2.000000
 1.6 2.000000
 1.7 2.000000
 1.8 2.000000
 1.9 2.000000
 2.0 1.614035
 2.1 1.438413
 2.2 1.437500
 2.3 1.436590
 2.4 1.427699
 2.5 1.176101
 2.6 0.937186
 2.7 0.714939
 2.8 0.517621
 2.9 0.431034
 3.0 0.310019
 3.1 0.026718
 3.2 -0.240838
 3.3 -0.376692
 3.4 -0.581655
 3.5 -0.667879
 3.6 -0.747928
 3.7 -0.850739
 3.8 -1.011211
 3.9 -1.174914
 4.0 -1.222224
 4.1 -1.277497
 4.2 -1.329203
 4.3 -1.396760
 4.4 -1.448872
 4.5 -1.501541
 4.6 -1.569082
 4.7 -1.631426

ALA 105
 0.0 2.000000
 0.1 2.000000
 0.2 2.000000
 0.3 2.000000
 0.4 2.000000
 0.5 2.000000
 0.6 2.000000
 0.7 2.000000
 0.8 2.000000
 0.9 2.000000
 1.0 2.000000
 1.1 2.000000
 1.2 2.000000
 1.3 2.000000
 1.4 2.000000
 1.5 2.000000
 1.6 2.000000
 1.7 2.000000
 1.8 2.000000
 1.9 2.000000
 2.0 1.754386
 2.1 1.584551
 2.2 1.583333
 2.3 1.582121
 2.4 1.570265
 2.5 1.292453
 2.6 1.000000
 2.7 1.000000
 2.8 0.951542
 2.9 0.823755
 3.0 0.697543
 3.1 0.400445
 3.2 -0.064647
 3.3 -0.527743
 3.4 -0.817360
 3.5 -0.941583
 3.6 -1.115581
 3.7 -1.285849
 3.8 -1.458712
 3.9 -1.624556
 4.0 -1.671776
 4.1 -1.558111
 4.2 -1.439283
 4.3 -1.435527
 4.4 -1.485936
 4.5 -1.515695
 4.6 -1.540500
 4.7 -1.656441

ALA 106
 0.0 2.000000
 0.1 2.000000
 0.2 2.000000
 0.3 2.000000
 0.4 2.000000
 0.5 2.000000
 0.6 2.000000
 0.7 2.000000
 0.8 2.000000
 0.9 2.000000
 1.0 2.000000
 1.1 2.000000
 1.2 2.000000
 1.3 2.000000
 1.4 2.000000
 1.5 2.000000
 1.6 2.000000
 1.7 2.000000
 1.8 2.000000
 1.9 2.000000
 2.0 1.477193
 2.1 1.375783
 2.2 1.375000
 2.3 1.374220
 2.4 1.366599
 2.5 1.194969
 2.6 1.000000
 2.7 1.000000
 2.8 0.995595
 2.9 0.950192
 3.0 0.890359
 3.1 0.784987
 3.2 0.704113
 3.3 0.467746
 3.4 0.229452
 3.5 0.178464
 3.6 0.119485
 3.7 -0.000745
 3.8 -0.067371
 3.9 -0.042820
 4.0 -0.069864
 4.1 -0.118097
 4.2 -0.100031
 4.3 -0.083233
 4.4 -0.077363
 4.5 -0.069291
 4.6 -0.044227
 4.7 -0.043793

ALA 107
 0.0 2.000000
 0.1 2.000000
 0.2 2.000000
 0.3 2.000000
 0.4 2.000000
 0.5 2.000000
 0.6 2.000000
 0.7 2.000000
 0.8 2.000000
 0.9 2.000000
 1.0 2.000000
 1.1 2.000000
 1.2 2.000000
 1.3 2.000000
 1.4 2.000000
 1.5 2.000000
 1.6 2.000000
 1.7 2.000000
 1.8 2.000000
 1.9 2.000000
 2.0 1.433333
 2.1 1.323591
 2.2 1.322917
 2.3 1.322245
 2.4 1.315682
 2.5 1.147799
 2.6 0.633166
 2.7 0.381098
 2.8 0.270925
 2.9 0.170498
 3.0 -0.000000
 3.1 -0.211197
 3.2 -0.408452
 3.3 -0.687105
 3.4 -0.751723
 3.5 -0.705575
 3.6 -0.627413
 3.7 -0.548614
 3.8 -0.330402
 3.9 0.002303
 4.0 0.123723
 4.1 0.164097
 4.2 0.168657
 4.3 0.246026
 4.4 0.311979
 4.5 0.341872
 4.6 0.387348
 4.7 0.481869

ALA 108
 0.0 2.000000
 0.1 2.000000
 0.2 2.000000
 0.3 2.000000
 0.4 2.000000
 0.5 2.000000
 0.6 2.000000
 0.7 2.000000
 0.8 2.000000
 0.9 2.000000
 1.0 2.000000
 1.1 2.000000
 1.2 2.000000
 1.3 2.000000
 1.4 2.000000
 1.5 2.000000
 1.6 2.000000
 1.7 2.000000
 1.8 2.000000
 1.9 2.000000
 2.0 1.380702
 2.1 1.292276
 2.2 1.291667
 2.3 1.291060
 2.4 1.285132
 2.5 1.055031
 2.6 0.407035
 2.7 0.243902
 2.8 0.176211
 2.9 0.134100
 3.0 0.068998
 3.1 0.004771
 3.2 0.000000
 3.3 -0.040620
 3.4 -0.266879
 3.5 -0.374535
 3.6 -0.501444
 3.7 -0.647989
 3.8 -0.846055
 3.9 -0.982625
 4.0 -1.000000
 4.1 -1.001909
 4.2 -1.055500
 4.3 -1.173026
 4.4 -1.286109
 4.5 -1.375596
 4.6 -1.471335
 4.7 -1.615745

ALA 109
 0.0 1.000000
 0.1 1.000000
 0.2 1.000000
 0.3 1.000000
 0.4 1.000000
 0.5 1.000000
 0.6 1.000000
 0.7 1.000000
 0.8 1.000000
 0.9 1.000000
 1.0 1.000000
 1.1 1.000000
 1.2 1.000000
 1.3 1.000000
 1.4 1.000000
 1.5 1.000000
 1.6 1.000000
 1.7 1.000000
 1.8 1.000000
 1.9 1.000000
 2.0 0.500000
 2.1 0.500000
 2.2 0.500000
 2.3 0.500000
 2.4 0.500000
 2.5 0.500000
 2.6 0.500000
 2.7 0.500000
 2.8 0.500000
 2.9 0.500000
 3.0 0.500000
 3.1 0.500000
 3.2 0.500000
 3.3 0.468421
 3.4 0.315436
 3.5 0.262278
 3.6 0.200505
 3.7 0.122652
 3.8 0.022699
 3.9 0.000000
 4.0 -0.002609
 4.1 -0.133817
 4.2 -0.184934
 4.3 -0.197458
 4.4 -0.210831
 4.5 -0.226442
 4.6 -0.198815
 4.7 -0.167000

ALA 114
 0.0 2.000000
 0.1 2.000000
 0.2 2.000000
 0.3 2.000000
 0.4 2.000000
 0.5 2.000000
 0.6 2.000000
 0.7 2.000000
 0.8 2.000000
 0.9 2.000000
 1.0 2.000000
 1.1 2.000000
 1.2 2.000000
 1.3 2.000000
 1.4 2.000000
 1.5 2.000000
 1.6 2.000000
 1.7 2.000000
 1.8 2.000000
 1.9 2.000000
 2.0 2.000000
 2.1 1.990605
 2.2 1.989583
 2.3 1.988565
 2.4 1.978615
 2.5 1.864780
 2.6 1.500000
 2.7 1.500000
 2.8 1.500000
 2.9 1.500000
 3.0 1.500000
 3.1 1.500000
 3.2 1.500000
 3.3 1.500000
 3.4 1.432327
 3.5 1.371996
 3.6 1.306566
 3.7 1.238674
 3.8 1.136822
 3.9 1.007576
 4.0 0.997391
 4.1 0.857617
 4.2 0.727648
 4.3 0.644600
 4.4 0.581469
 4.5 0.530607
 4.6 0.498759
 4.7 0.500000

ALA 115
 0.0 2.000000
 0.1 2.000000
 0.2 2.000000
 0.3 2.000000
 0.4 2.000000
 0.5 2.000000
 0.6 2.000000
 0.7 2.000000
 0.8 2.000000
 0.9 2.000000
 1.0 2.000000
 1.1 2.000000
 1.2 2.000000
 1.3 2.000000
 1.4 2.000000
 1.5 2.000000
 1.6 2.000000
 1.7 2.000000
 1.8 2.000000
 1.9 2.000000
 2.0 1.840351
 2.1 1.741127
 2.2 1.739583
 2.3 1.738046
 2.4 1.723014
 2.5 1.474843
 2.6 0.962312
 2.7 0.820122
 2.8 0.731278
 2.9 0.660920
 3.0 0.544423
 3.1 0.339695
 3.2 0.160558
 3.3 0.043609
 3.4 -0.203579
 3.5 -0.373563
 3.6 -0.617172
 3.7 -0.874033
 3.8 -1.238354
 3.9 -1.703791
 4.0 -1.790598
 4.1 -1.748310
 4.2 -1.658682
 4.3 -1.599650
 4.4 -1.597352
 4.5 -1.598702
 4.6 -1.576803
 4.7 -1.581216

ALA 116
 0.0 2.000000
 0.1 2.000000
 0.2 2.000000
 0.3 2.000000
 0.4 2.000000
 0.5 2.000000
 0.6 2.000000
 0.7 2.000000
 0.8 2.000000
 0.9 2.000000
 1.0 2.000000
 1.1 2.000000
 1.2 2.000000
 1.3 2.000000
 1.4 2.000000
 1.5 2.000000
 1.6 2.000000
 1.7 2.000000
 1.8 2.000000
 1.9 2.000000
 2.0 1.424561
 2.1 1.302714
 2.2 1.302083
 2.3 1.301455
 2.4 1.295316
 2.5 1.033019
 2.6 0.336683
 2.7 0.198171
 2.8 0.143172
 2.9 0.105364
 3.0 0.040643
 3.1 -0.044847
 3.2 -0.199825
 3.3 -0.345131
 3.4 -0.628568
 3.5 -0.796045
 3.6 -0.996106
 3.7 -1.176739
 3.8 -1.440404
 3.9 -1.744300
 4.0 -1.831056
 4.1 -1.932223
 4.2 -1.868811
 4.3 -1.858060
 4.4 -1.775192
 4.5 -1.688830
 4.6 -1.584778
 4.7 -1.534553

ALA 117
 0.0 2.000000
 0.1 2.000000
 0.2 2.000000
 0.3 2.000000
 0.4 2.000000
 0.5 2.000000
 0.6 2.000000
 0.7 2.000000
 0.8 2.000000
 0.9 2.000000
 1.0 2.000000
 1.1 2.000000
 1.2 2.000000
 1.3 2.000000
 1.4 2.000000
 1.5 2.000000
 1.6 2.000000
 1.7 2.000000
 1.8 2.000000
 1.9 2.000000
 2.0 1.331579
 2.1 1.219207
 2.2 1.218750
 2.3 1.218295
 2.4 1.213849
 2.5 1.066038
 2.6 1.000000
 2.7 0.986280
 2.8 0.885463
 2.9 0.825670
 3.0 0.767486
 3.1 0.585878
 3.2 0.152705
 3.3 -0.157143
 3.4 -0.422819
 3.5 -0.612853
 3.6 -0.825253
 3.7 -0.961878
 3.8 -1.156999
 3.9 -1.460438
 4.0 -1.519130
 4.1 -1.631983
 4.2 -1.648373
 4.3 -1.709502
 4.4 -1.745741
 4.5 -1.774779
 4.6 -1.761080
 4.7 -1.816495

ALA 118
 0.0 2.000000
 0.1 2.000000
 0.2 2.000000
 0.3 2.000000
 0.4 2.000000
 0.5 2.000000
 0.6 2.000000
 0.7 2.000000
 0.8 2.000000
 0.9 2.000000
 1.0 2.000000
 1.1 2.000000
 1.2 2.000000
 1.3 2.000000
 1.4 2.000000
 1.5 2.000000
 1.6 2.000000
 1.7 2.000000
 1.8 2.000000
 1.9 2.000000
 2.0 1.645614
 2.1 1.480167
 2.2 1.479167
 2.3 1.478170
 2.4 1.468432
 2.5 1.216981
 2.6 1.000000
 2.7 1.000000
 2.8 0.951542
 2.9 0.823755
 3.0 0.705104
 3.1 0.492366
 3.2 0.216405
 3.3 -0.060150
 3.4 -0.275168
 3.5 -0.410136
 3.6 -0.605556
 3.7 -0.811602
 3.8 -1.080706
 3.9 -1.502525
 4.0 -1.719130
 4.1 -1.788646
 4.2 -1.696084
 4.3 -1.629737
 4.4 -1.579982
 4.5 -1.523802
 4.6 -1.442725
 4.7 -1.452708

ALA 119
 0.0 2.000000
 0.1 2.000000
 0.2 2.000000
 0.3 2.000000
 0.4 2.000000
 0.5 2.000000
 0.6 2.000000
 0.7 2.000000
 0.8 2.000000
 0.9 2.000000
 1.0 2.000000
 1.1 2.000000
 1.2 2.000000
 1.3 2.000000
 1.4 2.000000
 1.5 2.000000
 1.6 2.000000
 1.7 2.000000
 1.8 2.000000
 1.9 2.000000
 2.0 1.631579
 2.1 1.469729
 2.2 1.468750
 2.3 1.467775
 2.4 1.458248
 2.5 1.212264
 2.6 1.000000
 2.7 0.992378
 2.8 0.887665
 2.9 0.775862
 3.0 0.657845
 3.1 0.444656
 3.2 0.049738
 3.3 -0.487970
 3.4 -0.906040
 3.5 -1.042320
 3.6 -1.217341
 3.7 -1.429857
 3.8 -1.533067
 3.9 -1.577596
 4.0 -1.616755
 4.1 -1.666226
 4.2 -1.709443
 4.3 -1.730078
 4.4 -1.729980
 4.5 -1.736244
 4.6 -1.749408
 4.7 -1.737547

CYS 120
 0.0 2.000000
 0.1 2.000000
 0.2 2.000000
 0.3 2.000000
 0.4 2.000000
 0.5 2.000000
 0.6 2.000000
 0.7 2.000000
 0.8 2.000000
 0.9 2.000000
 1.0 2.000000
 1.1 2.000000
 1.2 2.000000
 1.3 2.000000
 1.4 2.000000
 1.5 2.000000
 1.6 2.000000
 1.7 2.000000
 1.8 2.000000
 1.9 2.000000
 2.0 1.664912
 2.1 1.511482
 2.2 1.510417
 2.3 1.509356
 2.4 1.498982
 2.5 1.251572
 2.6 1.000000
 2.7 1.000000
 2.8 1.000000
 2.9 1.000000
 3.0 1.000000
 3.1 0.962786
 3.2 0.746073
 3.3 0.455639
 3.4 0.244966
 3.5 0.164054
 3.6 0.057553
 3.7 -0.000632
 3.8 0.015796
 3.9 0.036178
 4.0 0.037374
 4.1 0.042631
 4.2 0.030936
 4.3 -0.015332
 4.4 -0.057951
 4.5 -0.086035
 4.6 -0.108057
 4.7 -0.154696

ALA 121
 0.0 2.000000
 0.1 2.000000
 0.2 2.000000
 0.3 2.000000
 0.4 2.000000
 0.5 2.000000
 0.6 2.000000
 0.7 2.000000
 0.8 2.000000
 0.9 2.000000
 1.0 2.000000
 1.1 2.000000
 1.2 2.000000
 1.3 2.000000
 1.4 2.000000
 1.5 2.000000
 1.6 2.000000
 1.7 2.000000
 1.8 2.000000
 1.9 2.000000
 2.0 1.877193
 2.1 1.730689
 2.2 1.729167
 2.3 1.727651
 2.4 1.711813
 2.5 1.275157
 2.6 0.160804
 2.7 0.091463
 2.8 0.066079
 2.9 0.038314
 3.0 0.005671
 3.1 -0.024504
 3.2 -0.081262
 3.3 -0.124765
 3.4 -0.151275
 3.5 -0.163130
 3.6 -0.149442
 3.7 -0.122159
 3.8 -0.094135
 3.9 -0.054542
 4.0 -0.050826
 4.1 -0.077356
 4.2 -0.027652
 4.3 0.070886
 4.4 0.158585
 4.5 0.207555
 4.6 0.294984
 4.7 0.375453

ALA 122
 0.0 2.000000
 0.1 2.000000
 0.2 2.000000
 0.3 2.000000
 0.4 2.000000
 0.5 2.000000
 0.6 2.000000
 0.7 2.000000
 0.8 2.000000
 0.9 2.000000
 1.0 2.000000
 1.1 2.000000
 1.2 2.000000
 1.3 2.000000
 1.4 2.000000
 1.5 2.000000
 1.6 2.000000
 1.7 2.000000
 1.8 2.000000
 1.9 2.000000
 2.0 1.938596
 2.1 1.845511
 2.2 1.843750
 2.3 1.840956
 2.4 1.812627
 2.5 1.336478
 2.6 0.035176
 2.7 0.015244
 2.8 0.011013
 2.9 0.000000
 3.0 -0.005051
 3.1 -0.043344
 3.2 -0.197201
 3.3 -0.440313
 3.4 -0.619519
 3.5 -0.685750
 3.6 -0.772333
 3.7 -0.869799
 3.8 -0.967034
 3.9 -1.103542
 4.0 -1.185419
 4.1 -1.265894
 4.2 -1.314645
 4.3 -1.397610
 4.4 -1.507098
 4.5 -1.609842
 4.6 -1.703892
 4.7 -1.855052

ALA 123
 0.0 2.000000
 0.1 2.000000
 0.2 2.000000
 0.3 2.000000
 0.4 2.000000
 0.5 2.000000
 0.6 2.000000
 0.7 2.000000
 0.8 2.000000
 0.9 2.000000
 1.0 2.000000
 1.1 2.000000
 1.2 2.000000
 1.3 2.000000
 1.4 2.000000
 1.5 2.000000
 1.6 2.000000
 1.7 2.000000
 1.8 2.000000
 1.9 2.000000
 2.0 1.992982
 2.1 1.969729
 2.2 1.968750
 2.3 1.967775
 2.4 1.958248
 2.5 1.836478
 2.6 1.500000
 2.7 1.500000
 2.8 1.500000
 2.9 1.500000
 3.0 1.500000
 3.1 1.500000
 3.2 1.445026
 3.3 1.291729
 3.4 1.170022
 3.5 1.126437
 3.6 1.069192
 3.7 1.005525
 3.8 1.000000
 3.9 1.000000
 4.0 1.000000
 4.1 0.939983
 4.2 0.756714
 4.3 0.626494
 4.4 0.532425
 4.5 0.462816
 4.6 0.356020
 4.7 0.333000

ALA 129
 0.0 2.000000
 0.1 2.000000
 0.2 2.000000
 0.3 2.000000
 0.4 2.000000
 0.5 2.000000
 0.6 2.000000
 0.7 2.000000
 0.8 2.000000
 0.9 2.000000
 1.0 2.000000
 1.1 2.000000
 1.2 2.000000
 1.3 2.000000
 1.4 2.000000
 1.5 2.000000
 1.6 2.000000
 1.7 2.000000
 1.8 2.000000
 1.9 2.000000
 2.0 1.938596
 2.1 1.865344
 2.2 1.864583
 2.3 1.863825
 2.4 1.856415
 2.5 1.712264
 2.6 1.500000
 2.7 1.500000
 2.8 1.500000
 2.9 1.500000
 3.0 1.500000
 3.1 1.500000
 3.2 1.421466
 3.3 1.269173
 3.4 1.153244
 3.5 1.110239
 3.6 1.034979
 3.7 0.964750
 3.8 0.935559
 3.9 0.883044
 4.0 0.843165
 4.1 0.833000
 4.2 0.832434
 4.3 0.797867
 4.4 0.753282
 4.5 0.719009
 4.6 0.689805
 4.7 0.628000

ALA 130
 0.0 2.000000
 0.1 2.000000
 0.2 2.000000
 0.3 2.000000
 0.4 2.000000
 0.5 2.000000
 0.6 2.000000
 0.7 2.000000
 0.8 2.000000
 0.9 2.000000
 1.0 2.000000
 1.1 2.000000
 1.2 2.000000
 1.3 2.000000
 1.4 2.000000
 1.5 2.000000
 1.6 2.000000
 1.7 2.000000
 1.8 2.000000
 1.9 2.000000
 2.0 1.456140
 2.1 1.375783
 2.2 1.375000
 2.3 1.373181
 2.4 1.355397
 2.5 1.070755
 2.6 0.185930
 2.7 0.106707
 2.8 0.077093
 2.9 0.057471
 3.0 0.023304
 3.1 0.073718
 3.2 0.095230
 3.3 0.028062
 3.4 -0.037595
 3.5 -0.059714
 3.6 -0.074836
 3.7 -0.089871
 3.8 -0.038117
 3.9 0.066912
 4.0 0.146670
 4.1 0.158411
 4.2 0.114053
 4.3 0.051354
 4.4 0.013454
 4.5 -0.000512
 4.6 -0.040090
 4.7 -0.071353

ALA 131
 0.0 2.000000
 0.1 2.000000
 0.2 2.000000
 0.3 2.000000
 0.4 2.000000
 0.5 2.000000
 0.6 2.000000
 0.7 2.000000
 0.8 2.000000
 0.9 2.000000
 1.0 2.000000
 1.1 2.000000
 1.2 2.000000
 1.3 2.000000
 1.4 2.000000
 1.5 2.000000
 1.6 2.000000
 1.7 2.000000
 1.8 2.000000
 1.9 2.000000
 2.0 1.277193
 2.1 1.187891
 2.2 1.187500
 2.3 1.187110
 2.4 1.183299
 2.5 0.993711
 2.6 0.311558
 2.7 0.182927
 2.8 0.132159
 2.9 0.095785
 3.0 0.010072
 3.1 -0.125405
 3.2 -0.376956
 3.3 -0.598208
 3.4 -0.736969
 3.5 -0.794944
 3.6 -0.849574
 3.7 -0.884495
 3.8 -0.977501
 3.9 -1.148909
 4.0 -1.304678
 4.1 -1.451151
 4.2 -1.529164
 4.3 -1.551730
 4.4 -1.610937
 4.5 -1.619966
 4.6 -1.646410
 4.7 -1.674102

ALA 132
 0.0 2.000000
 0.1 2.000000
 0.2 2.000000
 0.3 2.000000
 0.4 2.000000
 0.5 2.000000
 0.6 2.000000
 0.7 2.000000
 0.8 2.000000
 0.9 2.000000
 1.0 2.000000
 1.1 2.000000
 1.2 2.000000
 1.3 2.000000
 1.4 2.000000
 1.5 2.000000
 1.6 2.000000
 1.7 2.000000
 1.8 2.000000
 1.9 2.000000
 2.0 1.729825
 2.1 1.594990
 2.2 1.593750
 2.3 1.592516
 2.4 1.580448
 2.5 1.331761
 2.6 1.000000
 2.7 1.000000
 2.8 1.000000
 2.9 1.000000
 3.0 0.996219
 3.1 0.917939
 3.2 0.765271
 3.3 0.633835
 3.4 0.494966
 3.5 0.400209
 3.6 0.316667
 3.7 0.249724
 3.8 0.149433
 3.9 0.010943
 4.0 0.000000
 4.1 0.000000
 4.2 0.009678
 4.3 -0.026324
 4.4 -0.122581
 4.5 -0.188024
 4.6 -0.236306
 4.7 -0.349211

ALA 133
 0.0 2.000000
 0.1 2.000000
 0.2 2.000000
 0.3 2.000000
 0.4 2.000000
 0.5 2.000000
 0.6 2.000000
 0.7 2.000000
 0.8 2.000000
 0.9 2.000000
 1.0 2.000000
 1.1 2.000000
 1.2 2.000000
 1.3 2.000000
 1.4 2.000000
 1.5 2.000000
 1.6 2.000000
 1.7 2.000000
 1.8 2.000000
 1.9 2.000000
 2.0 1.538596
 2.1 1.459290
 2.2 1.458333
 2.3 1.457380
 2.4 1.448065
 2.5 1.278302
 2.6 1.000000
 2.7 0.992378
 2.8 0.887665
 2.9 0.775862
 3.0 0.657845
 3.1 0.444656
 3.2 0.112565
 3.3 -0.190977
 3.4 -0.425056
 3.5 -0.582550
 3.6 -0.772222
 3.7 -0.962983
 3.8 -1.163304
 3.9 -1.461279
 4.0 -1.500000
 4.1 -1.500000
 4.2 -1.475963
 4.3 -1.366368
 4.4 -1.345767
 4.5 -1.376658
 4.6 -1.344225
 4.7 -1.300783

ALA 134
 0.0 2.000000
 0.1 2.000000
 0.2 2.000000
 0.3 2.000000
 0.4 2.000000
 0.5 2.000000
 0.6 2.000000
 0.7 2.000000
 0.8 2.000000
 0.9 2.000000
 1.0 2.000000
 1.1 2.000000
 1.2 2.000000
 1.3 2.000000
 1.4 2.000000
 1.5 2.000000
 1.6 2.000000
 1.7 2.000000
 1.8 2.000000
 1.9 2.000000
 2.0 1.103509
 2.1 1.062630
 2.2 1.062500
 2.3 1.062370
 2.4 1.061100
 2.5 1.011006
 2.6 1.000000
 2.7 0.942073
 2.8 0.726872
 2.9 0.613027
 3.0 0.497164
 3.1 0.282443
 3.2 0.048866
 3.3 0.000000
 3.4 -0.220917
 3.5 -0.394462
 3.6 -0.590404
 3.7 -0.795028
 3.8 -1.102144
 3.9 -1.531987
 4.0 -1.781739
 4.1 -2.097143
 4.2 -2.269482
 4.3 -2.261335
 4.4 -2.240966
 4.5 -2.183039
 4.6 -2.101221
 4.7 -1.949903

ALA 135
 0.0 2.000000
 0.1 2.000000
 0.2 2.000000
 0.3 2.000000
 0.4 2.000000
 0.5 2.000000
 0.6 2.000000
 0.7 2.000000
 0.8 2.000000
 0.9 2.000000
 1.0 2.000000
 1.1 2.000000
 1.2 2.000000
 1.3 2.000000
 1.4 2.000000
 1.5 2.000000
 1.6 2.000000
 1.7 2.000000
 1.8 2.000000
 1.9 2.000000
 2.0 1.505263
 2.1 1.438413
 2.2 1.437500
 2.3 1.436590
 2.4 1.427699
 2.5 1.273585
 2.6 1.000000
 2.7 0.986280
 2.8 0.885463
 2.9 0.825670
 3.0 0.767486
 3.1 0.630725
 3.2 0.352531
 3.3 0.142857
 3.4 -0.248322
 3.5 -0.456113
 3.6 -0.738889
 3.7 -1.012155
 3.8 -1.383966
 3.9 -1.770114
 4.0 -1.872010
 4.1 -1.858833
 4.2 -1.770295
 4.3 -1.749768
 4.4 -1.744759
 4.5 -1.753509
 4.6 -1.738473
 4.7 -1.784271

ALA 136
 0.0 2.000000
 0.1 2.000000
 0.2 2.000000
 0.3 2.000000
 0.4 2.000000
 0.5 2.000000
 0.6 2.000000
 0.7 2.000000
 0.8 2.000000
 0.9 2.000000
 1.0 2.000000
 1.1 2.000000
 1.2 2.000000
 1.3 2.000000
 1.4 2.000000
 1.5 2.000000
 1.6 2.000000
 1.7 2.000000
 1.8 2.000000
 1.9 2.000000
 2.0 1.585965
 2.1 1.490605
 2.2 1.489583
 2.3 1.488565
 2.4 1.478615
 2.5 1.287736
 2.6 0.829146
 2.7 0.698171
 2.8 0.604626
 2.9 0.507663
 3.0 0.368620
 3.1 0.100191
 3.2 -0.189066
 3.3 -0.475517
 3.4 -0.753345
 3.5 -0.846254
 3.6 -0.941829
 3.7 -1.097331
 3.8 -1.286913
 3.9 -1.425229
 4.0 -1.589341
 4.1 -1.643919
 4.2 -1.566564
 4.3 -1.466872
 4.4 -1.424913
 4.5 -1.346670
 4.6 -1.284321
 4.7 -1.230733

ALA 137
 0.0 2.000000
 0.1 2.000000
 0.2 2.000000
 0.3 2.000000
 0.4 2.000000
 0.5 2.000000
 0.6 2.000000
 0.7 2.000000
 0.8 2.000000
 0.9 2.000000
 1.0 2.000000
 1.1 2.000000
 1.2 2.000000
 1.3 2.000000
 1.4 2.000000
 1.5 2.000000
 1.6 2.000000
 1.7 2.000000
 1.8 2.000000
 1.9 2.000000
 2.0 1.321053
 2.1 1.208768
 2.2 1.208333
 2.3 1.207900
 2.4 1.203666
 2.5 1.058176
 2.6 0.962312
 2.7 0.820122
 2.8 0.731278
 2.9 0.660920
 3.0 0.519849
 3.1 0.209924
 3.2 -0.117801
 3.3 -0.360150
 3.4 -0.567114
 3.5 -0.703239
 3.6 -0.836364
 3.7 -0.967403
 3.8 -1.153827
 3.9 -1.424997
 4.0 -1.507969
 4.1 -1.457453
 4.2 -1.538474
 4.3 -1.622251
 4.4 -1.687278
 4.5 -1.703718
 4.6 -1.790624
 4.7 -1.831991

ALA 138
 0.0 2.000000
 0.1 2.000000
 0.2 2.000000
 0.3 2.000000
 0.4 2.000000
 0.5 2.000000
 0.6 2.000000
 0.7 2.000000
 0.8 2.000000
 0.9 2.000000
 1.0 2.000000
 1.1 2.000000
 1.2 2.000000
 1.3 2.000000
 1.4 2.000000
 1.5 2.000000
 1.6 2.000000
 1.7 2.000000
 1.8 2.000000
 1.9 2.000000
 2.0 1.222807
 2.1 1.146138
 2.2 1.145833
 2.3 1.145530
 2.4 1.142566
 2.5 1.042453
 2.6 0.974874
 2.7 0.731707
 2.8 0.528634
 2.9 0.440613
 3.0 0.327032
 3.1 0.116412
 3.2 0.000000
 3.3 -0.067669
 3.4 -0.308725
 3.5 -0.470742
 3.6 -0.723232
 3.7 -0.990055
 3.8 -1.351198
 3.9 -1.888889
 4.0 -2.157391
 4.1 -2.243810
 4.2 -2.226217
 4.3 -2.123876
 4.4 -2.027552
 4.5 -1.951196
 4.6 -1.874013
 4.7 -1.751009

ALA 139
 0.0 0.000000
 0.1 0.000000
 0.2 0.000000
 0.3 0.000000
 0.4 0.000000
 0.5 0.000000
 0.6 0.000000
 0.7 0.000000
 0.8 0.000000
 0.9 0.000000
 1.0 0.000000
 1.1 0.000000
 1.2 0.000000
 1.3 0.000000
 1.4 0.000000
 1.5 0.000000
 1.6 0.000000
 1.7 0.000000
 1.8 0.000000
 1.9 0.000000
 2.0 0.000000
 2.1 0.000000
 2.2 0.000000
 2.3 0.000000
 2.4 0.000000
 2.5 0.000000
 2.6 0.000000
 2.7 0.000000
 2.8 0.000000
 2.9 0.000000
 3.0 0.000000
 3.1 0.000000
 3.2 0.000000
 3.3 0.000000
 3.4 0.000000
 3.5 0.000000
 3.6 0.000000
 3.7 0.000000
 3.8 0.000000
 3.9 0.000000
 4.0 0.000000
 4.1 0.000000
 4.2 0.000000
 4.3 0.000000
 4.4 0.000000
 4.5 0.000000
 4.6 0.000000
 4.7 0.000000

