ATOMS
N 30.316 24.264 33.069
O 31.374 25.025 35.486

N 32.479 26.751 34.577
O 31.455 29.232 36.023
H 32.725 27.209 33.711

N 31.750 27.845 37.762
O 32.571 28.101 40.441
H 32.125 26.958 38.067

N 31.834 30.205 40.293
O 30.730 31.670 42.474
H 31.213 30.833 39.802

N 31.989 30.315 43.699
O 32.574 32.303 45.666
H 32.782 29.694 43.771

N 30.356 32.702 45.581
O 30.462 34.909 48.385
H 29.464 32.308 45.319

N 28.957 33.353 47.889
O 27.783 31.042 48.763
H 28.621 32.699 47.196

N 27.889 31.697 50.908
O 27.137 31.226 53.575
H 27.949 32.473 51.552

N 26.152 29.342 52.891
O 25.892 26.732 53.722
H 26.024 28.721 52.105

N 36.824 28.529 51.883
O 38.013 27.874 49.634
H 35.941 28.129 52.165

N 37.854 29.951 48.722
O 38.423 27.782 45.938
H 37.503 30.888 48.857

N 36.471 28.626 46.737
O 34.554 28.948 44.458
H 36.037 29.398 47.222

N 35.574 27.009 43.844
O 35.664 24.694 42.051
H 36.082 26.207 44.189

N 33.695 25.544 41.412
O 33.124 25.395 38.708
H 33.097 26.357 41.380

N 33.328 23.171 38.723
O 32.560 20.739 37.296
H 33.384 22.347 39.304

N 31.241 22.365 36.446
O 30.842 21.672 33.772
H 31.147 23.358 36.289

N 29.927 19.734 34.472
O 28.529 17.373 33.838
H 29.420 19.275 35.215

N 28.725 17.775 31.666
O 28.653 16.387 29.125
H 29.169 18.316 30.938

N 25.592 14.286 34.571
O 27.030 14.201 36.962
H 25.104 13.707 35.239

N 28.499 15.626 36.082
O 29.455 17.911 36.920
H 28.742 16.162 35.261

N 30.849 17.052 38.400
O 32.925 16.941 40.040
H 31.189 16.221 38.862

N 33.562 19.030 39.527
O 34.135 21.250 40.680
H 33.421 19.823 38.918

N 34.984 20.199 42.478
O 37.084 20.529 44.136
H 35.237 19.314 42.894

N 36.911 22.730 43.897
O 36.996 24.736 45.584
H 36.357 23.494 43.537

N 38.614 23.801 46.784
O 39.906 23.421 49.073
H 39.297 23.064 46.885

N 39.479 25.424 49.939
O 38.489 25.374 52.532
H 38.976 26.294 49.841

N 39.948 23.717 52.960
O 41.408 22.859 55.205
H 40.776 23.234 52.641

N 39.818 23.511 56.602
O 39.403 22.002 59.226
H 38.878 23.850 56.750

N 41.294 21.097 58.325
O 42.397 20.821 60.799
H 42.040 21.264 57.665

N 45.319 21.524 59.292
O 44.008 22.969 57.452
H 44.323 21.555 59.456

N 45.749 22.828 56.032
O 45.992 23.633 52.808
H 46.671 22.459 55.849

N 44.524 22.076 53.580
O 42.353 22.612 51.713
H 44.036 21.694 54.378

N 43.922 22.172 50.132
O 43.339 20.454 48.120
H 44.871 21.870 49.965

N 41.273 21.072 48.859
O 39.736 20.878 46.507
H 40.769 21.796 49.350

N 40.404 18.699 46.388
O 39.081 16.258 45.443
H 40.911 17.965 46.862

N 37.677 17.942 45.062
O 35.964 17.604 42.806
H 37.590 18.936 44.908

N 35.332 15.618 43.752
O 33.049 14.035 44.088
H 35.425 15.026 44.565

N 32.206 15.156 42.284
O 30.385 14.823 40.096
H 32.433 15.787 41.529

N 29.483 13.106 41.234
O 26.885 12.508 41.727
H 29.516 12.561 42.084

N 26.292 13.163 39.650
O 23.964 12.274 37.969
H 26.623 13.289 38.704

N 23.022 11.982 40.034
O 20.231 12.676 40.424
H 23.139 12.223 41.008

N 19.985 11.779 38.393
O 17.468 10.622 39.034
H 20.392 11.182 37.687

N 16.517 18.722 40.771
O 17.192 15.866 41.021
H 15.922 18.256 40.101

N 18.917 16.687 42.197
O 20.037 15.457 44.401
H 19.252 17.470 42.740

N 20.795 13.729 43.245
O 23.238 12.830 42.804
H 20.760 13.238 42.363

N 23.774 13.590 44.843
O 26.131 13.089 46.544
H 23.472 13.768 45.790

N 26.771 12.030 44.698
O 29.501 12.416 44.213
H 26.613 11.864 43.714

N 29.818 12.171 46.394
O 31.848 11.569 48.066
H 29.517 11.795 47.281

N 33.353 12.588 46.705
O 35.648 13.715 45.932
H 33.450 13.205 45.911

N 36.798 12.903 47.704
O 38.841 11.751 46.684
H 36.804 12.248 48.473

N 30.482 11.293 50.688
O 28.566 11.152 48.779
H 30.754 11.829 49.876

N 26.874 11.413 50.276
O 24.324 12.353 50.945
H 26.646 11.493 51.257

N 24.623 13.599 49.088
O 22.984 14.712 47.185
H 25.125 13.669 48.214

N 21.598 15.617 48.654
O 22.108 18.134 47.744
H 21.313 15.683 49.621

N 21.201 17.688 45.750
O 20.310 19.069 43.167
H 20.667 17.031 45.199

N 20.016 20.582 44.796
O 20.106 23.343 44.242
H 20.347 20.925 45.686

N 19.096 22.849 42.278
O 17.026 24.646 41.256
H 18.641 22.107 41.765

N 18.122 25.719 42.848
O 15.499 27.726 41.708
H 18.978 25.830 43.373

N 17.697 28.206 41.586
O 19.979 29.254 40.471
H 18.616 28.049 41.975

N 18.900 29.710 38.606
O 18.322 30.618 36.236
H 18.009 29.677 38.131

N 24.360 33.783 37.443
O 22.683 31.664 38.025
H 23.640 33.645 36.748

N 23.813 31.292 40.009
O 23.705 30.675 42.714
H 24.557 31.663 40.583

N 21.885 29.403 42.391
O 20.587 26.999 43.255
H 21.238 29.036 41.707

N 22.248 27.056 44.718
O 21.760 26.515 47.329
H 23.019 27.590 45.092

N 21.081 24.426 46.933
O 20.358 21.782 47.583
H 20.965 23.707 46.233

N 21.002 22.248 49.694
O 21.024 21.566 52.411
H 21.285 22.962 50.350

N 19.470 20.072 51.841
O 19.326 17.414 52.798
H 18.956 19.654 51.079

N 20.471 18.356 54.511
O 20.303 15.153 56.086
H 20.699 19.215 54.990

N 19.310 17.125 56.609
O 17.352 18.686 57.951
H 19.238 18.111 56.400

N 16.152 16.739 57.885
O 14.593 16.148 60.137
H 16.230 15.737 57.783

N 14.163 22.087 57.465
O 16.407 23.028 58.911
H 13.971 22.980 57.034

N 16.751 20.821 59.299
O 19.777 21.221 61.266
H 16.530 19.901 58.945

N 19.492 20.859 59.108
O 20.681 20.189 56.525
H 18.845 20.621 58.370

N 21.252 22.334 56.772
O 23.331 23.813 55.954
H 21.419 23.097 57.413

N 22.967 23.374 53.753
O 22.736 24.273 51.215
H 22.495 22.762 53.102

N 23.979 26.075 51.542
O 25.536 27.984 50.356
H 24.615 26.584 52.139

N 24.806 27.482 48.331
O 24.200 28.869 46.031
H 24.176 26.943 47.754

N 25.824 30.374 46.550
O 27.745 31.818 45.005
H 26.587 30.579 47.179

N 26.474 30.927 43.423
O 26.312 32.721 41.205
H 25.574 30.522 43.207

N 28.496 32.477 40.854
O 30.433 32.303 38.893
H 29.320 31.945 41.095

N 29.160 33.497 37.542
O 32.337 33.543 35.880
H 28.323 34.049 37.424

EDGES
1 3 3.624611
1 5 3.858558
1 45 3.983209
1 46 2.736667
1 47 3.446708
1 48 4.758217
1 50 5.504385
2 3 2.241959
2 4 4.241907
2 5 3.121807
2 6 3.643344
2 8 3.310899
2 40 3.685198
2 42 4.211128
2 43 4.801301
2 44 5.078278
2 45 2.831058
2 46 3.803082
2 47 1.864196
2 48 5.578233
3 6 3.445650
3 8 3.514010
3 40 4.395443
3 42 5.543150
3 45 4.925728
3 46 5.396669
3 47 4.027110
4 6 2.243862
4 7 4.695034
4 8 3.130162
4 9 4.395824
4 11 4.111278
4 40 4.971655
4 238 4.325786
4 240 5.075885
4 241 4.402624
5 6 4.214940
5 8 4.404286
5 40 5.331023
5 45 5.757327
5 47 4.895546
6 9 3.461592
6 11 3.657610
6 39 4.732877
6 40 2.963999
6 41 4.137448
6 42 5.025921
6 45 5.658740
6 47 4.760936
6 238 4.784079
7 9 2.234254
7 10 4.501126
7 11 3.117099
7 12 3.981844
7 14 3.697441
7 34 4.559165
7 36 4.668070
7 37 4.875079
7 38 5.473743
7 39 2.957104
7 40 3.260603
7 41 2.049374
7 42 5.275365
7 238 4.962273
7 239 5.076717
8 9 3.947501
8 11 4.342533
8 37 5.789859
8 39 3.956428
8 40 1.962613
8 41 3.504562
8 42 4.027271
8 44 4.937264
8 45 4.950227
8 47 4.132526
8 238 5.666936
9 12 3.411299
9 14 3.640921
9 34 5.130855
9 39 5.142023
9 40 5.226129
9 41 4.193309
9 237 4.076635
9 238 2.885204
9 239 3.160854
9 240 5.055249
9 241 5.556062
10 12 2.218497
10 13 3.740306
10 14 3.130094
10 15 3.295201
10 17 3.178651
10 20 5.272950
10 34 5.095931
10 232 3.916387
10 234 4.423368
10 235 4.715261
10 236 5.332872
10 237 2.875136
10 238 3.648624
10 239 1.991323
10 240 5.488848
11 12 4.007132
11 14 4.417244
11 41 5.106282
11 235 5.436244
11 237 3.345374
11 238 1.896202
11 239 2.547909
11 240 4.052074
11 241 4.897914
11 242 4.934535
12 15 3.450563
12 17 3.601677
12 20 5.408871
12 33 5.671903
12 34 3.003997
12 35 5.444146
12 36 4.878820
12 39 5.559069
12 41 4.719236
12 232 4.687876
12 234 5.555713
12 237 4.996931
12 238 5.428712
12 239 4.069555
13 15 2.255205
13 16 4.317956
13 17 3.129302
13 18 4.373433
13 20 4.257220
13 33 5.463879
13 34 4.078687
13 35 4.780432
13 232 4.898100
13 239 5.622341
14 15 4.267275
14 17 4.498714
14 33 4.852474
14 34 2.041683
14 35 4.753109
14 36 3.874251
14 38 4.819117
14 39 4.860139
14 41 4.117241
14 232 5.604061
14 239 4.920713
15 18 2.776304
15 19 4.416000
15 20 2.370329
15 34 5.742547
15 231 5.186287
15 232 2.816124
15 233 4.611518
15 234 4.783044
15 236 5.766784
15 237 5.084757
15 239 4.665891
16 18 2.220851
16 19 4.719493
16 20 3.112411
16 21 4.827298
16 23 4.720080
16 232 5.325483
17 18 2.820279
17 19 4.036044
17 20 2.094435
17 231 4.301781
17 232 1.814844
17 233 3.837469
17 234 3.800273
17 235 5.199103
17 236 4.773095
17 237 4.571850
17 239 4.242014
18 21 3.605180
18 23 3.899748
18 231 4.525820
18 232 3.484627
18 233 3.716998
18 234 5.656494
19 21 2.245281
19 22 4.858654
19 23 3.139082
19 24 4.752951
19 26 4.432842
19 226 4.115583
19 228 4.660767
19 229 5.002364
19 230 5.552507
19 231 3.030062
19 232 3.837471
19 233 2.038097
19 234 5.499301
20 21 3.913920
20 23 4.413320
20 231 3.694070
20 232 2.518733
20 233 2.938000
20 234 4.688829
20 236 5.471349
21 24 3.534895
21 26 3.710473
21 226 4.430314
21 231 5.000672
21 233 4.104944
22 24 2.233279
22 25 4.665584
22 26 3.110417
22 226 4.841046
22 227 5.474554
23 24 3.850362
23 26 4.253109
23 226 5.234893
23 233 4.956350
24 225 4.149099
24 226 2.941062
24 227 3.245680
24 228 5.105381
25 220 4.478963
25 222 4.453398
25 223 4.721447
25 224 5.261645
25 225 2.973822
25 226 3.608905
25 227 2.039245
25 228 5.550205
26 223 5.602477
26 225 3.391211
26 226 1.959672
26 227 2.559923
26 228 4.154723
26 230 5.050504
26 231 5.799175
26 233 5.294772
27 30 3.615924
27 32 3.896485
27 33 5.159005
27 35 4.806189
27 75 4.524288
27 76 3.625941
27 77 3.714309
28 30 2.273973
28 31 3.719809
28 32 3.154049
28 33 3.366879
28 35 3.470576
28 70 5.223393
28 72 5.007298
28 73 4.871076
28 74 5.686981
28 75 2.871355
28 76 3.856810
28 77 1.861886
28 78 5.664552
29 30 4.339758
29 32 4.582007
29 33 5.476412
29 35 5.104197
29 75 4.978910
29 76 3.770546
29 77 4.240215
30 33 2.758358
30 34 5.484314
30 35 2.420186
30 75 4.961395
30 77 3.985561
31 33 2.271792
31 34 4.303384
31 35 3.154855
31 36 3.619277
31 37 5.679489
31 38 3.319625
31 69 5.654602
31 70 3.382272
31 71 5.331051
31 72 4.074378
31 73 5.571879
31 74 4.890829
31 75 4.762699
31 77 4.213474
32 33 3.267425
32 34 5.640160
32 35 2.653767
32 77 4.923700
33 36 3.433474
33 38 3.534853
33 70 4.091104
33 72 5.279705
33 75 5.436329
33 77 4.620397
34 36 2.275328
34 37 5.012212
34 38 3.149639
34 39 4.647926
34 41 4.279044
34 70 4.997218
35 36 4.163241
35 38 4.402680
35 70 5.033584
35 77 5.013153
36 39 3.404628
36 41 3.554143
36 69 4.483327
36 70 3.196281
36 71 3.614217
36 72 5.308151
37 39 2.237807
37 40 4.256601
37 41 3.131341
37 42 4.341890
37 44 4.272332
37 64 4.009815
37 66 4.566153
37 67 4.869379
37 68 5.462360
37 69 2.969852
37 70 3.775987
37 71 2.031858
37 72 5.648118
38 39 3.721433
38 41 4.101610
38 67 5.765978
38 69 3.586368
38 70 2.223795
38 71 2.803765
38 72 4.351308
38 74 5.242432
39 42 3.605071
39 44 3.842030
39 64 4.378111
39 66 5.600616
39 69 4.943327
39 70 5.380990
39 71 3.975471
40 42 2.233387
40 43 4.897977
40 44 3.116588
40 45 4.224125
40 47 3.729539
40 64 4.700205
40 65 5.583860
41 42 4.154950
41 44 4.524627
41 64 5.258221
41 71 4.845309
42 45 3.192168
42 46 5.739303
42 47 3.273543
42 63 4.224814
42 64 2.858555
42 65 3.354963
42 66 5.067065
42 71 5.696821
43 45 2.259676
43 46 4.029961
43 47 3.141620
43 48 3.989698
43 50 4.041467
43 58 4.216632
43 60 4.211924
43 61 4.699741
43 62 4.974366
43 63 2.983630
43 64 3.767387
43 65 2.052136
43 66 5.746347
44 45 3.572245
44 47 3.887996
44 61 5.475145
44 63 3.329249
44 64 1.913318
44 65 2.553613
44 66 4.153093
44 68 5.051811
44 71 5.298361
45 48 3.541953
45 50 3.792031
45 58 4.822094
45 60 5.674482
45 63 5.099199
45 64 5.248354
45 65 4.162325
46 48 2.254566
46 49 4.882185
46 50 3.138462
46 51 4.909535
46 53 4.700343
46 58 5.096940
47 48 4.233588
47 50 4.561457
47 58 5.738539
47 64 5.714253
47 65 4.957715
48 51 3.627137
48 53 3.882582
48 57 4.637558
48 58 3.088498
48 59 3.845248
48 60 4.844831
48 62 5.762457
48 65 5.655340
49 51 2.217567
49 52 4.816632
49 53 3.115903
49 54 4.323520
49 55 4.697655
49 56 5.208933
49 57 2.844019
49 58 3.262766
49 59 1.880643
49 60 5.128088
50 51 3.915153
50 53 4.390377
50 57 3.862011
50 58 2.183746
50 59 3.186310
50 60 4.138598
50 62 5.075124
50 65 5.479098
51 54 5.516143
51 57 4.916333
51 58 5.306214
51 59 3.940315
53 59 4.848750
54 57 3.539685
54 58 5.794928
54 59 3.730680
54 117 5.248559
54 118 4.271409
54 119 4.374775
55 57 2.227776
55 58 4.432436
55 59 3.109641
55 60 4.978032
55 62 4.998768
55 112 4.633019
55 114 5.046406
55 115 5.058903
55 117 2.974463
55 118 3.758688
55 119 2.007973
55 120 5.515905
56 57 3.989892
56 59 4.388913
56 117 4.600457
56 118 3.287246
56 119 3.806351
56 120 5.504759
57 60 3.595706
57 62 3.913889
57 112 4.507106
57 117 4.864961
57 119 3.981938
58 60 2.207151
58 61 4.766151
58 62 3.103904
58 63 4.991599
58 65 4.834967
58 112 4.526325
58 119 5.706642
59 60 3.883925
59 62 4.354135
59 112 5.279166
59 119 4.959691
60 63 3.541607
60 64 5.798224
60 65 3.816012
60 111 4.530091
60 112 2.839041
60 113 3.728260
60 114 5.046625
60 119 5.666715
61 63 2.243403
61 64 4.521192
61 65 3.132223
61 66 4.560470
61 68 4.372847
61 106 4.162433
61 108 4.617675
61 109 4.984628
61 110 5.512971
61 111 2.956133
61 112 3.307667
61 113 1.947024
61 114 5.289634
62 63 3.736822
62 65 4.237849
62 111 3.725399
62 112 2.030659
62 113 2.974690
62 114 4.270837
62 116 5.155173
62 119 5.428623
63 66 3.478081
63 68 3.771335
63 106 4.307542
63 108 5.711853
63 111 4.944458
63 112 5.302447
63 113 3.974883
64 66 2.249046
64 67 4.600041
64 68 3.140748
64 69 4.499518
64 71 4.258552
64 106 4.599830
64 113 5.784633
65 66 3.906142
65 68 4.400626
65 106 5.148529
65 113 4.907419
66 69 3.483224
66 71 3.723390
66 105 4.361577
66 106 2.793208
66 107 3.780384
66 108 4.767572
66 110 5.595532
66 111 5.760796
66 113 5.184009
67 69 2.220687
67 70 4.450090
67 71 3.111038
67 72 4.478704
67 74 4.345181
67 100 3.574429
67 102 4.409400
67 103 4.892617
67 104 5.352672
67 105 2.810995
67 106 3.402782
67 107 1.841105
67 108 5.228277
67 110 5.763621
68 69 3.934125
68 71 4.374957
68 103 5.532890
68 105 3.540651
68 106 1.860208
68 107 3.120207
68 108 3.795472
68 110 4.605923
68 111 5.181508
68 113 4.708011
69 72 3.518809
69 74 3.838319
69 100 4.268797
69 105 4.986875
69 106 5.325689
69 107 3.984670
70 72 2.220844
70 73 4.729741
70 74 3.127745
70 75 5.060105
70 77 4.946697
70 100 4.821171
71 72 3.966271
71 74 4.476338
71 100 5.204037
71 107 4.916838
72 75 3.651901
72 77 3.961230
72 99 4.338588
72 100 3.143174
72 101 3.904921
72 102 5.421376
72 107 5.313772
73 75 2.223577
73 76 4.217437
73 77 3.115903
73 78 3.898480
73 80 3.677294
73 94 3.689429
73 96 4.337019
73 97 4.636463
73 98 5.277546
73 99 2.726222
73 100 3.616643
73 101 1.860678
73 102 5.454770
74 75 3.863889
74 77 4.390202
74 94 5.731756
74 96 5.720953
74 97 4.967403
74 99 3.430644
74 100 2.261460
74 101 3.138604
74 102 4.530528
74 104 5.348395
74 105 5.672972
74 107 4.884953
75 78 3.501464
75 80 3.712023
75 94 4.394803
75 96 5.509356
75 99 4.829569
75 100 5.701823
75 101 3.895306
76 78 2.248892
76 79 4.689426
76 80 3.133983
76 81 4.669252
76 83 4.501713
76 94 4.819741
76 101 5.303358
77 78 4.160994
77 80 4.521460
77 94 5.335320
77 99 5.788766
77 101 4.867025
78 81 3.650137
78 83 3.940392
78 86 5.703569
78 93 4.900720
78 94 2.925758
78 95 4.776505
78 96 5.116374
78 99 5.056664
78 101 4.170897
79 81 2.214681
79 82 4.574157
79 83 3.125701
79 84 3.584974
79 86 2.999175
79 88 3.438184
79 89 5.316826
79 90 4.419182
79 91 5.230463
79 92 5.317321
79 93 3.600440
79 94 3.626031
79 95 2.991244
79 96 5.703288
80 81 4.084607
80 83 4.567903
80 86 5.542488
80 91 5.233904
80 93 4.033632
80 94 1.932614
80 95 4.002046
80 96 4.161759
80 98 5.078435
80 99 4.384607
80 101 3.591458
81 84 3.312809
81 85 5.612678
81 86 3.334106
81 88 4.309567
81 89 5.680341
81 93 5.773919
81 94 5.580031
81 95 5.102861
82 84 2.281821
82 85 3.582335
82 86 3.152005
82 88 5.028736
82 89 4.945615
83 84 3.987065
83 86 4.186032
83 88 5.252225
84 87 4.161495
84 88 3.410617
84 89 3.265542
84 90 5.301060
84 95 4.842910
85 87 3.362044
85 88 4.290878
85 89 2.460057
86 87 3.669683
86 88 2.612550
86 89 2.916239
86 90 4.343900
86 92 5.115862
86 93 4.849415
86 95 3.869533
87 90 3.537360
87 92 3.815282
87 93 5.793416
87 95 5.081573
88 90 2.251080
88 91 5.093514
88 92 3.149806
88 93 4.007005
88 95 3.328045
89 90 3.921451
89 92 4.397814
89 95 5.088003
90 93 2.842258
90 94 5.498476
90 95 2.637431
91 93 2.274919
91 94 3.934944
91 95 3.170261
91 96 3.685159
91 98 3.528096
92 93 3.147167
92 95 3.113244
93 96 3.501475
93 98 3.637454
93 101 5.663155
94 96 2.270445
94 97 4.305672
94 98 3.153790
94 99 3.418087
94 101 2.959507
95 96 4.274342
95 98 4.494749
96 99 3.138109
96 100 5.686621
96 101 3.270215
97 99 2.279562
97 100 3.970284
97 101 3.149407
97 102 3.833285
97 104 3.697684
98 99 3.847810
98 101 4.148506
99 102 3.534421
99 104 3.711132
100 102 2.282198
100 103 4.785971
100 104 3.161047
100 105 3.866213
100 107 3.306581
101 102 4.300939
101 104 4.570215
102 105 3.125357
102 107 3.188286
103 105 2.225361
103 106 4.298974
103 107 3.111429
103 108 4.162221
103 110 3.956646
103 145 4.300170
103 147 4.645453
103 148 4.680890
103 149 5.517765
104 105 3.701255
104 107 3.973663
105 108 3.551915
105 110 3.717737
105 145 4.768781
105 147 5.757111
106 108 2.288785
106 109 4.783149
106 110 3.167126
106 111 4.515280
106 113 4.171352
106 145 4.999605
107 108 4.176604
107 110 4.482519
107 145 5.663813
108 111 3.484300
108 113 3.657115
108 144 4.670926
108 145 2.910956
108 146 3.745100
108 147 5.013849
109 111 2.285105
109 112 4.863528
109 113 3.161873
109 114 4.660978
109 116 4.320970
109 139 3.901934
109 141 4.385373
109 142 4.831981
109 143 5.261927
109 144 3.005813
109 145 3.202739
109 146 2.042800
109 147 5.330280
110 111 3.947382
110 113 4.329952
110 144 3.849237
110 145 1.907128
110 146 3.004727
110 147 4.030580
110 148 5.185059
110 149 4.989127
111 114 3.566473
111 116 3.743010
111 139 4.306468
111 141 5.612920
111 144 5.239797
111 145 5.218405
111 146 4.302216
112 114 2.248719
112 115 4.502153
112 116 3.134318
112 117 4.439275
112 119 4.294585
112 139 4.850236
113 114 3.997160
113 116 4.384517
113 139 5.211921
113 146 5.186804
114 117 3.562974
114 119 3.822825
114 138 4.529019
114 139 3.057918
114 140 3.991223
114 141 5.254717
115 117 2.257123
115 118 4.765455
115 119 3.133231
115 120 4.250376
115 122 3.825010
115 133 3.816310
115 135 4.534148
115 136 4.910149
115 137 5.453819
115 138 3.011365
115 139 3.610002
115 140 2.106392
115 141 5.522404
116 117 4.084230
116 119 4.508196
116 136 5.623932
116 138 3.827529
116 139 2.133985
116 140 3.401488
116 141 4.338134
116 143 5.253148
116 146 5.526031
117 120 3.497873
117 122 3.559378
117 133 4.402899
117 135 5.787046
117 138 5.195713
117 139 5.628202
117 140 4.278614
118 120 2.288417
118 121 4.485969
118 122 3.149404
118 123 4.032027
118 125 3.745821
118 133 4.920715
118 134 5.522875
119 120 4.055163
119 122 4.310804
119 133 5.336563
119 140 5.208726
120 123 3.457956
120 125 3.614597
120 132 4.280427
120 133 2.904937
120 134 3.481152
120 135 5.126173
120 140 5.143112
121 123 2.233850
121 124 3.712841
121 125 3.122359
121 127 4.446125
121 129 4.578018
121 130 4.856761
121 131 5.413385
121 132 3.063486
121 133 3.837990
121 134 2.086961
121 135 5.737230
122 123 4.121053
122 125 4.433817
122 130 5.620819
122 132 3.573030
122 133 1.898385
122 134 2.919913
122 135 4.120575
122 137 5.036411
122 138 5.181194
122 140 4.418144
123 127 5.604534
123 132 5.291550
123 133 5.580639
123 134 4.300024
124 127 5.614613
124 134 5.363111
125 134 5.121283
126 129 3.454664
126 131 3.595092
126 163 4.499786
126 165 5.648294
126 168 5.094548
126 170 4.117965
127 129 2.243355
127 130 4.436858
127 131 3.125920
127 132 4.742842
127 134 4.630116
127 163 4.958472
127 164 5.557745
128 129 3.978065
128 131 4.320997
128 163 5.414413
128 170 4.999206
129 132 3.657178
129 134 3.914052
129 162 4.340791
129 163 2.924940
129 164 3.491825
129 165 4.809743
129 167 5.672624
129 170 5.444190
130 132 2.212890
130 133 4.438236
130 134 3.098408
130 135 4.200741
130 137 4.072010
130 157 4.121952
130 159 4.533247
130 160 4.757207
130 161 5.378443
130 162 2.855181
130 163 3.826726
130 164 1.873814
130 165 5.140242
130 167 5.625509
131 132 4.078107
131 134 4.508438
131 160 5.799797
131 162 3.592523
131 163 1.964305
131 164 2.870823
131 165 3.807279
131 167 4.670649
131 168 5.401057
131 170 4.777627
132 135 3.383396
132 137 3.693897
132 157 4.613200
132 159 5.785035
132 162 4.702504
132 163 5.362547
132 164 3.838972
133 135 2.241075
133 136 4.735412
133 137 3.138598
133 138 4.087704
133 140 3.626552
133 157 4.774893
133 158 5.790750
133 164 5.476720
134 135 3.918992
134 137 4.402292
134 157 5.510947
134 162 5.609701
134 164 4.736918
135 138 3.381809
135 140 3.509079
135 156 4.329077
135 157 2.714396
135 158 3.632504
135 159 4.833987
135 160 5.642632
135 161 5.767708
135 162 4.923066
135 164 4.649803
136 138 2.222340
136 139 4.152516
136 140 3.121194
136 141 3.802525
136 143 3.699000
136 151 3.830981
136 153 4.157986
136 154 4.814119
136 155 5.002480
136 156 3.001016
136 157 3.598419
136 158 2.034044
136 159 5.602765
137 138 3.885423
137 140 4.219108
137 154 5.413146
137 156 3.497165
137 157 1.753655
137 158 2.935641
137 159 3.890138
137 160 4.973989
137 161 4.796360
137 162 4.530501
137 164 4.343325
138 141 3.490058
138 143 3.777252
138 151 4.543949
138 153 5.612966
138 156 5.133007
138 157 5.264947
138 158 4.214012
139 141 2.217493
139 142 4.590362
139 143 3.130259
139 144 4.591030
139 146 4.370392
139 151 4.829107
140 141 4.189114
140 143 4.600159
140 151 5.474977
140 157 5.773092
140 158 5.071703
141 144 3.573071
141 146 3.807081
141 150 4.432856
141 151 2.879946
141 152 3.621793
141 153 4.930682
141 158 5.251729
142 144 2.270618
142 145 4.857908
142 146 3.144348
142 147 5.139368
142 149 5.018827
142 150 2.969346
142 151 3.384344
142 152 2.130853
142 153 5.445100
143 144 3.959232
143 146 4.396986
143 150 3.576434
143 151 1.887287
143 152 2.874952
143 153 4.012655
143 155 4.913494
143 156 5.520045
143 158 4.865391
144 147 3.600729
144 148 5.551500
144 149 3.892406
144 150 5.077790
144 151 5.411002
144 152 4.169667
145 147 2.263146
145 148 3.823356
145 149 3.153586
146 147 3.809876
146 148 5.636890
146 149 4.327703
146 152 4.988288
150 153 3.633429
150 155 3.883125
151 153 2.274202
151 154 4.912079
151 155 3.153278
151 156 4.650864
151 158 4.300581
152 153 3.922685
152 155 4.346921
153 156 3.355137
153 158 3.521417
154 156 2.256184
154 157 4.636602
154 158 3.135573
154 159 4.830471
154 161 4.680598
155 156 3.637626
155 158 4.038349
156 159 3.662145
156 160 5.357031
156 161 3.947562
157 159 2.213138
157 160 3.576303
157 161 3.109530
157 162 3.754316
157 164 3.832812
158 159 4.053151
158 160 5.409197
158 161 4.535106
159 162 3.588853
159 164 3.847490
159 199 5.056078
159 200 5.399829
160 162 2.235531
160 163 5.005593
160 164 3.125718
160 165 4.365761
160 167 3.889237
160 193 4.049238
160 195 4.685161
160 197 5.547806
160 198 5.244073
160 200 4.834018
161 162 4.360873
161 164 4.667816
161 198 5.252463
161 199 4.127694
161 200 4.842526
161 201 5.636133
162 165 3.269492
162 167 3.348370
162 193 4.564140
163 165 2.242598
163 166 4.411838
163 167 3.129132
163 168 4.068478
163 170 3.739065
163 193 5.183023
163 194 5.598252
164 165 3.632604
164 167 3.937360
164 193 5.324560
165 168 3.510842
165 170 3.661040
165 173 5.535691
165 192 4.525188
165 193 3.053577
165 194 3.568080
165 195 5.266703
166 168 2.263058
166 169 4.483348
166 170 3.132004
166 171 3.394830
166 173 2.865783
166 176 5.431926
166 187 3.817311
166 189 4.312900
166 190 4.725132
166 191 5.219682
166 192 3.060228
166 193 3.696283
166 194 2.198740
166 195 5.632597
167 168 4.108679
167 170 4.436418
167 173 5.593135
167 192 3.788240
167 193 2.081629
167 194 2.901837
167 195 4.271231
167 197 5.175143
167 200 5.712685
168 171 3.083906
168 173 3.177941
168 174 5.579741
168 176 5.230890
168 187 4.516648
168 189 5.795477
168 192 5.300583
168 193 5.556452
168 194 4.457729
169 171 2.210658
169 172 3.467338
169 173 3.113495
169 174 3.637683
169 175 5.529023
169 176 3.824326
169 187 4.713102
170 171 3.806415
170 173 4.069393
170 187 5.471625
170 194 5.284316
171 174 2.821070
171 175 4.647021
171 176 2.536743
171 186 5.285913
171 187 2.807183
171 188 4.691889
171 189 4.723171
171 191 5.702349
171 192 5.207183
171 194 4.856853
172 174 2.253106
172 175 4.892377
172 176 3.145045
172 177 5.012530
172 179 4.785544
172 187 5.367447
173 174 3.237237
173 175 4.598628
173 176 2.647529
173 186 4.709703
173 187 1.992327
173 188 4.261642
173 189 3.742326
173 190 4.884535
173 191 4.730987
173 192 4.366626
173 194 4.078590
174 177 3.548186
174 179 3.768051
174 186 4.429467
174 187 3.548874
174 188 3.638986
174 189 5.643007
175 177 2.202363
175 178 4.747775
175 179 3.087949
175 181 4.370656
175 183 4.366514
175 184 4.575300
175 185 5.174351
175 186 2.709509
175 187 3.633916
175 188 1.777724
175 189 5.293068
175 191 5.776170
176 177 3.766927
176 179 4.218432
176 184 5.774073
176 186 3.562686
176 187 2.574051
176 188 2.814405
176 189 4.658489
176 191 5.414128
177 181 4.297298
177 183 5.348710
177 186 4.830186
177 187 5.639919
177 188 3.941665
178 181 4.828349
179 181 5.079929
179 186 5.765939
179 188 4.860566
180 183 3.617823
180 185 3.793786
180 235 4.369301
180 237 5.517885
180 240 4.809532
180 242 3.971962
181 183 2.313340
181 184 4.899931
181 185 3.171000
181 186 4.981052
181 188 4.748845
181 235 4.939564
182 183 4.025004
182 185 4.413212
182 235 5.278088
182 240 5.578776
182 242 4.748756
183 186 3.599921
183 188 3.821435
183 234 4.343909
183 235 3.117284
183 236 3.731116
183 237 4.903951
183 239 5.650916
184 186 2.243817
184 187 4.850524
184 188 3.128332
184 189 4.385889
184 191 3.955086
184 229 3.809088
184 231 4.392682
184 232 4.782962
184 233 5.315201
184 234 2.869416
184 235 3.641380
184 236 1.938974
184 237 5.446144
185 186 3.939042
185 188 4.379528
185 232 5.453572
185 234 3.504595
185 235 2.141559
185 236 3.036700
185 237 4.031347
185 239 4.798733
185 242 5.463976
186 189 3.324922
186 190 5.721889
186 191 3.445044
186 229 4.346721
186 234 4.944342
186 235 5.658096
186 236 3.940398
187 189 2.214168
187 190 4.267044
187 191 3.104589
187 192 4.515756
187 194 4.455180
187 229 4.925124
187 230 5.755437
188 189 3.742542
188 191 4.089144
188 229 5.243883
188 236 4.822768
189 192 3.631117
189 194 3.893214
189 228 4.447315
189 229 2.970058
189 230 3.598229
189 231 5.210866
189 236 5.035728
190 192 2.231990
190 193 4.942814
190 194 3.117388
190 195 4.937112
190 197 4.687843
190 223 4.591311
190 225 4.781938
190 226 5.057555
190 227 5.593915
190 228 3.349210
190 229 3.630388
190 230 2.490154
190 231 5.658164
191 192 4.141983
191 194 4.538555
191 228 3.700832
191 229 1.977959
191 230 2.973803
191 231 4.212416
191 233 5.101011
191 234 5.085091
191 236 4.321791
192 195 3.517534
192 197 3.723010
192 223 4.593251
192 225 5.688628
192 228 5.016888
192 229 5.502910
192 230 4.072880
193 195 2.255707
193 196 4.878503
193 197 3.147700
193 198 4.673672
193 200 4.326200
193 223 5.005136
194 195 3.756138
194 197 4.196083
194 223 5.317624
194 228 5.779750
194 230 4.805794
195 198 3.419299
195 200 3.582342
195 222 4.648073
195 223 3.069336
195 224 3.756023
195 225 5.188792
196 198 2.229765
196 199 4.502452
196 200 3.115540
196 201 3.875553
196 203 3.504863
196 206 5.571260
196 217 4.351870
196 219 4.433974
196 220 4.787913
196 221 5.245950
196 222 2.974067
196 223 3.418949
196 224 2.017855
196 225 5.460610
197 198 3.724165
197 200 4.110784
197 222 3.818282
197 223 2.138305
197 224 3.012906
197 225 4.285939
197 227 5.235294
197 230 5.562864
198 201 3.327996
198 203 3.487276
198 204 5.607516
198 206 4.968282
198 217 4.839428
198 219 5.710248
198 222 5.175708
198 223 5.357894
198 224 4.239911
199 201 2.265559
199 202 4.108235
199 203 3.151760
199 204 3.821976
199 205 5.662868
199 206 3.669872
199 217 4.840163
200 201 3.969717
200 203 4.304264
200 206 5.547379
200 217 5.737662
200 224 5.126082
201 204 2.695345
201 205 4.655176
201 206 2.269060
201 207 5.714221
201 216 5.325022
201 217 2.731334
201 218 4.760880
201 219 4.641828
201 221 5.638917
201 222 5.655520
201 224 5.049227
202 204 2.269000
202 205 4.966761
202 206 3.159523
202 207 4.794017
202 209 4.450864
202 217 5.069211
203 204 2.986400
203 205 4.499975
203 206 2.311155
203 215 5.787329
203 216 4.595379
203 217 1.818028
203 218 4.103480
203 219 3.634487
203 220 5.385009
203 221 4.632413
203 222 4.896047
203 224 4.401292
204 207 3.427847
204 209 3.576482
204 213 5.238797
204 215 4.570719
204 216 4.496763
204 217 3.357796
204 218 3.942000
204 219 5.561620
205 207 2.288048
205 208 4.339599
205 209 3.159701
205 210 4.687507
205 211 4.546162
205 212 5.541704
205 213 2.595483
205 214 4.826601
205 215 1.771989
205 216 3.261929
205 217 3.921062
205 218 2.479684
205 219 5.468816
206 207 3.689310
206 209 4.073896
206 213 4.683318
206 215 4.124850
206 216 3.866430
206 217 2.532974
206 218 3.214879
206 219 4.693433
206 221 5.535623
207 210 5.721331
207 213 4.361298
207 215 3.356297
207 216 5.442952
207 218 4.749463
208 213 5.214992
208 215 4.388376
209 213 5.330737
209 215 4.333491
209 218 5.571019
210 213 3.415268
210 215 3.545657
210 216 5.710138
210 218 4.988918
211 213 2.267097
211 214 4.490899
211 215 3.129603
211 216 3.776320
211 217 5.658621
211 218 3.468454
211 219 5.341440
211 221 5.231530
212 213 4.185679
212 215 4.436287
212 218 5.577244
213 216 2.747909
213 217 4.851742
213 218 2.299538
213 219 5.379024
213 221 5.525160
214 216 2.206634
214 217 4.935516
214 218 3.100877
214 219 4.859056
214 221 4.589243
215 216 3.117335
215 217 4.813538
215 218 2.491636
215 219 5.739225
216 219 3.275686
216 220 5.780290
216 221 3.405143
217 219 2.233400
217 220 4.525695
217 221 3.128842
217 222 4.801459
217 224 4.650576
218 219 3.358813
218 221 3.697553
219 222 3.624526
219 224 3.898350
220 222 2.273679
220 223 4.798307
220 224 3.152364
220 225 5.000229
220 227 4.886852
221 222 3.983545
221 224 4.455864
222 225 3.634290
222 227 3.952847
223 225 2.213410
223 226 4.727515
223 227 3.118515
223 228 4.785398
223 230 4.602284
224 225 3.951180
224 227 4.475428
225 228 3.601958
225 230 3.891167
226 228 2.210323
226 229 4.612347
226 230 3.115074
226 231 4.503408
226 233 4.234614
227 228 3.917110
227 230 4.421519
228 231 3.545694
228 233 3.753728
229 231 2.274151
229 232 4.724013
229 233 3.152741
229 234 4.025929
229 236 3.548980
230 231 3.992152
230 233 4.400459
231 234 3.241364
231 236 3.355600
232 234 2.216314
232 235 4.160396
232 236 3.102525
232 237 4.269553
232 239 4.217209
233 234 3.773779
233 236 4.099537
234 237 3.618113
234 239 3.815183
235 237 2.225442
235 238 4.743702
235 239 3.108430
235 240 4.704344
235 242 4.483711
236 237 4.230451
236 239 4.529679
237 240 3.528546
237 242 3.777038
238 240 2.207117
238 241 3.773723
238 242 3.107825
239 240 3.880478
239 242 4.347076

RESIDUES
ALA 22
 0.0 2.000000
 0.1 2.000000
 0.2 2.000000
 0.3 2.000000
 0.4 2.000000
 0.5 2.000000
 0.6 2.000000
 0.7 2.000000
 0.8 2.000000
 0.9 2.000000
 1.0 2.000000
 1.1 2.000000
 1.2 2.000000
 1.3 2.000000
 1.4 2.000000
 1.5 2.000000
 1.6 2.000000
 1.7 2.000000
 1.8 2.000000
 1.9 1.607143
 2.0 1.500000
 2.1 1.500000
 2.2 1.413793
 2.3 1.000000
 2.4 1.000000
 2.5 1.000000
 2.6 1.000000
 2.7 0.875000
 2.8 0.357143
 2.9 0.000000
 3.0 0.000000
 3.1 -0.244444
 3.2 -0.500000
 3.3 -0.717391
 3.4 -1.020000
 3.5 -1.361250
 3.6 -1.330000
 3.7 -1.617162
 3.8 -1.650073
 3.9 -2.308610
 4.0 -2.491053
 4.1 -2.190194
 4.2 -2.014062
 4.3 -1.467000
 4.4 -1.452286
 4.5 -1.350000
 4.6 -1.350000
 4.7 -1.350000
 4.8 -0.589896
 4.9 -0.220311
 5.0 -0.041974
 5.1 -0.061050
 5.2 -0.067000
 5.3 -0.069947
 5.4 0.333250
 5.5 0.844368
 5.6 1.129000
 5.7 1.171697
 5.8 1.552591

ALA 23
 0.0 3.000000
 0.1 3.000000
 0.2 3.000000
 0.3 3.000000
 0.4 3.000000
 0.5 3.000000
 0.6 3.000000
 0.7 3.000000
 0.8 3.000000
 0.9 3.000000
 1.0 3.000000
 1.1 3.000000
 1.2 3.000000
 1.3 3.000000
 1.4 3.000000
 1.5 3.000000
 1.6 3.000000
 1.7 3.000000
 1.8 3.000000
 1.9 3.000000
 2.0 3.000000
 2.1 3.000000
 2.2 2.862069
 2.3 2.000000
 2.4 2.000000
 2.5 2.000000
 2.6 2.000000
 2.7 2.000000
 2.8 2.000000
 2.9 2.000000
 3.0 2.000000
 3.1 1.566667
 3.2 1.000000
 3.3 1.000000
 3.4 0.960000
 3.5 0.430417
 3.6 0.202609
 3.7 0.167000
 3.8 0.167000
 3.9 -0.308610
 4.0 -0.293684
 4.1 -0.215639
 4.2 -0.307406
 4.3 -0.275413
 4.4 0.076122
 4.5 0.117000
 4.6 0.117000
 4.7 0.216405
 4.8 0.203604
 4.9 0.434822
 5.0 0.968737
 5.1 1.017000
 5.2 0.863368
 5.3 0.596868
 5.4 0.686750
 5.5 0.749000
 5.6 0.828800
 5.7 0.728970
 5.8 1.068591

ALA 24
 0.0 3.000000
 0.1 3.000000
 0.2 3.000000
 0.3 3.000000
 0.4 3.000000
 0.5 3.000000
 0.6 3.000000
 0.7 3.000000
 0.8 3.000000
 0.9 3.000000
 1.0 3.000000
 1.1 3.000000
 1.2 3.000000
 1.3 3.000000
 1.4 3.000000
 1.5 3.000000
 1.6 3.000000
 1.7 3.000000
 1.8 3.000000
 1.9 3.000000
 2.0 2.500000
 2.1 2.000000
 2.2 1.793103
 2.3 1.000000
 2.4 1.000000
 2.5 1.000000
 2.6 1.000000
 2.7 1.000000
 2.8 1.000000
 2.9 1.000000
 3.0 0.100000
 3.1 -0.477778
 3.2 -1.000000
 3.3 -1.717391
 3.4 -2.040000
 3.5 -3.277917
 3.6 -3.677891
 3.7 -3.882703
 3.8 -3.833000
 3.9 -3.845195
 4.0 -4.740737
 4.1 -4.321889
 4.2 -3.466406
 4.3 -2.647522
 4.4 -2.312449
 4.5 -1.757711
 4.6 -1.423750
 4.7 -1.119262
 4.8 -1.613875
 4.9 -1.026133
 5.0 0.511842
 5.1 0.934550
 5.2 1.808737
 5.3 2.044658
 5.4 1.995375
 5.5 1.688368
 5.6 1.685600
 5.7 1.655000
 5.8 1.608045

ALA 25
 0.0 3.000000
 0.1 3.000000
 0.2 3.000000
 0.3 3.000000
 0.4 3.000000
 0.5 3.000000
 0.6 3.000000
 0.7 3.000000
 0.8 3.000000
 0.9 3.000000
 1.0 3.000000
 1.1 3.000000
 1.2 3.000000
 1.3 3.000000
 1.4 3.000000
 1.5 3.000000
 1.6 3.000000
 1.7 3.000000
 1.8 3.000000
 1.9 2.750000
 2.0 2.125000
 2.1 2.000000
 2.2 1.534483
 2.3 1.000000
 2.4 1.000000
 2.5 0.937500
 2.6 0.500000
 2.7 0.500000
 2.8 0.500000
 2.9 -0.166667
 3.0 -0.500000
 3.1 -0.977778
 3.2 -2.119048
 3.3 -2.847826
 3.4 -3.720000
 3.5 -4.125333
 3.6 -4.050696
 3.7 -5.049541
 3.8 -4.834000
 3.9 -4.793244
 4.0 -5.008789
 4.1 -4.074194
 4.2 -3.687812
 4.3 -2.728370
 4.4 -2.343735
 4.5 -1.923158
 4.6 -1.691333
 4.7 -1.389548
 4.8 -0.649292
 4.9 -0.472111
 5.0 0.969105
 5.1 2.012800
 5.2 3.136842
 5.3 3.153395
 5.4 3.128542
 5.5 3.114842
 5.6 3.121100
 5.7 3.201485
 5.8 2.801273

ALA 26
 0.0 3.000000
 0.1 3.000000
 0.2 3.000000
 0.3 3.000000
 0.4 3.000000
 0.5 3.000000
 0.6 3.000000
 0.7 3.000000
 0.8 3.000000
 0.9 3.000000
 1.0 3.000000
 1.1 3.000000
 1.2 3.000000
 1.3 3.000000
 1.4 3.000000
 1.5 3.000000
 1.6 3.000000
 1.7 3.000000
 1.8 3.000000
 1.9 3.000000
 2.0 2.906250
 2.1 2.500000
 2.2 2.189655
 2.3 1.541667
 2.4 1.500000
 2.5 1.500000
 2.6 1.500000
 2.7 1.500000
 2.8 1.500000
 2.9 1.500000
 3.0 1.325000
 3.1 0.611111
 3.2 0.000000
 3.3 0.000000
 3.4 -0.220000
 3.5 -0.667000
 3.6 -0.800696
 3.7 -1.427784
 3.8 -1.333000
 3.9 -1.470659
 4.0 -1.670395
 4.1 -1.698944
 4.2 -1.609250
 4.3 -1.492696
 4.4 -1.239245
 4.5 -0.982026
 4.6 -0.333000
 4.7 -0.242452
 4.8 -0.665625
 4.9 -0.463556
 5.0 0.157737
 5.1 0.208375
 5.2 0.417000
 5.3 0.359184
 5.4 0.228333
 5.5 -0.327789
 5.6 -0.426550
 5.7 -0.556242
 5.8 -0.366000

ALA 27
 0.0 3.000000
 0.1 3.000000
 0.2 3.000000
 0.3 3.000000
 0.4 3.000000
 0.5 3.000000
 0.6 3.000000
 0.7 3.000000
 0.8 3.000000
 0.9 3.000000
 1.0 3.000000
 1.1 3.000000
 1.2 3.000000
 1.3 3.000000
 1.4 3.000000
 1.5 3.000000
 1.6 3.000000
 1.7 3.000000
 1.8 2.750000
 1.9 2.500000
 2.0 2.500000
 2.1 2.166667
 2.2 1.706897
 2.3 1.041667
 2.4 0.500000
 2.5 0.666500
 2.6 0.833000
 2.7 0.833000
 2.8 0.070929
 2.9 -0.334000
 3.0 -0.334000
 3.1 -0.867333
 3.2 -1.572095
 3.3 -2.116609
 3.4 -2.334000
 3.5 -2.036806
 3.6 -1.923761
 3.7 -1.910000
 3.8 -1.345756
 3.9 -0.788512
 4.0 -0.315421
 4.1 -0.166000
 4.2 -0.160813
 4.3 0.640543
 4.4 1.496653
 4.5 1.603816
 4.6 1.939556
 4.7 1.989667
 4.8 2.651208
 4.9 2.774467
 5.0 2.518368
 5.1 2.524225
 5.2 2.935842
 5.3 3.141842
 5.4 3.400000
 5.5 2.557737
 5.6 2.149950
 5.7 1.455515
 5.8 1.616091

ALA 28
 0.0 3.000000
 0.1 3.000000
 0.2 3.000000
 0.3 3.000000
 0.4 3.000000
 0.5 3.000000
 0.6 3.000000
 0.7 3.000000
 0.8 3.000000
 0.9 3.000000
 1.0 3.000000
 1.1 3.000000
 1.2 3.000000
 1.3 3.000000
 1.4 3.000000
 1.5 3.000000
 1.6 3.000000
 1.7 3.000000
 1.8 3.000000
 1.9 3.000000
 2.0 2.843750
 2.1 2.166667
 2.2 1.672414
 2.3 1.000000
 2.4 0.500000
 2.5 0.416500
 2.6 0.333000
 2.7 0.333000
 2.8 -0.178571
 2.9 -0.388556
 3.0 -0.883000
 3.1 -1.777444
 3.2 -2.333000
 3.3 -2.333000
 3.4 -2.333000
 3.5 -2.217028
 3.6 -2.426870
 3.7 -3.274108
 3.8 -3.633610
 3.9 -3.914634
 4.0 -4.482421
 4.1 -4.055667
 4.2 -3.781969
 4.3 -2.808174
 4.4 -2.118898
 4.5 -2.043684
 4.6 -1.610500
 4.7 -0.702548
 4.8 0.093854
 4.9 0.572400
 5.0 1.865895
 5.1 2.526975
 5.2 3.048579
 5.3 2.984079
 5.4 3.308500
 5.5 2.964316
 5.6 2.699175
 5.7 2.387182
 5.8 2.021273

ALA 29
 0.0 3.000000
 0.1 3.000000
 0.2 3.000000
 0.3 3.000000
 0.4 3.000000
 0.5 3.000000
 0.6 3.000000
 0.7 3.000000
 0.8 3.000000
 0.9 3.000000
 1.0 3.000000
 1.1 3.000000
 1.2 3.000000
 1.3 3.000000
 1.4 3.000000
 1.5 3.000000
 1.6 3.000000
 1.7 3.000000
 1.8 3.000000
 1.9 3.000000
 2.0 3.000000
 2.1 3.000000
 2.2 2.793103
 2.3 2.000000
 2.4 2.000000
 2.5 2.000000
 2.6 2.000000
 2.7 2.000000
 2.8 2.000000
 2.9 2.000000
 3.0 2.000000
 3.1 1.533333
 3.2 1.000000
 3.3 1.000000
 3.4 1.000000
 3.5 0.888889
 3.6 0.239130
 3.7 -0.297297
 3.8 -0.500000
 3.9 -1.414634
 4.0 -2.000000
 4.1 -1.777778
 4.2 -1.500000
 4.3 -2.000000
 4.4 -1.996612
 4.5 -1.500000
 4.6 -1.500000
 4.7 -1.761905
 4.8 -0.885083
 4.9 -0.083000
 5.0 0.664658
 5.1 1.000000
 5.2 1.017474
 5.3 1.120026
 5.4 1.150000
 5.5 1.531579
 5.6 1.650000
 5.7 1.650000
 5.8 1.653000

ALA 30
 0.0 3.000000
 0.1 3.000000
 0.2 3.000000
 0.3 3.000000
 0.4 3.000000
 0.5 3.000000
 0.6 3.000000
 0.7 3.000000
 0.8 3.000000
 0.9 3.000000
 1.0 3.000000
 1.1 3.000000
 1.2 3.000000
 1.3 3.000000
 1.4 3.000000
 1.5 3.000000
 1.6 3.000000
 1.7 3.000000
 1.8 3.000000
 1.9 3.000000
 2.0 2.375000
 2.1 2.000000
 2.2 1.827586
 2.3 1.500000
 2.4 1.500000
 2.5 1.500000
 2.6 1.071429
 2.7 1.000000
 2.8 1.000000
 2.9 0.972222
 3.0 0.150000
 3.1 -0.355556
 3.2 -0.523810
 3.3 -1.000000
 3.4 -1.320000
 3.5 -1.611111
 3.6 -2.250000
 3.7 -2.797297
 3.8 -3.000000
 3.9 -3.500000
 4.0 -3.500000
 4.1 -3.513889
 4.2 -3.515625
 4.3 -4.000000
 4.4 -3.823265
 4.5 -3.057632
 4.6 -3.084000
 4.7 -3.313524
 4.8 -2.465354
 4.9 -1.372378
 5.0 -1.496105
 5.1 -0.894525
 5.2 -0.465632
 5.3 -0.277737
 5.4 -0.233000
 5.5 0.532342
 5.6 0.715675
 5.7 0.550000
 5.8 0.551545

ALA 39
 0.0 3.000000
 0.1 3.000000
 0.2 3.000000
 0.3 3.000000
 0.4 3.000000
 0.5 3.000000
 0.6 3.000000
 0.7 3.000000
 0.8 3.000000
 0.9 3.000000
 1.0 3.000000
 1.1 3.000000
 1.2 3.000000
 1.3 3.000000
 1.4 3.000000
 1.5 3.000000
 1.6 3.000000
 1.7 3.000000
 1.8 3.000000
 1.9 2.571429
 2.0 2.500000
 2.1 2.500000
 2.2 2.500000
 2.3 2.291667
 2.4 2.000000
 2.5 2.000000
 2.6 2.000000
 2.7 2.000000
 2.8 2.000000
 2.9 1.611111
 3.0 1.500000
 3.1 1.500000
 3.2 1.047619
 3.3 1.000000
 3.4 1.133600
 3.5 1.305333
 3.6 0.985174
 3.7 0.157459
 3.8 -0.439024
 3.9 -1.243902
 4.0 -1.131947
 4.1 -0.834000
 4.2 -0.724313
 4.3 -1.025413
 4.4 -1.167000
 4.5 -1.324895
 4.6 -2.051361
 4.7 -2.334000
 4.8 -1.948729
 4.9 -1.255956
 5.0 -0.273921
 5.1 -0.667000
 5.2 -0.712789
 5.3 -0.771632
 5.4 -0.798250
 5.5 -0.855842
 5.6 -0.847600
 5.7 -0.794606
 5.8 -0.784000

ALA 40
 0.0 3.000000
 0.1 3.000000
 0.2 3.000000
 0.3 3.000000
 0.4 3.000000
 0.5 3.000000
 0.6 3.000000
 0.7 3.000000
 0.8 3.000000
 0.9 3.000000
 1.0 3.000000
 1.1 3.000000
 1.2 3.000000
 1.3 3.000000
 1.4 3.000000
 1.5 3.000000
 1.6 3.000000
 1.7 3.000000
 1.8 3.000000
 1.9 3.000000
 2.0 3.000000
 2.1 3.000000
 2.2 3.000000
 2.3 2.562500
 2.4 1.750000
 2.5 1.500000
 2.6 1.500000
 2.7 1.000000
 2.8 0.500000
 2.9 0.500000
 3.0 0.500000
 3.1 0.500000
 3.2 -0.380952
 3.3 -1.086957
 3.4 -1.094120
 3.5 -0.370111
 3.6 -0.147783
 3.7 -0.265297
 3.8 -0.166000
 3.9 -0.422098
 4.0 -0.574263
 4.1 -0.722111
 4.2 -0.484156
 4.3 -0.264435
 4.4 -0.099490
 4.5 0.084000
 4.6 -0.198611
 4.7 -0.250000
 4.8 0.222208
 4.9 1.040311
 5.0 1.363711
 5.1 0.671325
 5.2 0.876500
 5.3 0.887553
 5.4 0.934958
 5.5 0.426895
 5.6 0.182900
 5.7 -0.106030
 5.8 -0.050000

ALA 41
 0.0 3.000000
 0.1 3.000000
 0.2 3.000000
 0.3 3.000000
 0.4 3.000000
 0.5 3.000000
 0.6 3.000000
 0.7 3.000000
 0.8 3.000000
 0.9 3.000000
 1.0 3.000000
 1.1 3.000000
 1.2 3.000000
 1.3 3.000000
 1.4 3.000000
 1.5 3.000000
 1.6 3.000000
 1.7 3.000000
 1.8 3.000000
 1.9 3.000000
 2.0 2.906250
 2.1 2.500000
 2.2 2.500000
 2.3 2.083333
 2.4 1.250000
 2.5 1.000000
 2.6 1.000000
 2.7 0.500000
 2.8 0.000000
 2.9 0.000000
 3.0 -0.175000
 3.1 -0.511111
 3.2 -1.428571
 3.3 -1.913043
 3.4 -1.966400
 3.5 -2.230944
 3.6 -2.217174
 3.7 -1.729595
 3.8 -1.333000
 3.9 -1.056854
 4.0 -1.000000
 4.1 -1.347222
 4.2 -1.635688
 4.3 -1.376957
 4.4 -1.324531
 4.5 -1.416000
 4.6 -1.152111
 4.7 -0.820000
 4.8 -1.085896
 4.9 -0.865156
 5.0 -0.640947
 5.1 -0.242150
 5.2 -0.023947
 5.3 0.029421
 5.4 -0.238417
 5.5 -1.127789
 5.6 -1.385800
 5.7 -1.912818
 5.8 -1.849000

ALA 42
 0.0 3.000000
 0.1 3.000000
 0.2 3.000000
 0.3 3.000000
 0.4 3.000000
 0.5 3.000000
 0.6 3.000000
 0.7 3.000000
 0.8 3.000000
 0.9 3.000000
 1.0 3.000000
 1.1 3.000000
 1.2 3.000000
 1.3 3.000000
 1.4 3.000000
 1.5 3.000000
 1.6 3.000000
 1.7 3.000000
 1.8 3.000000
 1.9 3.000000
 2.0 2.781250
 2.1 2.500000
 2.2 2.120690
 2.3 1.312500
 2.4 1.000000
 2.5 1.000000
 2.6 1.000000
 2.7 1.000000
 2.8 0.607143
 2.9 0.500000
 3.0 0.125000
 3.1 -0.188889
 3.2 -1.142857
 3.3 -1.673913
 3.4 -2.086920
 3.5 -2.703889
 3.6 -3.861870
 3.7 -4.355189
 3.8 -5.080634
 3.9 -5.304488
 4.0 -4.794237
 4.1 -4.889472
 4.2 -4.969688
 4.3 -3.963500
 4.4 -2.556408
 4.5 -2.841816
 4.6 -2.490722
 4.7 -1.895762
 4.8 -1.471604
 4.9 1.029044
 5.0 2.148421
 5.1 2.666400
 5.2 2.759711
 5.3 2.770605
 5.4 3.151833
 5.5 3.534763
 5.6 3.522200
 5.7 3.817212
 5.8 3.586727

ALA 43
 0.0 3.000000
 0.1 3.000000
 0.2 3.000000
 0.3 3.000000
 0.4 3.000000
 0.5 3.000000
 0.6 3.000000
 0.7 3.000000
 0.8 3.000000
 0.9 3.000000
 1.0 3.000000
 1.1 3.000000
 1.2 3.000000
 1.3 3.000000
 1.4 3.000000
 1.5 3.000000
 1.6 3.000000
 1.7 3.000000
 1.8 3.000000
 1.9 3.000000
 2.0 2.500000
 2.1 2.000000
 2.2 1.706897
 2.3 1.000000
 2.4 1.000000
 2.5 1.000000
 2.6 1.000000
 2.7 1.000000
 2.8 1.000000
 2.9 1.000000
 3.0 0.100000
 3.1 -0.466667
 3.2 -1.000000
 3.3 -1.500000
 3.4 -1.740000
 3.5 -2.250000
 3.6 -3.250000
 3.7 -3.513405
 3.8 -3.727976
 3.9 -3.938902
 4.0 -3.780526
 4.1 -3.444722
 4.2 -3.876031
 4.3 -3.100783
 4.4 -1.967204
 4.5 -1.981342
 4.6 -2.003111
 4.7 -1.499190
 4.8 -1.803958
 4.9 -0.148489
 5.0 1.711447
 5.1 2.699800
 5.2 3.725632
 5.3 3.689737
 5.4 3.825792
 5.5 3.901105
 5.6 3.685575
 5.7 3.509970
 5.8 3.058000

ALA 44
 0.0 3.000000
 0.1 3.000000
 0.2 3.000000
 0.3 3.000000
 0.4 3.000000
 0.5 3.000000
 0.6 3.000000
 0.7 3.000000
 0.8 3.000000
 0.9 3.000000
 1.0 3.000000
 1.1 3.000000
 1.2 3.000000
 1.3 3.000000
 1.4 3.000000
 1.5 3.000000
 1.6 3.000000
 1.7 3.000000
 1.8 3.000000
 1.9 2.857143
 2.0 2.500000
 2.1 2.000000
 2.2 1.827586
 2.3 1.104167
 2.4 1.000000
 2.5 1.000000
 2.6 0.500000
 2.7 0.500000
 2.8 0.500000
 2.9 0.027778
 3.0 -0.300000
 3.1 -0.877778
 3.2 -1.666667
 3.3 -2.456522
 3.4 -3.500000
 3.5 -3.500000
 3.6 -4.195652
 3.7 -4.419000
 3.8 -4.691390
 3.9 -5.281049
 4.0 -5.404158
 4.1 -5.322472
 4.2 -3.518406
 4.3 -2.129413
 4.4 -1.174653
 4.5 -1.182053
 4.6 -0.911722
 4.7 -0.518738
 4.8 0.205333
 4.9 0.372467
 5.0 2.170974
 5.1 3.847700
 5.2 4.347105
 5.3 4.855763
 5.4 4.934000
 5.5 4.493368
 5.6 3.705600
 5.7 3.234303
 5.8 3.158318

ALA 45
 0.0 3.000000
 0.1 3.000000
 0.2 3.000000
 0.3 3.000000
 0.4 3.000000
 0.5 3.000000
 0.6 3.000000
 0.7 3.000000
 0.8 3.000000
 0.9 3.000000
 1.0 3.000000
 1.1 3.000000
 1.2 3.000000
 1.3 3.000000
 1.4 3.000000
 1.5 3.000000
 1.6 3.000000
 1.7 3.000000
 1.8 3.000000
 1.9 2.607143
 2.0 2.500000
 2.1 2.500000
 2.2 2.500000
 2.3 1.645833
 2.4 1.500000
 2.5 1.500000
 2.6 1.500000
 2.7 1.375000
 2.8 0.857143
 2.9 0.500000
 3.0 0.500000
 3.1 0.288889
 3.2 -0.666667
 3.3 -1.347826
 3.4 -1.520000
 3.5 -2.055556
 3.6 -2.934783
 3.7 -2.959378
 3.8 -3.515927
 3.9 -3.947049
 4.0 -4.109737
 4.1 -3.487472
 4.2 -2.760500
 4.3 -2.466000
 4.4 -2.446469
 4.5 -2.433000
 4.6 -2.590722
 4.7 -2.509095
 4.8 -1.007750
 4.9 0.036756
 5.0 1.312763
 5.1 1.808050
 5.2 2.355368
 5.3 2.255289
 5.4 2.104375
 5.5 2.774895
 5.6 2.945400
 5.7 2.825333
 5.8 3.113091

ALA 46
 0.0 3.000000
 0.1 3.000000
 0.2 3.000000
 0.3 3.000000
 0.4 3.000000
 0.5 3.000000
 0.6 3.000000
 0.7 3.000000
 0.8 3.000000
 0.9 3.000000
 1.0 3.000000
 1.1 3.000000
 1.2 3.000000
 1.3 3.000000
 1.4 3.000000
 1.5 3.000000
 1.6 3.000000
 1.7 3.000000
 1.8 3.000000
 1.9 2.678571
 2.0 2.500000
 2.1 2.500000
 2.2 1.689655
 2.3 1.041667
 2.4 1.000000
 2.5 1.000000
 2.6 1.000000
 2.7 1.000000
 2.8 0.964286
 2.9 0.500000
 3.0 0.500000
 3.1 -0.355556
 3.2 -1.214286
 3.3 -1.956522
 3.4 -2.000000
 3.5 -2.055556
 3.6 -2.630435
 3.7 -3.000000
 3.8 -3.414634
 3.9 -4.914732
 4.0 -4.505105
 4.1 -4.125333
 4.2 -3.375250
 4.3 -3.024913
 4.4 -3.232327
 4.5 -3.416000
 4.6 -3.643167
 4.7 -3.432571
 4.8 -2.512375
 4.9 -0.503644
 5.0 0.667000
 5.1 1.331275
 5.2 1.925289
 5.3 2.105263
 5.4 2.250000
 5.5 2.515658
 5.6 2.746000
 5.7 2.859091
 5.8 3.481136

ALA 47
 0.0 3.000000
 0.1 3.000000
 0.2 3.000000
 0.3 3.000000
 0.4 3.000000
 0.5 3.000000
 0.6 3.000000
 0.7 3.000000
 0.8 3.000000
 0.9 3.000000
 1.0 3.000000
 1.1 3.000000
 1.2 3.000000
 1.3 3.000000
 1.4 3.000000
 1.5 3.000000
 1.6 3.000000
 1.7 3.000000
 1.8 3.000000
 1.9 3.000000
 2.0 3.000000
 2.1 3.000000
 2.2 2.689655
 2.3 2.500000
 2.4 2.500000
 2.5 2.500000
 2.6 2.500000
 2.7 2.500000
 2.8 2.500000
 2.9 2.500000
 3.0 2.500000
 3.1 2.200000
 3.2 2.000000
 3.3 2.000000
 3.4 2.000000
 3.5 2.000000
 3.6 1.869565
 3.7 1.500000
 3.8 1.500000
 3.9 1.000000
 4.0 1.000000
 4.1 1.000000
 4.2 1.000000
 4.3 1.000000
 4.4 0.683673
 4.5 0.500000
 4.6 0.500000
 4.7 0.591452
 4.8 0.479500
 4.9 1.285289
 5.0 2.000000
 5.1 2.000000
 5.2 2.000000
 5.3 2.034947
 5.4 2.083000
 5.5 2.083000
 5.6 2.083000
 5.7 2.083000
 5.8 2.098273

ALA 53
 0.0 3.000000
 0.1 3.000000
 0.2 3.000000
 0.3 3.000000
 0.4 3.000000
 0.5 3.000000
 0.6 3.000000
 0.7 3.000000
 0.8 3.000000
 0.9 3.000000
 1.0 3.000000
 1.1 3.000000
 1.2 3.000000
 1.3 3.000000
 1.4 3.000000
 1.5 3.000000
 1.6 3.000000
 1.7 3.000000
 1.8 3.000000
 1.9 3.000000
 2.0 2.687500
 2.1 2.500000
 2.2 2.275862
 2.3 2.000000
 2.4 2.000000
 2.5 2.000000
 2.6 2.000000
 2.7 2.000000
 2.8 2.000000
 2.9 2.000000
 3.0 1.650000
 3.1 1.144444
 3.2 1.000000
 3.3 0.695652
 3.4 0.500000
 3.5 0.416667
 3.6 0.000000
 3.7 -0.108108
 3.8 -1.280488
 3.9 -1.500000
 4.0 -1.364421
 4.1 -1.334000
 4.2 -1.334000
 4.3 -1.699826
 4.4 -2.214878
 4.5 -2.834000
 4.6 -2.940333
 4.7 -2.464286
 4.8 -2.250000
 4.9 -1.907133
 5.0 -0.489289
 5.1 0.199650
 5.2 0.003921
 5.3 -0.389526
 5.4 -0.518542
 5.5 -0.283237
 5.6 0.017000
 5.7 -0.039697
 5.8 -0.020545

ALA 54
 0.0 3.000000
 0.1 3.000000
 0.2 3.000000
 0.3 3.000000
 0.4 3.000000
 0.5 3.000000
 0.6 3.000000
 0.7 3.000000
 0.8 3.000000
 0.9 3.000000
 1.0 3.000000
 1.1 3.000000
 1.2 3.000000
 1.3 3.000000
 1.4 3.000000
 1.5 3.000000
 1.6 3.000000
 1.7 3.000000
 1.8 3.000000
 1.9 2.678571
 2.0 2.500000
 2.1 2.500000
 2.2 1.327586
 2.3 1.000000
 2.4 1.000000
 2.5 1.000000
 2.6 1.000000
 2.7 1.000000
 2.8 0.964286
 2.9 0.500000
 3.0 0.500000
 3.1 -0.677778
 3.2 -1.214286
 3.3 -1.956522
 3.4 -2.000000
 3.5 -2.083333
 3.6 -2.815217
 3.7 -3.108108
 3.8 -3.548780
 3.9 -4.963415
 4.0 -5.192868
 4.1 -5.249750
 4.2 -4.240250
 4.3 -3.852000
 4.4 -4.055939
 4.5 -4.302211
 4.6 -3.893000
 4.7 -3.428571
 4.8 -2.717542
 4.9 -0.783667
 5.0 0.771921
 5.1 2.029300
 5.2 3.043842
 5.3 3.566000
 5.4 3.436542
 5.5 3.503684
 5.6 3.583000
 5.7 3.576091
 5.8 4.200000

ALA 55
 0.0 3.000000
 0.1 3.000000
 0.2 3.000000
 0.3 3.000000
 0.4 3.000000
 0.5 3.000000
 0.6 3.000000
 0.7 3.000000
 0.8 3.000000
 0.9 3.000000
 1.0 3.000000
 1.1 3.000000
 1.2 3.000000
 1.3 3.000000
 1.4 3.000000
 1.5 3.000000
 1.6 3.000000
 1.7 3.000000
 1.8 3.000000
 1.9 2.964286
 2.0 2.250000
 2.1 2.000000
 2.2 1.482759
 2.3 1.000000
 2.4 1.000000
 2.5 1.000000
 2.6 1.000000
 2.7 1.000000
 2.8 0.892857
 2.9 0.500000
 3.0 -0.325000
 3.1 -1.055556
 3.2 -1.500000
 3.3 -1.739130
 3.4 -2.000000
 3.5 -2.055556
 3.6 -2.815217
 3.7 -3.378378
 3.8 -4.743902
 3.9 -5.548780
 4.0 -5.290184
 4.1 -4.959333
 4.2 -4.453375
 4.3 -4.117587
 4.4 -4.382551
 4.5 -3.780632
 4.6 -2.734056
 4.7 -2.484286
 4.8 -1.930208
 4.9 -0.550222
 5.0 1.564684
 5.1 3.167850
 5.2 3.616579
 5.3 3.893895
 5.4 4.129167
 5.5 3.983868
 5.6 3.935550
 5.7 4.014303
 5.8 4.178364

ALA 56
 0.0 3.000000
 0.1 3.000000
 0.2 3.000000
 0.3 3.000000
 0.4 3.000000
 0.5 3.000000
 0.6 3.000000
 0.7 3.000000
 0.8 3.000000
 0.9 3.000000
 1.0 3.000000
 1.1 3.000000
 1.2 3.000000
 1.3 3.000000
 1.4 3.000000
 1.5 3.000000
 1.6 3.000000
 1.7 3.000000
 1.8 3.000000
 1.9 2.857143
 2.0 2.500000
 2.1 2.000000
 2.2 1.913793
 2.3 1.000000
 2.4 1.000000
 2.5 1.000000
 2.6 0.500000
 2.7 0.500000
 2.8 0.500000
 2.9 0.027778
 3.0 -0.300000
 3.1 -0.766667
 3.2 -1.500000
 3.3 -1.608696
 3.4 -2.500000
 3.5 -2.958333
 3.6 -3.500000
 3.7 -3.594595
 3.8 -5.146341
 3.9 -5.695122
 4.0 -5.815789
 4.1 -6.000000
 4.2 -4.432625
 4.3 -4.070370
 4.4 -3.110816
 4.5 -2.851316
 4.6 -2.155389
 4.7 -1.353119
 4.8 -0.813667
 4.9 -0.113333
 5.0 1.788026
 5.1 3.773600
 5.2 4.401158
 5.3 4.350395
 5.4 3.933000
 5.5 3.420737
 5.6 3.056325
 5.7 2.998636
 5.8 3.353773

ALA 57
 0.0 3.000000
 0.1 3.000000
 0.2 3.000000
 0.3 3.000000
 0.4 3.000000
 0.5 3.000000
 0.6 3.000000
 0.7 3.000000
 0.8 3.000000
 0.9 3.000000
 1.0 3.000000
 1.1 3.000000
 1.2 3.000000
 1.3 3.000000
 1.4 3.000000
 1.5 3.000000
 1.6 3.000000
 1.7 3.000000
 1.8 2.916667
 1.9 2.000000
 2.0 2.000000
 2.1 2.000000
 2.2 1.689655
 2.3 1.000000
 2.4 1.000000
 2.5 1.000000
 2.6 1.000000
 2.7 1.000000
 2.8 0.250000
 2.9 0.000000
 3.0 0.000000
 3.1 -0.711111
 3.2 -1.500000
 3.3 -1.500000
 3.4 -1.760000
 3.5 -2.847222
 3.6 -3.637957
 3.7 -3.842676
 3.8 -4.882220
 3.9 -4.999415
 4.0 -5.087632
 4.1 -4.667000
 4.2 -3.927656
 4.3 -3.110652
 4.4 -3.569571
 4.5 -2.669132
 4.6 -0.724944
 4.7 0.030905
 4.8 0.506042
 4.9 1.211533
 5.0 2.440053
 5.1 3.673600
 5.2 3.883500
 5.3 3.981237
 5.4 4.261000
 5.5 3.609421
 5.6 3.494650
 5.7 3.336727
 5.8 3.257500

ALA 58
 0.0 3.000000
 0.1 3.000000
 0.2 3.000000
 0.3 3.000000
 0.4 3.000000
 0.5 3.000000
 0.6 3.000000
 0.7 3.000000
 0.8 3.000000
 0.9 3.000000
 1.0 3.000000
 1.1 3.000000
 1.2 3.000000
 1.3 3.000000
 1.4 3.000000
 1.5 3.000000
 1.6 3.000000
 1.7 3.000000
 1.8 3.000000
 1.9 3.000000
 2.0 2.781250
 2.1 2.500000
 2.2 1.655172
 2.3 1.000000
 2.4 1.000000
 2.5 1.000000
 2.6 1.000000
 2.7 1.000000
 2.8 0.607143
 2.9 0.500000
 3.0 0.125000
 3.1 -0.555556
 3.2 -1.142857
 3.3 -1.500000
 3.4 -1.626920
 3.5 -2.222556
 3.6 -3.148652
 3.7 -3.508676
 3.8 -4.333000
 3.9 -4.930561
 4.0 -5.096158
 4.1 -4.574000
 4.2 -4.500000
 4.3 -3.816978
 4.4 -2.983082
 4.5 -2.803026
 4.6 -2.120167
 4.7 -1.857143
 4.8 -2.100812
 4.9 -0.542489
 5.0 1.518289
 5.1 2.308550
 5.2 2.439474
 5.3 3.475158
 5.4 4.179833
 5.5 4.323842
 5.6 4.352700
 5.7 4.509091
 5.8 3.913636

ALA 59
 0.0 3.000000
 0.1 3.000000
 0.2 3.000000
 0.3 3.000000
 0.4 3.000000
 0.5 3.000000
 0.6 3.000000
 0.7 3.000000
 0.8 3.000000
 0.9 3.000000
 1.0 3.000000
 1.1 3.000000
 1.2 3.000000
 1.3 3.000000
 1.4 3.000000
 1.5 3.000000
 1.6 3.000000
 1.7 3.000000
 1.8 3.000000
 1.9 2.535714
 2.0 2.500000
 2.1 2.500000
 2.2 1.948276
 2.3 1.125000
 2.4 1.000000
 2.5 1.000000
 2.6 1.000000
 2.7 0.750000
 2.8 0.500000
 2.9 0.500000
 3.0 0.500000
 3.1 -0.200000
 3.2 -1.500000
 3.3 -1.500000
 3.4 -1.620000
 3.5 -2.180556
 3.6 -2.695652
 3.7 -3.263432
 3.8 -3.168366
 3.9 -3.798780
 4.0 -4.495947
 4.1 -4.796111
 4.2 -4.448156
 4.3 -3.655935
 4.4 -3.769102
 4.5 -3.070658
 4.6 -2.219056
 4.7 -2.057143
 4.8 -1.869521
 4.9 0.033200
 5.0 1.053737
 5.1 1.504600
 5.2 1.658211
 5.3 2.308895
 5.4 2.976000
 5.5 3.488868
 5.6 3.488500
 5.7 3.088424
 5.8 2.468000

ALA 60
 0.0 3.000000
 0.1 3.000000
 0.2 3.000000
 0.3 3.000000
 0.4 3.000000
 0.5 3.000000
 0.6 3.000000
 0.7 3.000000
 0.8 3.000000
 0.9 3.000000
 1.0 3.000000
 1.1 3.000000
 1.2 3.000000
 1.3 3.000000
 1.4 3.000000
 1.5 3.000000
 1.6 3.000000
 1.7 3.000000
 1.8 3.000000
 1.9 2.571429
 2.0 2.500000
 2.1 2.500000
 2.2 2.224138
 2.3 1.500000
 2.4 1.500000
 2.5 1.500000
 2.6 1.500000
 2.7 1.500000
 2.8 1.500000
 2.9 1.111111
 3.0 1.000000
 3.1 0.555556
 3.2 0.000000
 3.3 0.000000
 3.4 0.000000
 3.5 -0.263889
 3.6 -0.641304
 3.7 -1.833514
 3.8 -2.606024
 3.9 -3.170878
 4.0 -3.078763
 4.1 -3.083000
 4.2 -3.072844
 4.3 -3.282326
 4.4 -3.325796
 4.5 -3.818921
 4.6 -4.063250
 4.7 -3.766500
 4.8 -3.264563
 4.9 -0.698222
 5.0 0.841263
 5.1 1.179800
 5.2 0.760579
 5.3 0.435684
 5.4 0.444708
 5.5 0.480789
 5.6 0.211700
 5.7 0.327030
 5.8 0.378455

ALA 61
 0.0 3.000000
 0.1 3.000000
 0.2 3.000000
 0.3 3.000000
 0.4 3.000000
 0.5 3.000000
 0.6 3.000000
 0.7 3.000000
 0.8 3.000000
 0.9 3.000000
 1.0 3.000000
 1.1 3.000000
 1.2 3.000000
 1.3 3.000000
 1.4 3.000000
 1.5 3.000000
 1.6 3.000000
 1.7 3.000000
 1.8 3.000000
 1.9 2.892857
 2.0 2.500000
 2.1 2.500000
 2.2 2.120690
 2.3 1.500000
 2.4 1.500000
 2.5 1.500000
 2.6 1.500000
 2.7 1.500000
 2.8 1.500000
 2.9 1.388889
 3.0 0.525000
 3.1 -0.366667
 3.2 -1.000000
 3.3 -0.942087
 3.4 -0.640280
 3.5 -0.763889
 3.6 -1.434761
 3.7 -2.664297
 3.8 -2.750000
 3.9 -2.601390
 4.0 -2.880842
 4.1 -3.568444
 4.2 -3.205500
 4.3 -2.471630
 4.4 -2.453347
 4.5 -2.297868
 4.6 -2.268444
 4.7 -1.583667
 4.8 -1.598750
 4.9 -1.377644
 5.0 -1.626368
 5.1 -0.955950
 5.2 0.176289
 5.3 -0.026921
 5.4 -0.033000
 5.5 0.245263
 5.6 1.058000
 5.7 1.403576
 5.8 1.925773

ALA 62
 0.0 3.000000
 0.1 3.000000
 0.2 3.000000
 0.3 3.000000
 0.4 3.000000
 0.5 3.000000
 0.6 3.000000
 0.7 3.000000
 0.8 3.000000
 0.9 3.000000
 1.0 3.000000
 1.1 3.000000
 1.2 3.000000
 1.3 3.000000
 1.4 3.000000
 1.5 3.000000
 1.6 3.000000
 1.7 3.000000
 1.8 3.000000
 1.9 3.000000
 2.0 3.000000
 2.1 3.000000
 2.2 2.637931
 2.3 2.354167
 2.4 2.000000
 2.5 2.000000
 2.6 2.000000
 2.7 2.000000
 2.8 2.000000
 2.9 2.000000
 3.0 2.000000
 3.1 1.777778
 3.2 1.000000
 3.3 0.775304
 3.4 0.333000
 3.5 0.333000
 3.6 0.184957
 3.7 -0.333000
 3.8 -0.333000
 3.9 -0.381780
 4.0 -0.920895
 4.1 -1.319444
 4.2 -1.614125
 4.3 -1.666000
 4.4 -1.666000
 4.5 -1.753895
 4.6 -1.851556
 4.7 -1.249333
 4.8 -0.999000
 4.9 -0.976778
 5.0 -0.446421
 5.1 0.077750
 5.2 0.484000
 5.3 0.431263
 5.4 0.317000
 5.5 0.371737
 5.6 0.733000
 5.7 1.018424
 5.8 1.451545

ALA 63
 0.0 3.000000
 0.1 3.000000
 0.2 3.000000
 0.3 3.000000
 0.4 3.000000
 0.5 3.000000
 0.6 3.000000
 0.7 3.000000
 0.8 3.000000
 0.9 3.000000
 1.0 3.000000
 1.1 3.000000
 1.2 3.000000
 1.3 3.000000
 1.4 3.000000
 1.5 3.000000
 1.6 3.000000
 1.7 3.000000
 1.8 3.000000
 1.9 3.000000
 2.0 3.000000
 2.1 3.000000
 2.2 3.000000
 2.3 2.854167
 2.4 2.500000
 2.5 2.000000
 2.6 1.785714
 2.7 1.500000
 2.8 1.500000
 2.9 1.305556
 3.0 0.775000
 3.1 0.500000
 3.2 0.000000
 3.3 -0.659478
 3.4 -1.753560
 3.5 -1.833000
 3.6 -2.097239
 3.7 -2.598432
 3.8 -2.666000
 3.9 -2.737707
 4.0 -2.837895
 4.1 -2.917000
 4.2 -3.468625
 4.3 -3.824283
 4.4 -3.324286
 4.5 -3.300000
 4.6 -2.799750
 4.7 -2.633000
 4.8 -2.642083
 4.9 -2.722556
 5.0 -1.687895
 5.1 -0.716275
 5.2 -0.200000
 5.3 -0.132711
 5.4 -0.417000
 5.5 -0.340158
 5.6 0.108550
 5.7 0.489758
 5.8 0.669682

ALA 67
 0.0 3.000000
 0.1 3.000000
 0.2 3.000000
 0.3 3.000000
 0.4 3.000000
 0.5 3.000000
 0.6 3.000000
 0.7 3.000000
 0.8 3.000000
 0.9 3.000000
 1.0 3.000000
 1.1 3.000000
 1.2 3.000000
 1.3 3.000000
 1.4 3.000000
 1.5 3.000000
 1.6 3.000000
 1.7 3.000000
 1.8 3.000000
 1.9 3.000000
 2.0 3.000000
 2.1 3.000000
 2.2 3.000000
 2.3 2.500000
 2.4 2.500000
 2.5 2.000000
 2.6 1.785714
 2.7 1.500000
 2.8 1.500000
 2.9 1.305556
 3.0 1.000000
 3.1 0.988889
 3.2 0.500000
 3.3 0.108783
 3.4 -0.446440
 3.5 -0.764222
 3.6 -0.912870
 3.7 -1.265432
 3.8 -1.589098
 3.9 -1.884098
 4.0 -2.065789
 4.1 -1.750000
 4.2 -2.187500
 4.3 -2.559848
 4.4 -2.328020
 4.5 -2.717000
 4.6 -2.717000
 4.7 -2.717000
 4.8 -2.708708
 4.9 -2.578778
 5.0 -2.048263
 5.1 -1.014525
 5.2 -0.502737
 5.3 -0.569737
 5.4 -0.584000
 5.5 -0.584000
 5.6 -0.467450
 5.7 -0.058879
 5.8 0.086091

ALA 68
 0.0 3.000000
 0.1 3.000000
 0.2 3.000000
 0.3 3.000000
 0.4 3.000000
 0.5 3.000000
 0.6 3.000000
 0.7 3.000000
 0.8 3.000000
 0.9 3.000000
 1.0 3.000000
 1.1 3.000000
 1.2 3.000000
 1.3 3.000000
 1.4 3.000000
 1.5 3.000000
 1.6 3.000000
 1.7 3.000000
 1.8 3.000000
 1.9 3.000000
 2.0 3.000000
 2.1 3.000000
 2.2 3.000000
 2.3 2.312500
 2.4 2.000000
 2.5 2.000000
 2.6 1.857143
 2.7 1.500000
 2.8 1.428571
 2.9 1.000000
 3.0 1.000000
 3.1 0.622222
 3.2 -0.809524
 3.3 -0.826261
 3.4 -0.334000
 3.5 -0.584000
 3.6 -1.283326
 3.7 -1.135595
 3.8 -1.423098
 3.9 -1.760610
 4.0 -1.754895
 4.1 -1.333000
 4.2 -1.333000
 4.3 -1.026326
 4.4 -0.671878
 4.5 -0.663921
 4.6 -0.550000
 4.7 -0.550000
 4.8 -0.548583
 4.9 -0.516000
 5.0 -0.516000
 5.1 0.096000
 5.2 0.676289
 5.3 0.708500
 5.4 0.767000
 5.5 0.666526
 5.6 0.601000
 5.7 0.411455
 5.8 0.221727

ALA 69
 0.0 3.000000
 0.1 3.000000
 0.2 3.000000
 0.3 3.000000
 0.4 3.000000
 0.5 3.000000
 0.6 3.000000
 0.7 3.000000
 0.8 3.000000
 0.9 3.000000
 1.0 3.000000
 1.1 3.000000
 1.2 3.000000
 1.3 3.000000
 1.4 3.000000
 1.5 3.000000
 1.6 3.000000
 1.7 3.000000
 1.8 3.000000
 1.9 2.892857
 2.0 2.500000
 2.1 2.500000
 2.2 2.500000
 2.3 2.041667
 2.4 1.500000
 2.5 1.500000
 2.6 1.357143
 2.7 1.000000
 2.8 0.928571
 2.9 0.388889
 3.0 -0.700000
 3.1 -1.366667
 3.2 -2.761905
 3.3 -2.710304
 3.4 -2.506480
 3.5 -2.596889
 3.6 -3.061543
 3.7 -3.200243
 3.8 -3.066756
 3.9 -2.629585
 4.0 -2.411947
 4.1 -2.823722
 4.2 -2.085750
 4.3 -1.821043
 4.4 -1.752633
 4.5 -1.776868
 4.6 -1.866472
 4.7 -2.001000
 4.8 -2.262604
 4.9 -2.511444
 5.0 -2.767000
 5.1 -1.060025
 5.2 0.606395
 5.3 0.311132
 5.4 0.051000
 5.5 0.012711
 5.6 0.375100
 5.7 0.732515
 5.8 1.005409

ALA 70
 0.0 3.000000
 0.1 3.000000
 0.2 3.000000
 0.3 3.000000
 0.4 3.000000
 0.5 3.000000
 0.6 3.000000
 0.7 3.000000
 0.8 3.000000
 0.9 3.000000
 1.0 3.000000
 1.1 3.000000
 1.2 3.000000
 1.3 3.000000
 1.4 3.000000
 1.5 3.000000
 1.6 3.000000
 1.7 3.000000
 1.8 3.000000
 1.9 3.000000
 2.0 3.000000
 2.1 3.000000
 2.2 3.000000
 2.3 2.562500
 2.4 2.000000
 2.5 2.000000
 2.6 2.000000
 2.7 2.000000
 2.8 2.000000
 2.9 2.000000
 3.0 2.000000
 3.1 1.855556
 3.2 0.547619
 3.3 0.376565
 3.4 0.453240
 3.5 0.250333
 3.6 -0.358413
 3.7 -0.784243
 3.8 -0.878537
 3.9 -1.052293
 4.0 -0.368947
 4.1 -0.338639
 4.2 -0.290063
 4.3 0.180413
 4.4 0.473286
 4.5 0.373789
 4.6 0.660083
 4.7 0.984000
 4.8 0.984000
 4.9 0.984000
 5.0 1.053895
 5.1 1.678650
 5.2 2.185711
 5.3 1.515132
 5.4 1.117000
 5.5 0.702921
 5.6 0.683000
 5.7 0.581515
 5.8 0.499000

ALA 71
 0.0 3.000000
 0.1 3.000000
 0.2 3.000000
 0.3 3.000000
 0.4 3.000000
 0.5 3.000000
 0.6 3.000000
 0.7 3.000000
 0.8 3.000000
 0.9 3.000000
 1.0 3.000000
 1.1 3.000000
 1.2 3.000000
 1.3 3.000000
 1.4 3.000000
 1.5 3.000000
 1.6 3.000000
 1.7 3.000000
 1.8 3.000000
 1.9 2.535714
 2.0 2.500000
 2.1 2.500000
 2.2 2.500000
 2.3 1.812500
 2.4 1.000000
 2.5 1.000000
 2.6 1.000000
 2.7 0.750000
 2.8 0.500000
 2.9 0.500000
 3.0 0.050000
 3.1 -0.333333
 3.2 -2.380952
 3.3 -2.710565
 3.4 -3.014120
 3.5 -3.626000
 3.6 -4.449261
 3.7 -4.321946
 3.8 -4.185000
 3.9 -3.578659
 4.0 -3.121842
 4.1 -3.003639
 4.2 -3.095969
 4.3 -2.375065
 4.4 -2.413939
 4.5 -2.329316
 4.6 -1.741750
 4.7 -1.366000
 4.8 -1.002563
 4.9 0.175978
 5.0 0.496789
 5.1 0.648325
 5.2 0.769974
 5.3 0.818395
 5.4 0.816667
 5.5 1.526447
 5.6 1.533000
 5.7 1.478909
 5.8 1.262455

ALA 72
 0.0 3.000000
 0.1 3.000000
 0.2 3.000000
 0.3 3.000000
 0.4 3.000000
 0.5 3.000000
 0.6 3.000000
 0.7 3.000000
 0.8 3.000000
 0.9 3.000000
 1.0 3.000000
 1.1 3.000000
 1.2 3.000000
 1.3 3.000000
 1.4 3.000000
 1.5 3.000000
 1.6 3.000000
 1.7 3.000000
 1.8 3.000000
 1.9 3.000000
 2.0 3.000000
 2.1 3.000000
 2.2 2.758621
 2.3 2.354167
 2.4 2.000000
 2.5 2.000000
 2.6 2.000000
 2.7 2.000000
 2.8 2.000000
 2.9 2.000000
 3.0 2.000000
 3.1 1.422222
 3.2 0.428571
 3.3 0.173739
 3.4 0.333000
 3.5 0.208000
 3.6 -0.167000
 3.7 -0.910432
 3.8 -1.370439
 3.9 -0.914341
 4.0 -0.579684
 4.1 -0.501000
 4.2 -0.401719
 4.3 -0.221478
 4.4 -0.167000
 4.5 0.195289
 4.6 0.604667
 4.7 0.373524
 4.8 0.299208
 4.9 0.548400
 5.0 0.292684
 5.1 0.201000
 5.2 0.121684
 5.3 -0.124263
 5.4 0.272333
 5.5 0.672868
 5.6 0.351000
 5.7 0.260364
 5.8 -0.106591

ALA 73
 0.0 3.000000
 0.1 3.000000
 0.2 3.000000
 0.3 3.000000
 0.4 3.000000
 0.5 3.000000
 0.6 3.000000
 0.7 3.000000
 0.8 3.000000
 0.9 3.000000
 1.0 3.000000
 1.1 3.000000
 1.2 3.000000
 1.3 3.000000
 1.4 3.000000
 1.5 3.000000
 1.6 3.000000
 1.7 3.000000
 1.8 2.916667
 1.9 2.000000
 2.0 2.000000
 2.1 2.000000
 2.2 1.758621
 2.3 1.416667
 2.4 1.000000
 2.5 1.000000
 2.6 1.000000
 2.7 1.000000
 2.8 0.250000
 2.9 0.000000
 3.0 0.000000
 3.1 -0.844444
 3.2 -2.023810
 3.3 -2.587130
 3.4 -2.927000
 3.5 -3.236444
 3.6 -3.891087
 3.7 -4.360027
 3.8 -4.768415
 3.9 -4.227976
 4.0 -3.701737
 4.1 -3.500000
 4.2 -3.395625
 4.3 -2.771739
 4.4 -2.491571
 4.5 -2.333158
 4.6 -1.566972
 4.7 -1.210143
 4.8 -0.178375
 4.9 0.711333
 5.0 1.800553
 5.1 2.134825
 5.2 1.808658
 5.3 1.717368
 5.4 1.978333
 5.5 1.901553
 5.6 1.885500
 5.7 2.189182
 5.8 2.334409

ALA 74
 0.0 3.000000
 0.1 3.000000
 0.2 3.000000
 0.3 3.000000
 0.4 3.000000
 0.5 3.000000
 0.6 3.000000
 0.7 3.000000
 0.8 3.000000
 0.9 3.000000
 1.0 3.000000
 1.1 3.000000
 1.2 3.000000
 1.3 3.000000
 1.4 3.000000
 1.5 3.000000
 1.6 3.000000
 1.7 3.000000
 1.8 3.000000
 1.9 2.821429
 2.0 2.437500
 2.1 2.000000
 2.2 2.000000
 2.3 1.791667
 2.4 1.000000
 2.5 1.000000
 2.6 1.000000
 2.7 1.000000
 2.8 1.000000
 2.9 0.777778
 3.0 0.225000
 3.1 -0.500000
 3.2 -1.309524
 3.3 -2.000000
 3.4 -2.000000
 3.5 -2.361111
 3.6 -3.000000
 3.7 -3.729730
 3.8 -4.398146
 3.9 -5.076902
 4.0 -5.890316
 4.1 -5.500000
 4.2 -5.271125
 4.3 -3.627043
 4.4 -2.204000
 4.5 -1.847026
 4.6 -1.208667
 4.7 -0.872333
 4.8 -0.131729
 4.9 0.344733
 5.0 1.265816
 5.1 2.283000
 5.2 3.105079
 5.3 3.924632
 5.4 3.850000
 5.5 3.692447
 5.6 3.667350
 5.7 4.302818
 5.8 4.510318

ALA 75
 0.0 3.000000
 0.1 3.000000
 0.2 3.000000
 0.3 3.000000
 0.4 3.000000
 0.5 3.000000
 0.6 3.000000
 0.7 3.000000
 0.8 3.000000
 0.9 3.000000
 1.0 3.000000
 1.1 3.000000
 1.2 3.000000
 1.3 3.000000
 1.4 3.000000
 1.5 3.000000
 1.6 3.000000
 1.7 3.000000
 1.8 3.000000
 1.9 2.964286
 2.0 2.250000
 2.1 2.000000
 2.2 1.982759
 2.3 1.375000
 2.4 1.000000
 2.5 1.000000
 2.6 1.000000
 2.7 1.000000
 2.8 0.892857
 2.9 0.500000
 3.0 -0.325000
 3.1 -0.644444
 3.2 -1.357143
 3.3 -1.739130
 3.4 -2.000000
 3.5 -2.361111
 3.6 -2.956522
 3.7 -3.810811
 3.8 -5.000000
 3.9 -5.024390
 4.0 -5.355263
 4.1 -5.500000
 4.2 -5.374750
 4.3 -4.016087
 4.4 -3.538673
 4.5 -2.794079
 4.6 -2.065111
 4.7 -1.091381
 4.8 -0.255771
 4.9 0.850222
 5.0 1.862658
 5.1 2.092875
 5.2 3.694947
 5.3 4.692105
 5.4 4.757833
 5.5 4.577658
 5.6 4.614700
 5.7 4.265606
 5.8 4.288682

ALA 76
 0.0 3.000000
 0.1 3.000000
 0.2 3.000000
 0.3 3.000000
 0.4 3.000000
 0.5 3.000000
 0.6 3.000000
 0.7 3.000000
 0.8 3.000000
 0.9 3.000000
 1.0 3.000000
 1.1 3.000000
 1.2 3.000000
 1.3 3.000000
 1.4 3.000000
 1.5 3.000000
 1.6 3.000000
 1.7 3.000000
 1.8 3.000000
 1.9 3.000000
 2.0 3.000000
 2.1 2.555556
 2.2 1.982759
 2.3 1.083333
 2.4 1.000000
 2.5 1.000000
 2.6 1.000000
 2.7 1.000000
 2.8 1.000000
 2.9 1.000000
 3.0 0.900000
 3.1 -0.288889
 3.2 -1.000000
 3.3 -1.000000
 3.4 -1.280000
 3.5 -1.500000
 3.6 -2.663043
 3.7 -3.040541
 3.8 -3.845585
 3.9 -4.500000
 4.0 -4.947368
 4.1 -5.629833
 4.2 -5.651375
 4.3 -3.163152
 4.4 -2.112327
 4.5 -1.817842
 4.6 -2.183000
 4.7 -1.956810
 4.8 -1.763438
 4.9 -0.537178
 5.0 -0.396711
 5.1 0.534725
 5.2 1.982316
 5.3 3.698053
 5.4 3.801125
 5.5 3.740763
 5.6 3.568000
 5.7 3.575758
 5.8 3.577045

ALA 77
 0.0 3.000000
 0.1 3.000000
 0.2 3.000000
 0.3 3.000000
 0.4 3.000000
 0.5 3.000000
 0.6 3.000000
 0.7 3.000000
 0.8 3.000000
 0.9 3.000000
 1.0 3.000000
 1.1 3.000000
 1.2 3.000000
 1.3 3.000000
 1.4 3.000000
 1.5 3.000000
 1.6 3.000000
 1.7 3.000000
 1.8 3.000000
 1.9 3.000000
 2.0 2.687500
 2.1 2.500000
 2.2 2.500000
 2.3 1.979167
 2.4 1.500000
 2.5 1.500000
 2.6 1.500000
 2.7 1.500000
 2.8 1.500000
 2.9 1.500000
 3.0 1.150000
 3.1 0.822222
 3.2 0.000000
 3.3 -0.304348
 3.4 -0.500000
 3.5 -0.777778
 3.6 -1.945652
 3.7 -2.004514
 3.8 -3.024829
 3.9 -3.334000
 4.0 -3.303079
 4.1 -4.055306
 4.2 -3.979156
 4.3 -3.557565
 4.4 -3.690347
 4.5 -2.664316
 4.6 -2.360444
 4.7 -2.300000
 4.8 -2.150396
 4.9 -1.823844
 5.0 -1.076289
 5.1 -0.457150
 5.2 0.419500
 5.3 0.826368
 5.4 0.862167
 5.5 1.435395
 5.6 1.585325
 5.7 1.523182
 5.8 1.577545

ALA 78
 0.0 3.000000
 0.1 3.000000
 0.2 3.000000
 0.3 3.000000
 0.4 3.000000
 0.5 3.000000
 0.6 3.000000
 0.7 3.000000
 0.8 3.000000
 0.9 3.000000
 1.0 3.000000
 1.1 3.000000
 1.2 3.000000
 1.3 3.000000
 1.4 3.000000
 1.5 3.000000
 1.6 3.000000
 1.7 3.000000
 1.8 3.000000
 1.9 2.785714
 2.0 2.500000
 2.1 2.111111
 2.2 1.844828
 2.3 1.395833
 2.4 1.000000
 2.5 1.000000
 2.6 1.000000
 2.7 1.000000
 2.8 1.000000
 2.9 0.583333
 3.0 0.000000
 3.1 -0.733333
 3.2 -1.500000
 3.3 -1.500000
 3.4 -1.500000
 3.5 -2.638889
 3.6 -4.119565
 3.7 -4.747757
 3.8 -4.699415
 3.9 -5.000000
 4.0 -4.947263
 4.1 -5.054972
 4.2 -4.817375
 4.3 -4.159413
 4.4 -3.959490
 4.5 -4.344000
 4.6 -3.896722
 4.7 -3.676000
 4.8 -3.002479
 4.9 -2.459244
 5.0 -2.038632
 5.1 -1.136450
 5.2 0.192974
 5.3 0.895816
 5.4 1.641375
 5.5 1.804605
 5.6 1.775500
 5.7 1.596576
 5.8 1.673955

ALA 79
 0.0 3.000000
 0.1 3.000000
 0.2 3.000000
 0.3 3.000000
 0.4 3.000000
 0.5 3.000000
 0.6 3.000000
 0.7 3.000000
 0.8 3.000000
 0.9 3.000000
 1.0 3.000000
 1.1 3.000000
 1.2 3.000000
 1.3 3.000000
 1.4 3.000000
 1.5 3.000000
 1.6 3.000000
 1.7 3.000000
 1.8 3.000000
 1.9 3.000000
 2.0 3.000000
 2.1 3.000000
 2.2 2.844828
 2.3 2.500000
 2.4 2.500000
 2.5 2.500000
 2.6 2.500000
 2.7 2.500000
 2.8 2.500000
 2.9 2.500000
 3.0 2.500000
 3.1 2.255556
 3.2 2.000000
 3.3 2.000000
 3.4 2.000000
 3.5 1.527778
 3.6 1.282609
 3.7 0.738730
 3.8 0.333000
 3.9 0.333000
 4.0 0.306632
 4.1 0.124500
 4.2 0.000000
 4.3 0.315217
 4.4 0.476286
 4.5 0.807211
 4.6 1.000000
 4.7 1.000000
 4.8 1.000000
 4.9 1.000000
 5.0 1.000000
 5.1 1.125000
 5.2 1.500000
 5.3 1.802632
 5.4 1.853875
 5.5 1.591579
 5.6 1.028725
 5.7 1.000000
 5.8 1.000000

ALA 85
 0.0 3.000000
 0.1 3.000000
 0.2 3.000000
 0.3 3.000000
 0.4 3.000000
 0.5 3.000000
 0.6 3.000000
 0.7 3.000000
 0.8 3.000000
 0.9 3.000000
 1.0 3.000000
 1.1 3.000000
 1.2 3.000000
 1.3 3.000000
 1.4 3.000000
 1.5 3.000000
 1.6 3.000000
 1.7 3.000000
 1.8 3.000000
 1.9 3.000000
 2.0 3.000000
 2.1 3.000000
 2.2 2.931034
 2.3 2.500000
 2.4 2.500000
 2.5 2.500000
 2.6 2.500000
 2.7 2.500000
 2.8 2.500000
 2.9 2.500000
 3.0 2.500000
 3.1 2.277778
 3.2 2.000000
 3.3 2.000000
 3.4 2.000000
 3.5 1.513889
 3.6 1.173913
 3.7 1.000000
 3.8 1.000000
 3.9 1.000000
 4.0 0.657895
 4.1 0.361111
 4.2 0.000000
 4.3 -0.195652
 4.4 -0.571429
 4.5 -1.210526
 4.6 -0.606528
 4.7 -0.027476
 4.8 0.562250
 4.9 0.423422
 5.0 0.806184
 5.1 0.666000
 5.2 0.583000
 5.3 0.583000
 5.4 0.309000
 5.5 0.500000
 5.6 0.165100
 5.7 0.100000
 5.8 0.100000

ALA 86
 0.0 3.000000
 0.1 3.000000
 0.2 3.000000
 0.3 3.000000
 0.4 3.000000
 0.5 3.000000
 0.6 3.000000
 0.7 3.000000
 0.8 3.000000
 0.9 3.000000
 1.0 3.000000
 1.1 3.000000
 1.2 3.000000
 1.3 3.000000
 1.4 3.000000
 1.5 3.000000
 1.6 3.000000
 1.7 3.000000
 1.8 3.000000
 1.9 2.642857
 2.0 2.062500
 2.1 2.000000
 2.2 1.534483
 2.3 1.000000
 2.4 1.000000
 2.5 1.000000
 2.6 1.000000
 2.7 1.000000
 2.8 1.000000
 2.9 -0.027778
 3.0 -0.500000
 3.1 -1.144444
 3.2 -1.500000
 3.3 -1.500000
 3.4 -1.500000
 3.5 -2.291667
 3.6 -3.163043
 3.7 -3.986486
 3.8 -3.756195
 3.9 -3.516927
 4.0 -4.176105
 4.1 -4.481833
 4.2 -3.885750
 4.3 -3.942391
 4.4 -4.715082
 4.5 -4.658184
 4.6 -4.122083
 4.7 -2.631024
 4.8 -0.917604
 4.9 -0.319756
 5.0 0.907342
 5.1 1.341300
 5.2 1.416000
 5.3 1.416000
 5.4 1.834042
 5.5 2.213763
 5.6 1.899625
 5.7 2.443848
 5.8 2.248000

ALA 87
 0.0 3.000000
 0.1 3.000000
 0.2 3.000000
 0.3 3.000000
 0.4 3.000000
 0.5 3.000000
 0.6 3.000000
 0.7 3.000000
 0.8 3.000000
 0.9 3.000000
 1.0 3.000000
 1.1 3.000000
 1.2 3.000000
 1.3 3.000000
 1.4 3.000000
 1.5 3.000000
 1.6 3.000000
 1.7 3.000000
 1.8 3.000000
 1.9 2.785714
 2.0 2.500000
 2.1 2.111111
 2.2 1.500000
 2.3 1.000000
 2.4 1.000000
 2.5 1.000000
 2.6 1.000000
 2.7 1.000000
 2.8 1.000000
 2.9 0.583333
 3.0 0.000000
 3.1 -1.000000
 3.2 -1.500000
 3.3 -1.500000
 3.4 -1.860000
 3.5 -2.388889
 3.6 -2.967478
 3.7 -4.031865
 3.8 -4.203317
 3.9 -4.650073
 4.0 -5.333000
 4.1 -4.620556
 4.2 -3.177031
 4.3 -2.391000
 4.4 -2.343694
 4.5 -2.636105
 4.6 -2.462667
 4.7 -1.301286
 4.8 0.513417
 4.9 1.104667
 5.0 1.362842
 5.1 2.325950
 5.2 3.100263
 5.3 3.022579
 5.4 3.146542
 5.5 3.100632
 5.6 2.326900
 5.7 2.537182
 5.8 2.380136

ALA 88
 0.0 3.000000
 0.1 3.000000
 0.2 3.000000
 0.3 3.000000
 0.4 3.000000
 0.5 3.000000
 0.6 3.000000
 0.7 3.000000
 0.8 3.000000
 0.9 3.000000
 1.0 3.000000
 1.1 3.000000
 1.2 3.000000
 1.3 3.000000
 1.4 3.000000
 1.5 3.000000
 1.6 3.000000
 1.7 3.000000
 1.8 2.500000
 1.9 2.500000
 2.0 2.312500
 2.1 2.000000
 2.2 1.620690
 2.3 1.000000
 2.4 1.000000
 2.5 1.000000
 2.6 1.000000
 2.7 0.687500
 2.8 0.500000
 2.9 0.416667
 3.0 -0.200000
 3.1 -0.866667
 3.2 -1.500000
 3.3 -1.500000
 3.4 -2.240000
 3.5 -3.027778
 3.6 -3.815304
 3.7 -4.869703
 3.8 -4.963756
 3.9 -5.215902
 4.0 -5.667000
 4.1 -4.875194
 4.2 -2.400812
 4.3 -1.666565
 4.4 -1.915449
 4.5 -1.353237
 4.6 -1.533861
 4.7 -1.191429
 4.8 0.180167
 4.9 1.305911
 5.0 1.512395
 5.1 2.857900
 5.2 4.268474
 5.3 4.234105
 5.4 4.601208
 5.5 4.477053
 5.6 3.958275
 5.7 3.828727
 5.8 4.365909

ALA 89
 0.0 3.000000
 0.1 3.000000
 0.2 3.000000
 0.3 3.000000
 0.4 3.000000
 0.5 3.000000
 0.6 3.000000
 0.7 3.000000
 0.8 3.000000
 0.9 3.000000
 1.0 3.000000
 1.1 3.000000
 1.2 3.000000
 1.3 3.000000
 1.4 3.000000
 1.5 3.000000
 1.6 3.000000
 1.7 3.000000
 1.8 3.000000
 1.9 3.000000
 2.0 3.000000
 2.1 2.555556
 2.2 1.396552
 2.3 1.000000
 2.4 1.000000
 2.5 1.000000
 2.6 1.000000
 2.7 1.000000
 2.8 1.000000
 2.9 1.000000
 3.0 0.900000
 3.1 -0.433333
 3.2 -1.000000
 3.3 -1.000000
 3.4 -1.660000
 3.5 -2.555556
 3.6 -3.282696
 3.7 -3.667000
 3.8 -3.560829
 3.9 -4.239171
 4.0 -4.902842
 4.1 -4.860444
 4.2 -4.442031
 4.3 -3.452696
 4.4 -1.928531
 4.5 -1.815605
 4.6 -1.856250
 4.7 -1.595762
 4.8 -0.957917
 4.9 -0.252356
 5.0 0.025737
 5.1 0.623900
 5.2 2.107737
 5.3 4.231500
 5.4 4.058875
 5.5 3.949868
 5.6 3.912550
 5.7 3.550000
 5.8 3.382455

ALA 90
 0.0 3.000000
 0.1 3.000000
 0.2 3.000000
 0.3 3.000000
 0.4 3.000000
 0.5 3.000000
 0.6 3.000000
 0.7 3.000000
 0.8 3.000000
 0.9 3.000000
 1.0 3.000000
 1.1 3.000000
 1.2 3.000000
 1.3 3.000000
 1.4 3.000000
 1.5 3.000000
 1.6 3.000000
 1.7 3.000000
 1.8 3.000000
 1.9 2.714286
 2.0 2.500000
 2.1 2.277778
 2.2 1.672414
 2.3 1.250000
 2.4 1.000000
 2.5 1.000000
 2.6 1.000000
 2.7 1.000000
 2.8 1.000000
 2.9 0.305556
 3.0 -0.400000
 3.1 -0.755556
 3.2 -1.500000
 3.3 -1.500000
 3.4 -1.840000
 3.5 -2.319444
 3.6 -3.489130
 3.7 -4.324324
 3.8 -4.870073
 3.9 -4.666000
 4.0 -4.942316
 4.1 -4.666000
 4.2 -3.249875
 4.3 -2.985174
 4.4 -2.240163
 4.5 -2.575211
 4.6 -2.159806
 4.7 -2.000000
 4.8 -1.875250
 4.9 -1.332044
 5.0 0.208237
 5.1 1.791100
 5.2 2.599000
 5.3 3.692737
 5.4 3.573250
 5.5 4.265263
 5.6 4.209250
 5.7 3.617000
 5.8 3.617000

ALA 91
 0.0 3.000000
 0.1 3.000000
 0.2 3.000000
 0.3 3.000000
 0.4 3.000000
 0.5 3.000000
 0.6 3.000000
 0.7 3.000000
 0.8 3.000000
 0.9 3.000000
 1.0 3.000000
 1.1 3.000000
 1.2 3.000000
 1.3 3.000000
 1.4 3.000000
 1.5 3.000000
 1.6 3.000000
 1.7 3.000000
 1.8 3.000000
 1.9 2.821429
 2.0 2.437500
 2.1 2.000000
 2.2 2.000000
 2.3 1.395833
 2.4 1.000000
 2.5 1.000000
 2.6 1.000000
 2.7 1.000000
 2.8 1.000000
 2.9 0.777778
 3.0 0.225000
 3.1 -0.566667
 3.2 -1.571429
 3.3 -2.000000
 3.4 -2.000000
 3.5 -2.000000
 3.6 -2.706522
 3.7 -3.027027
 3.8 -4.256098
 3.9 -5.792683
 4.0 -6.250184
 4.1 -5.501000
 4.2 -5.110375
 4.3 -4.754413
 4.4 -4.418265
 4.5 -4.333000
 4.6 -3.782500
 4.7 -3.484286
 4.8 -3.465208
 4.9 -3.488867
 5.0 -2.052579
 5.1 0.533125
 5.2 2.173289
 5.3 3.118263
 5.4 3.372042
 5.5 3.459421
 5.6 3.379975
 5.7 3.267000
 5.8 3.250773

ALA 92
 0.0 3.000000
 0.1 3.000000
 0.2 3.000000
 0.3 3.000000
 0.4 3.000000
 0.5 3.000000
 0.6 3.000000
 0.7 3.000000
 0.8 3.000000
 0.9 3.000000
 1.0 3.000000
 1.1 3.000000
 1.2 3.000000
 1.3 3.000000
 1.4 3.000000
 1.5 3.000000
 1.6 3.000000
 1.7 3.000000
 1.8 3.000000
 1.9 3.000000
 2.0 3.000000
 2.1 3.000000
 2.2 3.000000
 2.3 2.645833
 2.4 2.500000
 2.5 2.500000
 2.6 2.500000
 2.7 2.500000
 2.8 2.500000
 2.9 2.500000
 3.0 2.500000
 3.1 2.500000
 3.2 2.047619
 3.3 2.000000
 3.4 2.000000
 3.5 2.000000
 3.6 1.717391
 3.7 1.500000
 3.8 1.048780
 3.9 0.207317
 4.0 0.092105
 4.1 0.500000
 4.2 0.500000
 4.3 0.347826
 4.4 0.000000
 4.5 0.000000
 4.6 -0.006917
 4.7 -0.210238
 4.8 -0.250000
 4.9 -0.250000
 5.0 0.298158
 5.1 1.395500
 5.2 1.769658
 5.3 1.767474
 5.4 1.833000
 5.5 1.802421
 5.6 1.562250
 5.7 1.417000
 5.8 1.401727

ALA 100
 0.0 3.000000
 0.1 3.000000
 0.2 3.000000
 0.3 3.000000
 0.4 3.000000
 0.5 3.000000
 0.6 3.000000
 0.7 3.000000
 0.8 3.000000
 0.9 3.000000
 1.0 3.000000
 1.1 3.000000
 1.2 3.000000
 1.3 3.000000
 1.4 3.000000
 1.5 3.000000
 1.6 3.000000
 1.7 3.000000
 1.8 3.000000
 1.9 2.714286
 2.0 2.500000
 2.1 2.277778
 2.2 2.000000
 2.3 1.791667
 2.4 1.500000
 2.5 1.500000
 2.6 1.500000
 2.7 1.500000
 2.8 1.500000
 2.9 0.805556
 3.0 0.100000
 3.1 0.000000
 3.2 -0.476190
 3.3 -0.500000
 3.4 -0.840000
 3.5 -1.000000
 3.6 -1.663043
 3.7 -2.500000
 3.8 -2.459268
 3.9 -2.820805
 4.0 -3.017526
 4.1 -2.334000
 4.2 -1.865563
 4.3 -1.609696
 4.4 -2.082633
 4.5 -2.496579
 4.6 -2.417000
 4.7 -2.172952
 4.8 -2.083750
 4.9 -1.414089
 5.0 -0.138737
 5.1 0.270600
 5.2 0.517000
 5.3 0.500000
 5.4 0.621375
 5.5 1.547105
 5.6 1.493400
 5.7 1.483000
 5.8 1.483000

ALA 101
 0.0 3.000000
 0.1 3.000000
 0.2 3.000000
 0.3 3.000000
 0.4 3.000000
 0.5 3.000000
 0.6 3.000000
 0.7 3.000000
 0.8 3.000000
 0.9 3.000000
 1.0 3.000000
 1.1 3.000000
 1.2 3.000000
 1.3 3.000000
 1.4 3.000000
 1.5 3.000000
 1.6 3.000000
 1.7 3.000000
 1.8 3.000000
 1.9 3.000000
 2.0 3.000000
 2.1 3.000000
 2.2 3.000000
 2.3 2.354167
 2.4 2.000000
 2.5 2.000000
 2.6 2.000000
 2.7 2.000000
 2.8 2.000000
 2.9 2.000000
 3.0 2.000000
 3.1 1.866667
 3.2 1.023810
 3.3 1.000000
 3.4 0.500000
 3.5 0.333333
 3.6 -0.163043
 3.7 -1.000000
 3.8 -1.000000
 3.9 -1.487805
 4.0 -1.881579
 4.1 -2.000000
 4.2 -1.453437
 4.3 -1.174043
 4.4 -1.500000
 4.5 -1.500000
 4.6 -1.583333
 4.7 -1.211976
 4.8 -0.749667
 4.9 0.281178
 5.0 1.130895
 5.1 1.150000
 5.2 1.150000
 5.3 1.183000
 5.4 1.085917
 5.5 1.372921
 5.6 1.218925
 5.7 1.000000
 5.8 1.000000

ALA 102
 0.0 3.000000
 0.1 3.000000
 0.2 3.000000
 0.3 3.000000
 0.4 3.000000
 0.5 3.000000
 0.6 3.000000
 0.7 3.000000
 0.8 3.000000
 0.9 3.000000
 1.0 3.000000
 1.1 3.000000
 1.2 3.000000
 1.3 3.000000
 1.4 3.000000
 1.5 3.000000
 1.6 3.000000
 1.7 3.000000
 1.8 2.500000
 1.9 2.500000
 2.0 2.312500
 2.1 2.000000
 2.2 1.603448
 2.3 1.062500
 2.4 1.000000
 2.5 1.000000
 2.6 1.000000
 2.7 0.687500
 2.8 0.500000
 2.9 0.416667
 3.0 -0.200000
 3.1 -0.988889
 3.2 -1.500000
 3.3 -1.500000
 3.4 -2.000000
 3.5 -2.458333
 3.6 -3.869565
 3.7 -5.445946
 3.8 -5.345293
 3.9 -4.756220
 4.0 -5.039474
 4.1 -5.551250
 4.2 -4.134688
 4.3 -3.669652
 4.4 -3.769449
 4.5 -3.830711
 4.6 -4.421056
 4.7 -3.474333
 4.8 -1.986937
 4.9 0.279644
 5.0 0.453632
 5.1 1.041700
 5.2 1.683000
 5.3 1.822079
 5.4 1.369042
 5.5 0.957158
 5.6 1.100825
 5.7 1.850000
 5.8 2.262909

ALA 103
 0.0 3.000000
 0.1 3.000000
 0.2 3.000000
 0.3 3.000000
 0.4 3.000000
 0.5 3.000000
 0.6 3.000000
 0.7 3.000000
 0.8 3.000000
 0.9 3.000000
 1.0 3.000000
 1.1 3.000000
 1.2 3.000000
 1.3 3.000000
 1.4 3.000000
 1.5 3.000000
 1.6 3.000000
 1.7 3.000000
 1.8 3.000000
 1.9 3.000000
 2.0 3.000000
 2.1 3.000000
 2.2 2.465517
 2.3 2.000000
 2.4 2.000000
 2.5 2.000000
 2.6 2.000000
 2.7 2.000000
 2.8 2.000000
 2.9 2.000000
 3.0 2.000000
 3.1 1.422222
 3.2 1.000000
 3.3 1.000000
 3.4 1.000000
 3.5 1.000000
 3.6 0.239130
 3.7 -0.445946
 3.8 0.227171
 3.9 0.365829
 4.0 0.161632
 4.1 -0.244722
 4.2 -0.666000
 4.3 -0.658783
 4.4 -0.290796
 4.5 -0.289868
 4.6 -0.836083
 4.7 -0.670619
 4.8 -0.051708
 4.9 0.608822
 5.0 0.805000
 5.1 0.612800
 5.2 0.055026
 5.3 -0.523789
 5.4 -1.528375
 5.5 -2.312579
 5.6 -2.179900
 5.7 -1.422152
 5.8 -1.013227

ALA 104
 0.0 3.000000
 0.1 3.000000
 0.2 3.000000
 0.3 3.000000
 0.4 3.000000
 0.5 3.000000
 0.6 3.000000
 0.7 3.000000
 0.8 3.000000
 0.9 3.000000
 1.0 3.000000
 1.1 3.000000
 1.2 3.000000
 1.3 3.000000
 1.4 3.000000
 1.5 3.000000
 1.6 3.000000
 1.7 3.000000
 1.8 3.000000
 1.9 2.642857
 2.0 2.062500
 2.1 2.000000
 2.2 1.793103
 2.3 1.000000
 2.4 1.000000
 2.5 1.000000
 2.6 1.000000
 2.7 1.000000
 2.8 1.000000
 2.9 -0.027778
 3.0 -0.500000
 3.1 -0.922222
 3.2 -1.500000
 3.3 -1.934783
 3.4 -2.500000
 3.5 -2.805556
 3.6 -3.793478
 3.7 -4.527081
 3.8 -4.085268
 3.9 -3.971146
 4.0 -4.000000
 4.1 -3.634639
 4.2 -2.833000
 4.3 -2.891000
 4.4 -2.703204
 4.5 -1.950789
 4.6 -1.671083
 4.7 -0.630333
 4.8 0.825854
 4.9 1.362089
 5.0 2.058263
 5.1 2.608000
 5.2 3.271658
 5.3 3.333000
 5.4 3.275292
 5.5 2.880316
 5.6 2.280800
 5.7 3.206030
 5.8 3.455364

ALA 105
 0.0 3.000000
 0.1 3.000000
 0.2 3.000000
 0.3 3.000000
 0.4 3.000000
 0.5 3.000000
 0.6 3.000000
 0.7 3.000000
 0.8 3.000000
 0.9 3.000000
 1.0 3.000000
 1.1 3.000000
 1.2 3.000000
 1.3 3.000000
 1.4 3.000000
 1.5 3.000000
 1.6 3.000000
 1.7 3.000000
 1.8 3.000000
 1.9 3.000000
 2.0 3.000000
 2.1 2.555556
 2.2 1.948276
 2.3 1.145833
 2.4 1.000000
 2.5 1.000000
 2.6 1.000000
 2.7 1.000000
 2.8 1.000000
 2.9 0.277778
 3.0 0.000000
 3.1 -1.344444
 3.2 -1.825571
 3.3 -2.101783
 3.4 -2.766600
 3.5 -3.055222
 3.6 -3.876478
 3.7 -5.103324
 3.8 -4.804927
 3.9 -4.634268
 4.0 -4.824237
 4.1 -3.731528
 4.2 -3.667000
 4.3 -3.097870
 4.4 -2.266755
 4.5 -1.652000
 4.6 -1.830833
 4.7 -1.398119
 4.8 -0.962583
 4.9 -0.647022
 5.0 -0.104632
 5.1 0.324300
 5.2 1.281000
 5.3 2.619000
 5.4 3.413167
 5.5 3.554421
 5.6 3.748375
 5.7 4.085697
 5.8 4.184182

ALA 106
 0.0 3.000000
 0.1 3.000000
 0.2 3.000000
 0.3 3.000000
 0.4 3.000000
 0.5 3.000000
 0.6 3.000000
 0.7 3.000000
 0.8 3.000000
 0.9 3.000000
 1.0 3.000000
 1.1 3.000000
 1.2 3.000000
 1.3 3.000000
 1.4 3.000000
 1.5 3.000000
 1.6 3.000000
 1.7 3.000000
 1.8 3.000000
 1.9 3.000000
 2.0 3.000000
 2.1 3.000000
 2.2 2.586207
 2.3 2.145833
 2.4 2.000000
 2.5 2.000000
 2.6 2.000000
 2.7 2.000000
 2.8 2.000000
 2.9 2.000000
 3.0 2.000000
 3.1 1.066667
 3.2 0.412524
 3.3 0.333000
 3.4 0.533400
 3.5 0.000333
 3.6 -0.267783
 3.7 -0.319541
 3.8 -0.430488
 3.9 -0.166000
 4.0 -0.166000
 4.1 -0.671361
 4.2 -1.167000
 4.3 -1.167000
 4.4 -0.928694
 4.5 0.172684
 4.6 0.450000
 4.7 0.306857
 4.8 0.178250
 4.9 0.231489
 5.0 0.150000
 5.1 -0.016500
 5.2 -0.100000
 5.3 0.680684
 5.4 1.156250
 5.5 1.257500
 5.6 0.818700
 5.7 0.490848
 5.8 0.510000

ALA 107
 0.0 3.000000
 0.1 3.000000
 0.2 3.000000
 0.3 3.000000
 0.4 3.000000
 0.5 3.000000
 0.6 3.000000
 0.7 3.000000
 0.8 3.000000
 0.9 3.000000
 1.0 3.000000
 1.1 3.000000
 1.2 3.000000
 1.3 3.000000
 1.4 3.000000
 1.5 3.000000
 1.6 3.000000
 1.7 3.000000
 1.8 3.000000
 1.9 3.000000
 2.0 2.656250
 2.1 2.500000
 2.2 2.086207
 2.3 1.520833
 2.4 1.500000
 2.5 1.375000
 2.6 0.976143
 2.7 0.833000
 2.8 0.535143
 2.9 -0.278444
 3.0 -0.334000
 3.1 -1.156222
 3.2 -1.992381
 3.3 -2.500000
 3.4 -2.599600
 3.5 -3.091944
 3.6 -2.369696
 3.7 -1.518946
 3.8 -1.118122
 3.9 -0.167000
 4.0 -0.167000
 4.1 -0.199278
 4.2 -0.167000
 4.3 0.228217
 4.4 0.093286
 4.5 0.751579
 4.6 1.091222
 4.7 1.243071
 4.8 1.953750
 4.9 1.889489
 5.0 1.961737
 5.1 2.317000
 5.2 2.329237
 5.3 2.465553
 5.4 2.475500
 5.5 2.253395
 5.6 2.628850
 5.7 1.693364
 5.8 1.571455

ALA 108
 0.0 3.000000
 0.1 3.000000
 0.2 3.000000
 0.3 3.000000
 0.4 3.000000
 0.5 3.000000
 0.6 3.000000
 0.7 3.000000
 0.8 3.000000
 0.9 3.000000
 1.0 3.000000
 1.1 3.000000
 1.2 3.000000
 1.3 3.000000
 1.4 3.000000
 1.5 3.000000
 1.6 3.000000
 1.7 3.000000
 1.8 2.666667
 1.9 2.500000
 2.0 2.500000
 2.1 2.500000
 2.2 2.034483
 2.3 1.520833
 2.4 1.500000
 2.5 1.375000
 2.6 0.619000
 2.7 -0.042000
 2.8 -0.392714
 2.9 -0.833000
 3.0 -0.833000
 3.1 -1.321889
 3.2 -1.904429
 3.3 -2.333000
 3.4 -2.333000
 3.5 -2.356139
 3.6 -3.209478
 3.7 -3.666000
 3.8 -4.409902
 3.9 -4.092902
 4.0 -3.167000
 4.1 -3.167000
 4.2 -3.338875
 4.3 -3.044435
 4.4 -2.830367
 4.5 -3.167000
 4.6 -2.972889
 4.7 -1.930714
 4.8 -1.347500
 4.9 1.058889
 5.0 1.170842
 5.1 1.801875
 5.2 1.833000
 5.3 1.892421
 5.4 2.259958
 5.5 2.400684
 5.6 2.469050
 5.7 2.156576
 5.8 1.886773

ALA 109
 0.0 3.000000
 0.1 3.000000
 0.2 3.000000
 0.3 3.000000
 0.4 3.000000
 0.5 3.000000
 0.6 3.000000
 0.7 3.000000
 0.8 3.000000
 0.9 3.000000
 1.0 3.000000
 1.1 3.000000
 1.2 3.000000
 1.3 3.000000
 1.4 3.000000
 1.5 3.000000
 1.6 3.000000
 1.7 3.000000
 1.8 3.000000
 1.9 3.000000
 2.0 3.000000
 2.1 3.000000
 2.2 2.534483
 2.3 2.500000
 2.4 2.500000
 2.5 2.500000
 2.6 2.500000
 2.7 2.500000
 2.8 2.500000
 2.9 2.500000
 3.0 2.500000
 3.1 2.066667
 3.2 2.000000
 3.3 2.000000
 3.4 2.000000
 3.5 1.972222
 3.6 1.500000
 3.7 1.500000
 3.8 0.585366
 3.9 0.536585
 4.0 1.000000
 4.1 1.000000
 4.2 0.828125
 4.3 0.163043
 4.4 0.271837
 4.5 0.333000
 4.6 0.333000
 4.7 0.311190
 4.8 0.090729
 4.9 1.050133
 5.0 1.451526
 5.1 1.781125
 5.2 1.750000
 5.3 1.749553
 5.4 1.733000
 5.5 1.733000
 5.6 1.739300
 5.7 1.817000
 5.8 2.267500

ALA 114
 0.0 3.000000
 0.1 3.000000
 0.2 3.000000
 0.3 3.000000
 0.4 3.000000
 0.5 3.000000
 0.6 3.000000
 0.7 3.000000
 0.8 3.000000
 0.9 3.000000
 1.0 3.000000
 1.1 3.000000
 1.2 3.000000
 1.3 3.000000
 1.4 3.000000
 1.5 3.000000
 1.6 3.000000
 1.7 3.000000
 1.8 3.000000
 1.9 3.000000
 2.0 3.000000
 2.1 3.000000
 2.2 3.000000
 2.3 2.979167
 2.4 2.500000
 2.5 2.500000
 2.6 2.500000
 2.7 2.500000
 2.8 2.500000
 2.9 2.500000
 3.0 2.500000
 3.1 2.500000
 3.2 2.214286
 3.3 2.000000
 3.4 2.000000
 3.5 2.000000
 3.6 1.815217
 3.7 1.500000
 3.8 1.146341
 3.9 1.000000
 4.0 0.473684
 4.1 0.000000
 4.2 0.000000
 4.3 -0.336957
 4.4 -0.404204
 4.5 -0.420632
 4.6 -0.333000
 4.7 -0.336976
 4.8 -0.621771
 4.9 -0.820867
 5.0 -0.131684
 5.1 -0.052500
 5.2 -0.241263
 5.3 0.131132
 5.4 0.233000
 5.5 0.425158
 5.6 0.395650
 5.7 -0.029091
 5.8 -0.002091

ALA 115
 0.0 3.000000
 0.1 3.000000
 0.2 3.000000
 0.3 3.000000
 0.4 3.000000
 0.5 3.000000
 0.6 3.000000
 0.7 3.000000
 0.8 3.000000
 0.9 3.000000
 1.0 3.000000
 1.1 3.000000
 1.2 3.000000
 1.3 3.000000
 1.4 3.000000
 1.5 3.000000
 1.6 3.000000
 1.7 3.000000
 1.8 3.000000
 1.9 2.928571
 2.0 2.500000
 2.1 2.444444
 2.2 1.948276
 2.3 1.479167
 2.4 1.000000
 2.5 1.000000
 2.6 1.000000
 2.7 1.000000
 2.8 1.000000
 2.9 0.583333
 3.0 0.475000
 3.1 -0.500000
 3.2 -1.285714
 3.3 -1.500000
 3.4 -1.500000
 3.5 -1.750000
 3.6 -2.521739
 3.7 -3.608108
 3.8 -4.654659
 3.9 -5.130415
 4.0 -4.535816
 4.1 -4.305750
 4.2 -4.094156
 4.3 -3.927587
 4.4 -3.833429
 4.5 -4.016000
 4.6 -3.895389
 4.7 -3.839095
 4.8 -2.709583
 4.9 -1.039644
 5.0 0.968684
 5.1 0.923225
 5.2 0.931684
 5.3 1.195105
 5.4 1.153500
 5.5 1.092158
 5.6 1.183000
 5.7 1.911182
 5.8 1.509773

ALA 116
 0.0 3.000000
 0.1 3.000000
 0.2 3.000000
 0.3 3.000000
 0.4 3.000000
 0.5 3.000000
 0.6 3.000000
 0.7 3.000000
 0.8 3.000000
 0.9 3.000000
 1.0 3.000000
 1.1 3.000000
 1.2 3.000000
 1.3 3.000000
 1.4 3.000000
 1.5 3.000000
 1.6 3.000000
 1.7 3.000000
 1.8 2.666667
 1.9 2.500000
 2.0 2.156250
 2.1 2.000000
 2.2 1.568966
 2.3 1.000000
 2.4 1.000000
 2.5 1.000000
 2.6 0.690429
 2.7 0.458000
 2.8 -0.071286
 2.9 -0.333000
 3.0 -0.333000
 3.1 -0.921889
 3.2 -1.333000
 3.3 -1.485174
 3.4 -1.893000
 3.5 -2.328389
 3.6 -3.069174
 3.7 -4.171432
 3.8 -4.463390
 3.9 -4.642610
 4.0 -3.851526
 4.1 -3.931417
 4.2 -4.001000
 4.3 -3.916413
 4.4 -3.154918
 4.5 -2.923342
 4.6 -1.366500
 4.7 0.406952
 4.8 1.596771
 4.9 3.452622
 5.0 4.647526
 5.1 4.954425
 5.2 5.120447
 5.3 4.653632
 5.4 4.813375
 5.5 4.868105
 5.6 4.214375
 5.7 3.926364
 5.8 3.290136

ALA 117
 0.0 3.000000
 0.1 3.000000
 0.2 3.000000
 0.3 3.000000
 0.4 3.000000
 0.5 3.000000
 0.6 3.000000
 0.7 3.000000
 0.8 3.000000
 0.9 3.000000
 1.0 3.000000
 1.1 3.000000
 1.2 3.000000
 1.3 3.000000
 1.4 3.000000
 1.5 3.000000
 1.6 3.000000
 1.7 3.000000
 1.8 3.000000
 1.9 3.000000
 2.0 2.593750
 2.1 2.500000
 2.2 1.931034
 2.3 1.500000
 2.4 1.500000
 2.5 1.125000
 2.6 1.000000
 2.7 1.000000
 2.8 1.000000
 2.9 1.000000
 3.0 0.275000
 3.1 -0.666667
 3.2 -1.000000
 3.3 -1.173913
 3.4 -2.060000
 3.5 -2.500000
 3.6 -3.032609
 3.7 -4.369405
 3.8 -5.167000
 3.9 -5.447488
 4.0 -5.508789
 4.1 -4.838139
 4.2 -4.584000
 4.3 -4.295022
 4.4 -3.460694
 4.5 -3.248921
 4.6 -3.019333
 4.7 -2.360429
 4.8 -0.821417
 4.9 0.770956
 5.0 1.931579
 5.1 2.981575
 5.2 3.817526
 5.3 3.694526
 5.4 3.135500
 5.5 3.337605
 5.6 3.323075
 5.7 2.821182
 5.8 1.984182

ALA 118
 0.0 3.000000
 0.1 3.000000
 0.2 3.000000
 0.3 3.000000
 0.4 3.000000
 0.5 3.000000
 0.6 3.000000
 0.7 3.000000
 0.8 3.000000
 0.9 3.000000
 1.0 3.000000
 1.1 3.000000
 1.2 3.000000
 1.3 3.000000
 1.4 3.000000
 1.5 3.000000
 1.6 3.000000
 1.7 3.000000
 1.8 3.000000
 1.9 3.000000
 2.0 3.000000
 2.1 2.555556
 2.2 1.827586
 2.3 1.062500
 2.4 1.000000
 2.5 1.000000
 2.6 1.000000
 2.7 1.000000
 2.8 1.000000
 2.9 0.722222
 3.0 0.500000
 3.1 -0.800000
 3.2 -1.500000
 3.3 -1.500000
 3.4 -1.500000
 3.5 -1.694444
 3.6 -2.554348
 3.7 -3.540541
 3.8 -4.865854
 3.9 -5.280488
 4.0 -5.504395
 4.1 -5.425778
 4.2 -5.796875
 4.3 -4.916739
 4.4 -4.190796
 4.5 -3.301263
 4.6 -3.001333
 4.7 -2.179357
 4.8 -1.477854
 4.9 -0.902778
 5.0 0.253526
 5.1 0.900000
 5.2 2.101105
 5.3 3.769579
 5.4 4.101667
 5.5 4.064342
 5.6 3.577525
 5.7 3.662333
 5.8 3.158500

ALA 119
 0.0 3.000000
 0.1 3.000000
 0.2 3.000000
 0.3 3.000000
 0.4 3.000000
 0.5 3.000000
 0.6 3.000000
 0.7 3.000000
 0.8 3.000000
 0.9 3.000000
 1.0 3.000000
 1.1 3.000000
 1.2 3.000000
 1.3 3.000000
 1.4 3.000000
 1.5 3.000000
 1.6 3.000000
 1.7 3.000000
 1.8 3.000000
 1.9 3.000000
 2.0 2.718750
 2.1 2.388889
 2.2 1.793103
 2.3 1.062500
 2.4 1.000000
 2.5 1.000000
 2.6 1.000000
 2.7 1.000000
 2.8 1.000000
 2.9 1.000000
 3.0 0.575000
 3.1 -0.788889
 3.2 -1.500000
 3.3 -1.500000
 3.4 -1.820000
 3.5 -2.777944
 3.6 -3.558304
 3.7 -4.004838
 3.8 -5.862122
 3.9 -6.300610
 4.0 -6.070105
 4.1 -6.180556
 4.2 -6.703219
 4.3 -4.808174
 4.4 -3.747673
 4.5 -3.328105
 4.6 -2.883667
 4.7 -2.331167
 4.8 -1.862875
 4.9 -1.703444
 5.0 -0.619474
 5.1 -0.221275
 5.2 1.765395
 5.3 3.055842
 5.4 3.484750
 5.5 3.583000
 5.6 3.632825
 5.7 3.696394
 5.8 3.899000

CYS 120
 0.0 3.000000
 0.1 3.000000
 0.2 3.000000
 0.3 3.000000
 0.4 3.000000
 0.5 3.000000
 0.6 3.000000
 0.7 3.000000
 0.8 3.000000
 0.9 3.000000
 1.0 3.000000
 1.1 3.000000
 1.2 3.000000
 1.3 3.000000
 1.4 3.000000
 1.5 3.000000
 1.6 3.000000
 1.7 3.000000
 1.8 3.000000
 1.9 3.000000
 2.0 3.000000
 2.1 3.000000
 2.2 2.793103
 2.3 2.166667
 2.4 2.000000
 2.5 2.000000
 2.6 2.000000
 2.7 2.000000
 2.8 2.000000
 2.9 2.000000
 3.0 2.000000
 3.1 1.700000
 3.2 1.000000
 3.3 0.869565
 3.4 0.340000
 3.5 -0.166833
 3.6 -0.558304
 3.7 -0.684730
 3.8 -0.935220
 3.9 -0.565171
 4.0 -0.631842
 4.1 -0.861306
 4.2 -1.453125
 4.3 -1.036087
 4.4 -0.959347
 4.5 -0.829105
 4.6 -0.750000
 4.7 -0.618786
 4.8 -0.677167
 4.9 -0.993400
 5.0 -0.800105
 5.1 -1.208075
 5.2 -0.223579
 5.3 -0.733000
 5.4 -0.948583
 5.5 -1.128026
 5.6 -0.831825
 5.7 0.064697
 5.8 0.017000

ALA 121
 0.0 3.000000
 0.1 3.000000
 0.2 3.000000
 0.3 3.000000
 0.4 3.000000
 0.5 3.000000
 0.6 3.000000
 0.7 3.000000
 0.8 3.000000
 0.9 3.000000
 1.0 3.000000
 1.1 3.000000
 1.2 3.000000
 1.3 3.000000
 1.4 3.000000
 1.5 3.000000
 1.6 3.000000
 1.7 3.000000
 1.8 2.833333
 1.9 2.500000
 2.0 2.500000
 2.1 2.500000
 2.2 2.500000
 2.3 1.541667
 2.4 0.500000
 2.5 0.624875
 2.6 0.833000
 2.7 0.332875
 2.8 0.166000
 2.9 0.166000
 3.0 -0.109000
 3.1 -0.334000
 3.2 -1.238762
 3.3 -1.464435
 3.4 -1.219440
 3.5 -1.582833
 3.6 -1.862043
 3.7 -1.423135
 3.8 -1.073098
 3.9 -0.800610
 4.0 -0.964842
 4.1 -0.694306
 4.2 -0.333000
 4.3 -0.423761
 4.4 0.251980
 4.5 0.859368
 4.6 1.888806
 4.7 2.256310
 4.8 2.672938
 4.9 2.168333
 5.0 2.459447
 5.1 2.796425
 5.2 3.028263
 5.3 3.170421
 5.4 3.588667
 5.5 2.846500
 5.6 1.864000
 5.7 2.383939
 5.8 2.185045

ALA 122
 0.0 3.000000
 0.1 3.000000
 0.2 3.000000
 0.3 3.000000
 0.4 3.000000
 0.5 3.000000
 0.6 3.000000
 0.7 3.000000
 0.8 3.000000
 0.9 3.000000
 1.0 3.000000
 1.1 3.000000
 1.2 3.000000
 1.3 3.000000
 1.4 3.000000
 1.5 3.000000
 1.6 3.000000
 1.7 3.000000
 1.8 2.583333
 1.9 2.500000
 2.0 2.500000
 2.1 2.500000
 2.2 2.500000
 2.3 1.770833
 2.4 0.500000
 2.5 0.208000
 2.6 0.071143
 2.7 -0.312250
 2.8 -0.166000
 2.9 -0.166000
 3.0 -0.441000
 3.1 -0.666000
 3.2 -1.570762
 3.3 -2.007217
 3.4 -1.665720
 3.5 -1.999000
 3.6 -2.401174
 3.7 -2.747324
 3.8 -2.768220
 3.9 -3.264561
 4.0 -4.167000
 4.1 -3.865722
 4.2 -2.833000
 4.3 -2.749826
 4.4 -2.129449
 4.5 -1.574605
 4.6 -0.633917
 4.7 0.422714
 4.8 1.904583
 4.9 3.204133
 5.0 3.544684
 5.1 3.887725
 5.2 4.265132
 5.3 5.297842
 5.4 6.270750
 5.5 4.834500
 5.6 3.321150
 5.7 2.231879
 5.8 0.918182

ALA 123
 0.0 3.000000
 0.1 3.000000
 0.2 3.000000
 0.3 3.000000
 0.4 3.000000
 0.5 3.000000
 0.6 3.000000
 0.7 3.000000
 0.8 3.000000
 0.9 3.000000
 1.0 3.000000
 1.1 3.000000
 1.2 3.000000
 1.3 3.000000
 1.4 3.000000
 1.5 3.000000
 1.6 3.000000
 1.7 3.000000
 1.8 3.000000
 1.9 3.000000
 2.0 3.000000
 2.1 3.000000
 2.2 3.000000
 2.3 2.895833
 2.4 2.500000
 2.5 2.500000
 2.6 2.500000
 2.7 2.500000
 2.8 2.500000
 2.9 2.500000
 3.0 2.500000
 3.1 2.500000
 3.2 2.095238
 3.3 2.000000
 3.4 1.699680
 3.5 1.333000
 3.6 0.930826
 3.7 0.441108
 3.8 0.333000
 3.9 0.333000
 4.0 0.333000
 4.1 0.009056
 4.2 0.167000
 4.3 0.130848
 4.4 -0.435245
 4.5 -0.338368
 4.6 0.203306
 4.7 0.577524
 4.8 0.680417
 4.9 0.750000
 5.0 1.310842
 5.1 1.416000
 5.2 1.352842
 5.3 1.426105
 5.4 1.778333
 5.5 1.500000
 5.6 1.225275
 5.7 1.068182
 5.8 0.801000

ALA 129
 0.0 3.000000
 0.1 3.000000
 0.2 3.000000
 0.3 3.000000
 0.4 3.000000
 0.5 3.000000
 0.6 3.000000
 0.7 3.000000
 0.8 3.000000
 0.9 3.000000
 1.0 3.000000
 1.1 3.000000
 1.2 3.000000
 1.3 3.000000
 1.4 3.000000
 1.5 3.000000
 1.6 3.000000
 1.7 3.000000
 1.8 3.000000
 1.9 3.000000
 2.0 3.000000
 2.1 3.000000
 2.2 3.000000
 2.3 2.687500
 2.4 2.500000
 2.5 2.500000
 2.6 2.500000
 2.7 2.500000
 2.8 2.500000
 2.9 2.500000
 3.0 2.500000
 3.1 2.311111
 3.2 2.000000
 3.3 2.000000
 3.4 1.800000
 3.5 1.602139
 3.6 1.167000
 3.7 1.167000
 3.8 1.304659
 3.9 1.333000
 4.0 1.333000
 4.1 1.333000
 4.2 0.989250
 4.3 0.833000
 4.4 0.771776
 4.5 0.442868
 4.6 0.333000
 4.7 0.448310
 4.8 0.451583
 4.9 0.334000
 5.0 0.334000
 5.1 0.334000
 5.2 0.334000
 5.3 0.334000
 5.4 0.208750
 5.5 0.260789
 5.6 0.301000
 5.7 0.198788
 5.8 0.100000

ALA 130
 0.0 3.000000
 0.1 3.000000
 0.2 3.000000
 0.3 3.000000
 0.4 3.000000
 0.5 3.000000
 0.6 3.000000
 0.7 3.000000
 0.8 3.000000
 0.9 3.000000
 1.0 3.000000
 1.1 3.000000
 1.2 3.000000
 1.3 3.000000
 1.4 3.000000
 1.5 3.000000
 1.6 3.000000
 1.7 3.000000
 1.8 2.583333
 1.9 2.500000
 2.0 2.500000
 2.1 2.500000
 2.2 2.051724
 2.3 1.625000
 2.4 1.000000
 2.5 0.895625
 2.6 0.737571
 2.7 0.603500
 2.8 0.166000
 2.9 0.166000
 3.0 0.166000
 3.1 -0.722889
 3.2 -1.334000
 3.3 -0.695043
 3.4 -1.026320
 3.5 -0.801167
 3.6 -1.167000
 3.7 -1.167000
 3.8 -0.613878
 3.9 -0.500000
 4.0 -0.500000
 4.1 -0.402778
 4.2 -0.343750
 4.3 -0.460304
 4.4 -0.662857
 4.5 -1.060526
 4.6 -0.555917
 4.7 0.481714
 4.8 0.468750
 4.9 1.142244
 5.0 1.679684
 5.1 1.750000
 5.2 1.734342
 5.3 2.078000
 5.4 2.131917
 5.5 1.063684
 5.6 0.544275
 5.7 0.053879
 5.8 -0.697864

ALA 131
 0.0 3.000000
 0.1 3.000000
 0.2 3.000000
 0.3 3.000000
 0.4 3.000000
 0.5 3.000000
 0.6 3.000000
 0.7 3.000000
 0.8 3.000000
 0.9 3.000000
 1.0 3.000000
 1.1 3.000000
 1.2 3.000000
 1.3 3.000000
 1.4 3.000000
 1.5 3.000000
 1.6 3.000000
 1.7 3.000000
 1.8 2.833333
 1.9 2.500000
 2.0 2.500000
 2.1 2.500000
 2.2 1.879310
 2.3 1.437500
 2.4 1.000000
 2.5 0.395500
 2.6 0.356857
 2.7 0.375250
 2.8 -0.166000
 2.9 -0.166000
 3.0 -0.166000
 3.1 -1.066000
 3.2 -1.761238
 3.3 -2.332348
 3.4 -3.026280
 3.5 -3.190056
 3.6 -3.108913
 3.7 -3.170838
 3.8 -3.195341
 3.9 -3.764561
 4.0 -4.667000
 4.1 -4.301000
 4.2 -3.499000
 4.3 -3.499000
 4.4 -3.324388
 4.5 -2.863868
 4.6 -1.587972
 4.7 1.165357
 4.8 2.277646
 4.9 3.377889
 5.0 3.630316
 5.1 3.841850
 5.2 4.127289
 5.3 5.017526
 5.4 5.345500
 5.5 3.576632
 5.6 2.071975
 5.7 1.129515
 5.8 -0.931318

ALA 132
 0.0 3.000000
 0.1 3.000000
 0.2 3.000000
 0.3 3.000000
 0.4 3.000000
 0.5 3.000000
 0.6 3.000000
 0.7 3.000000
 0.8 3.000000
 0.9 3.000000
 1.0 3.000000
 1.1 3.000000
 1.2 3.000000
 1.3 3.000000
 1.4 3.000000
 1.5 3.000000
 1.6 3.000000
 1.7 3.000000
 1.8 3.000000
 1.9 3.000000
 2.0 3.000000
 2.1 3.000000
 2.2 2.827586
 2.3 2.291667
 2.4 2.000000
 2.5 2.000000
 2.6 2.000000
 2.7 2.000000
 2.8 2.000000
 2.9 2.000000
 3.0 2.000000
 3.1 1.800000
 3.2 1.000000
 3.3 0.673913
 3.4 -0.180000
 3.5 -0.500000
 3.6 -0.681217
 3.7 -1.504838
 3.8 -1.667000
 3.9 -1.910902
 4.0 -2.469632
 4.1 -2.509278
 4.2 -2.333000
 4.3 -2.333000
 4.4 -2.122327
 4.5 -2.377789
 4.6 -2.352111
 4.7 -1.040976
 4.8 -0.396792
 4.9 0.568800
 5.0 1.474632
 5.1 1.683000
 5.2 1.681737
 5.3 1.540316
 5.4 1.510417
 5.5 0.226053
 5.6 -0.594225
 5.7 -0.735091
 5.8 -1.340636

ALA 133
 0.0 3.000000
 0.1 3.000000
 0.2 3.000000
 0.3 3.000000
 0.4 3.000000
 0.5 3.000000
 0.6 3.000000
 0.7 3.000000
 0.8 3.000000
 0.9 3.000000
 1.0 3.000000
 1.1 3.000000
 1.2 3.000000
 1.3 3.000000
 1.4 3.000000
 1.5 3.000000
 1.6 3.000000
 1.7 3.000000
 1.8 3.000000
 1.9 3.000000
 2.0 2.718750
 2.1 2.388889
 2.2 1.603448
 2.3 1.291667
 2.4 1.000000
 2.5 1.000000
 2.6 1.000000
 2.7 1.000000
 2.8 1.000000
 2.9 1.000000
 3.0 0.575000
 3.1 -0.733333
 3.2 -1.500000
 3.3 -1.500000
 3.4 -1.660000
 3.5 -2.000000
 3.6 -2.239130
 3.7 -3.000000
 3.8 -3.707317
 3.9 -4.243902
 4.0 -5.789474
 4.1 -6.000000
 4.2 -5.953125
 4.3 -4.761609
 4.4 -4.318837
 4.5 -4.280474
 4.6 -4.017972
 4.7 -3.405238
 4.8 -2.360958
 4.9 -1.414733
 5.0 -0.762500
 5.1 -0.246175
 5.2 1.530474
 5.3 2.707316
 5.4 2.887083
 5.5 3.142842
 5.6 2.188150
 5.7 1.884697
 5.8 1.874500

ALA 134
 0.0 3.000000
 0.1 3.000000
 0.2 3.000000
 0.3 3.000000
 0.4 3.000000
 0.5 3.000000
 0.6 3.000000
 0.7 3.000000
 0.8 3.000000
 0.9 3.000000
 1.0 3.000000
 1.1 3.000000
 1.2 3.000000
 1.3 3.000000
 1.4 3.000000
 1.5 3.000000
 1.6 3.000000
 1.7 3.000000
 1.8 3.000000
 1.9 3.000000
 2.0 2.375000
 2.1 2.000000
 2.2 1.172414
 2.3 1.000000
 2.4 1.000000
 2.5 1.000000
 2.6 0.571429
 2.7 0.500000
 2.8 0.500000
 2.9 0.472222
 3.0 -0.350000
 3.1 -1.088889
 3.2 -1.523810
 3.3 -2.000000
 3.4 -2.320000
 3.5 -2.500000
 3.6 -3.108696
 3.7 -4.000000
 3.8 -4.000000
 3.9 -4.451220
 4.0 -5.986842
 4.1 -6.180556
 4.2 -6.006125
 4.3 -5.464435
 4.4 -5.164020
 4.5 -4.372211
 4.6 -3.805056
 4.7 -3.448524
 4.8 -2.060958
 4.9 -1.186644
 5.0 -0.958447
 5.1 0.702125
 5.2 1.771842
 5.3 2.391237
 5.4 2.267000
 5.5 2.733763
 5.6 2.758000
 5.7 2.171909
 5.8 2.143000

ALA 135
 0.0 3.000000
 0.1 3.000000
 0.2 3.000000
 0.3 3.000000
 0.4 3.000000
 0.5 3.000000
 0.6 3.000000
 0.7 3.000000
 0.8 3.000000
 0.9 3.000000
 1.0 3.000000
 1.1 3.000000
 1.2 3.000000
 1.3 3.000000
 1.4 3.000000
 1.5 3.000000
 1.6 3.000000
 1.7 3.000000
 1.8 3.000000
 1.9 3.000000
 2.0 2.593750
 2.1 2.500000
 2.2 2.068966
 2.3 1.791667
 2.4 1.500000
 2.5 1.125000
 2.6 1.000000
 2.7 1.000000
 2.8 1.000000
 2.9 1.000000
 3.0 0.275000
 3.1 -0.311111
 3.2 -0.976190
 3.3 -1.021739
 3.4 -1.500000
 3.5 -1.546306
 3.6 -2.862652
 3.7 -3.977811
 3.8 -4.760122
 3.9 -5.284220
 4.0 -5.609632
 4.1 -5.171222
 4.2 -3.630438
 4.3 -2.888565
 4.4 -3.019122
 4.5 -3.683000
 4.6 -3.025944
 4.7 -2.397952
 4.8 -1.219646
 4.9 -0.596067
 5.0 0.015184
 5.1 2.000775
 5.2 3.116737
 5.3 3.516605
 5.4 3.617000
 5.5 3.424184
 5.6 3.137875
 5.7 3.108818
 5.8 3.380591

ALA 136
 0.0 3.000000
 0.1 3.000000
 0.2 3.000000
 0.3 3.000000
 0.4 3.000000
 0.5 3.000000
 0.6 3.000000
 0.7 3.000000
 0.8 3.000000
 0.9 3.000000
 1.0 3.000000
 1.1 3.000000
 1.2 3.000000
 1.3 3.000000
 1.4 3.000000
 1.5 3.000000
 1.6 3.000000
 1.7 3.000000
 1.8 2.750000
 1.9 2.500000
 2.0 2.343750
 2.1 2.000000
 2.2 1.655172
 2.3 1.291667
 2.4 1.000000
 2.5 0.916500
 2.6 0.833000
 2.7 0.833000
 2.8 0.750000
 2.9 0.611444
 3.0 0.117000
 3.1 -0.733000
 3.2 -1.356810
 3.3 -1.833000
 3.4 -2.313000
 3.5 -2.250139
 3.6 -2.334000
 3.7 -2.942108
 3.8 -4.040878
 3.9 -3.947366
 4.0 -3.811842
 4.1 -2.864917
 4.2 -2.665969
 4.3 -1.117500
 4.4 -0.735327
 4.5 -0.407579
 4.6 0.463278
 4.7 1.543024
 4.8 2.210750
 4.9 2.188867
 5.0 3.009079
 5.1 3.926000
 5.2 5.094684
 5.3 5.843395
 5.4 6.108125
 5.5 4.811474
 5.6 4.450375
 5.7 4.039727
 5.8 4.090545

ALA 137
 0.0 3.000000
 0.1 3.000000
 0.2 3.000000
 0.3 3.000000
 0.4 3.000000
 0.5 3.000000
 0.6 3.000000
 0.7 3.000000
 0.8 3.000000
 0.9 3.000000
 1.0 3.000000
 1.1 3.000000
 1.2 3.000000
 1.3 3.000000
 1.4 3.000000
 1.5 3.000000
 1.6 3.000000
 1.7 3.000000
 1.8 3.000000
 1.9 2.928571
 2.0 2.500000
 2.1 2.444444
 2.2 1.413793
 2.3 1.000000
 2.4 1.000000
 2.5 1.000000
 2.6 1.000000
 2.7 1.000000
 2.8 1.000000
 2.9 0.583333
 3.0 0.475000
 3.1 -1.055556
 3.2 -1.547619
 3.3 -2.000000
 3.4 -2.480000
 3.5 -2.754639
 3.6 -3.395261
 3.7 -4.275108
 3.8 -5.207366
 3.9 -5.117220
 4.0 -4.411737
 4.1 -3.588139
 4.2 -3.901281
 4.3 -2.519196
 4.4 -2.410531
 4.5 -1.982737
 4.6 -1.957333
 4.7 -1.585000
 4.8 1.287771
 4.9 3.227556
 5.0 4.753579
 5.1 4.860175
 5.2 5.033105
 5.3 5.438421
 5.4 5.524042
 5.5 3.633000
 5.6 3.043000
 5.7 3.895636
 5.8 4.016091

ALA 138
 0.0 3.000000
 0.1 3.000000
 0.2 3.000000
 0.3 3.000000
 0.4 3.000000
 0.5 3.000000
 0.6 3.000000
 0.7 3.000000
 0.8 3.000000
 0.9 3.000000
 1.0 3.000000
 1.1 3.000000
 1.2 3.000000
 1.3 3.000000
 1.4 3.000000
 1.5 3.000000
 1.6 3.000000
 1.7 3.000000
 1.8 3.000000
 1.9 2.750000
 2.0 2.125000
 2.1 2.000000
 2.2 1.310345
 2.3 1.000000
 2.4 1.000000
 2.5 0.937500
 2.6 0.500000
 2.7 0.500000
 2.8 0.500000
 2.9 -0.166667
 3.0 -0.500000
 3.1 -1.233333
 3.2 -1.880952
 3.3 -2.065217
 3.4 -2.500000
 3.5 -2.638889
 3.6 -3.206522
 3.7 -4.000000
 3.8 -5.085366
 3.9 -5.890244
 4.0 -5.969237
 4.1 -4.778444
 4.2 -4.677781
 4.3 -3.756783
 4.4 -3.880796
 4.5 -3.011211
 4.6 -3.005889
 4.7 -2.591929
 4.8 -1.282021
 4.9 -0.337578
 5.0 1.863395
 5.1 2.798775
 5.2 2.725316
 5.3 2.760579
 5.4 2.740500
 5.5 1.999895
 5.6 2.249975
 5.7 2.733000
 5.8 2.781000

ALA 139
 0.0 3.000000
 0.1 3.000000
 0.2 3.000000
 0.3 3.000000
 0.4 3.000000
 0.5 3.000000
 0.6 3.000000
 0.7 3.000000
 0.8 3.000000
 0.9 3.000000
 1.0 3.000000
 1.1 3.000000
 1.2 3.000000
 1.3 3.000000
 1.4 3.000000
 1.5 3.000000
 1.6 3.000000
 1.7 3.000000
 1.8 3.000000
 1.9 3.000000
 2.0 3.000000
 2.1 3.000000
 2.2 2.551724
 2.3 2.500000
 2.4 2.500000
 2.5 2.500000
 2.6 2.500000
 2.7 2.500000
 2.8 2.500000
 2.9 2.500000
 3.0 2.500000
 3.1 2.133333
 3.2 2.000000
 3.3 2.000000
 3.4 2.000000
 3.5 1.861111
 3.6 1.500000
 3.7 1.500000
 3.8 0.670732
 3.9 0.109756
 4.0 -0.381579
 4.1 0.000000
 4.2 0.000000
 4.3 -0.010870
 4.4 -0.574980
 4.5 -0.298579
 4.6 -0.167000
 4.7 -0.047833
 4.8 0.089458
 4.9 0.043622
 5.0 0.416000
 5.1 0.891000
 5.2 0.916000
 5.3 1.170895
 5.4 1.076458
 5.5 0.661579
 5.6 0.583800
 5.7 0.534000
 5.8 0.534000

