ATOMS
N -18.076 -16.552 -10.791
O -14.995 -14.866 -10.326

N -16.906 -14.193 -11.314
O -15.219 -11.400 -9.933

N -16.465 -13.000 -8.949
O -14.008 -11.829 -6.683

N -13.842 -13.241 -8.432
O -10.782 -11.511 -7.991

N -12.731 -10.842 -8.905
O -11.061 -8.065 -7.475

N -12.250 -9.721 -6.513
O -9.754 -8.579 -4.274

N -9.609 -9.927 -6.074
O -6.572 -8.153 -5.655

N -8.557 -7.493 -6.494
O -6.902 -4.733 -5.014

N -8.032 -6.444 -4.078
O -5.499 -5.328 -1.868

N -5.377 -6.612 -3.716
O -2.364 -4.793 -3.317

N -4.383 -4.145 -4.080
O -2.741 -1.403 -2.551

N -3.813 -3.167 -1.645
O -1.243 -2.076 0.535

N -1.147 -3.295 -1.359
O 1.841 -1.431 -0.978

N -0.210 -0.797 -1.665
O 1.421 1.923 -0.087

N 0.407 0.109 0.786
O 3.014 1.177 2.934

N 3.082 0.024 0.998
O 6.044 1.933 1.363

N 3.963 2.549 0.753
O 5.585 5.246 2.379

N 4.629 3.384 3.216
O 7.273 4.431 5.329

N 7.310 3.346 3.354
O 10.244 5.299 3.706

N 8.136 5.894 3.172
O 9.750 8.566 4.847

N 8.852 6.659 5.644
O 11.532 7.686 7.721

N 11.537 6.669 5.710
O 14.441 8.667 6.052

N 12.309 9.237 5.594
O 13.917 11.883 7.315

N 13.077 9.933 8.071
O 15.792 10.942 10.110

N 15.762 9.994 8.066
O 18.636 12.037 8.399

N 16.482 12.580 8.017
O 18.066 15.220 9.718

EDGES
1 3 2.684643
1 5 4.313350
2 3 2.254106
2 4 3.495394
2 5 2.745721
2 7 2.749049
3 5 2.685322
3 7 4.312809
4 5 2.254057
4 6 3.494719
4 7 2.745617
4 9 2.749235
5 7 2.684306
5 9 4.312964
6 7 2.253952
6 8 3.495578
6 9 2.746303
6 11 2.750114
7 9 2.685750
7 11 4.313632
8 9 2.254231
8 10 3.495570
8 11 2.746563
8 13 2.749523
9 11 2.685082
9 13 4.312618
10 11 2.254218
10 12 3.495547
10 13 2.745569
10 15 2.749466
11 13 2.685151
11 15 4.313072
12 13 2.253470
12 14 3.494819
12 15 2.746016
12 17 2.749895
13 15 2.684671
13 17 4.313031
14 15 2.253829
14 16 3.495165
14 17 2.745762
14 19 2.749987
15 17 2.685718
15 19 4.313449
16 17 2.254000
16 18 3.495676
16 19 2.746101
16 21 2.750175
17 19 2.684826
17 21 4.312842
18 19 2.253585
18 20 3.494861
18 21 2.745522
18 23 2.749954
19 21 2.684515
19 23 4.313138
20 21 2.253538
20 22 3.495853
20 23 2.745735
20 25 2.749338
21 23 2.685258
21 25 4.312544
22 23 2.254266
22 24 3.495759
22 25 2.746154
22 27 2.749217
23 25 2.684350
23 27 4.312645
24 25 2.254421
24 26 3.495175
24 27 2.746440
24 29 2.749496
25 27 2.685444
25 29 4.313138
26 27 2.254002
26 28 3.495654
26 29 2.745843
26 31 2.749851
27 29 2.684944
27 31 4.313105
28 29 2.254090
28 30 3.495798
28 31 2.746333
28 33 2.749407
29 31 2.684734
29 33 4.312751
30 31 2.254358
30 32 3.495780
30 33 2.745860
30 35 2.749290
31 33 2.685482
31 35 4.313042
32 33 2.254355
32 34 3.495555
32 35 2.746131
32 37 2.750165
33 35 2.684614
33 37 4.313099
34 35 2.254229
34 36 3.495149
34 37 2.745223
34 39 2.748882
35 37 2.684818
35 39 4.312898
36 37 2.253712
36 38 3.494910
36 39 2.745503
36 41 2.748900
37 39 2.684717
37 41 4.312520
38 39 2.254517
38 40 3.495598
38 41 2.746472
38 43 2.750412
39 41 2.684896
39 43 4.313800
40 41 2.253500
40 42 3.494252
40 43 2.745314
40 45 2.748951
41 43 2.685830
41 45 4.312706
42 43 2.253538
42 44 3.494310
42 45 2.744715
42 47 2.749279
43 45 2.684039
43 47 4.312727
44 45 2.253905
44 46 3.494625
44 47 2.745836
44 49 2.749939
45 47 2.685101
45 49 4.313588
46 47 2.253805
46 48 3.494729
46 49 2.745241
46 51 2.749152
47 49 2.685697
47 51 4.313183
48 49 2.253340
48 50 3.494980
48 51 2.745868
49 51 2.684809
50 51 2.253994
50 52 3.492299

RESIDUES
ALA 1
 0.0 2.000000
 0.1 2.000000
 0.2 2.000000
 0.3 2.000000
 0.4 2.000000
 0.5 2.000000
 0.6 2.000000
 0.7 2.000000
 0.8 2.000000
 0.9 2.000000
 1.0 2.000000
 1.1 2.000000
 1.2 2.000000
 1.3 2.000000
 1.4 2.000000
 1.5 2.000000
 1.6 2.000000
 1.7 2.000000
 1.8 2.000000
 1.9 2.000000
 2.0 1.666667
 2.1 1.666667
 2.2 1.666667
 2.3 1.666667
 2.4 1.583333
 2.5 1.141026
 2.6 0.937500
 2.7 0.937500
 2.8 0.937500
 2.9 0.928571
 3.0 0.800000
 3.1 0.800000
 3.2 0.625000
 3.3 0.625000
 3.4 0.625000
 3.5 0.625000
 3.6 0.625000
 3.7 0.625000
 3.8 0.625000
 3.9 0.625000
 4.0 0.625000
 4.1 0.500000
 4.2 0.500000
 4.3 0.500000

ALA 2
 0.0 2.000000
 0.1 2.000000
 0.2 2.000000
 0.3 2.000000
 0.4 2.000000
 0.5 2.000000
 0.6 2.000000
 0.7 2.000000
 0.8 2.000000
 0.9 2.000000
 1.0 2.000000
 1.1 2.000000
 1.2 2.000000
 1.3 2.000000
 1.4 2.000000
 1.5 2.000000
 1.6 2.000000
 1.7 2.000000
 1.8 2.000000
 1.9 2.000000
 2.0 1.333333
 2.1 1.333333
 2.2 1.333333
 2.3 1.333333
 2.4 1.166667
 2.5 0.461436
 2.6 0.166500
 2.7 0.166500
 2.8 0.166500
 2.9 0.160000
 3.0 0.066400
 3.1 0.066400
 3.2 -0.083500
 3.3 -0.083500
 3.4 -0.083500
 3.5 -0.083500
 3.6 -0.083500
 3.7 -0.083500
 3.8 -0.083500
 3.9 -0.083500
 4.0 -0.083500
 4.1 0.166000
 4.2 0.166000
 4.3 0.166000

ALA 3
 0.0 2.000000
 0.1 2.000000
 0.2 2.000000
 0.3 2.000000
 0.4 2.000000
 0.5 2.000000
 0.6 2.000000
 0.7 2.000000
 0.8 2.000000
 0.9 2.000000
 1.0 2.000000
 1.1 2.000000
 1.2 2.000000
 1.3 2.000000
 1.4 2.000000
 1.5 2.000000
 1.6 2.000000
 1.7 2.000000
 1.8 2.000000
 1.9 2.000000
 2.0 1.333333
 2.1 1.333333
 2.2 1.333333
 2.3 1.333333
 2.4 1.138889
 2.5 0.410256
 2.6 0.125000
 2.7 0.125000
 2.8 0.125000
 2.9 0.123377
 3.0 0.100000
 3.1 0.100000
 3.2 0.145750
 3.3 0.145750
 3.4 0.145750
 3.5 0.145750
 3.6 0.145750
 3.7 0.145750
 3.8 0.145750
 3.9 0.145750
 4.0 0.145750
 4.1 -0.041500
 4.2 -0.041500
 4.3 -0.041500

ALA 4
 0.0 2.000000
 0.1 2.000000
 0.2 2.000000
 0.3 2.000000
 0.4 2.000000
 0.5 2.000000
 0.6 2.000000
 0.7 2.000000
 0.8 2.000000
 0.9 2.000000
 1.0 2.000000
 1.1 2.000000
 1.2 2.000000
 1.3 2.000000
 1.4 2.000000
 1.5 2.000000
 1.6 2.000000
 1.7 2.000000
 1.8 2.000000
 1.9 2.000000
 2.0 1.333333
 2.1 1.333333
 2.2 1.333333
 2.3 1.333333
 2.4 1.166667
 2.5 0.461513
 2.6 0.166625
 2.7 0.166625
 2.8 0.166625
 2.9 0.160130
 3.0 0.066600
 3.1 0.066600
 3.2 0.041750
 3.3 0.041750
 3.4 0.041750
 3.5 0.041750
 3.6 0.041750
 3.7 0.041750
 3.8 0.041750
 3.9 0.041750
 4.0 0.041750
 4.1 0.041500
 4.2 0.041500
 4.3 0.041500

ALA 5
 0.0 2.000000
 0.1 2.000000
 0.2 2.000000
 0.3 2.000000
 0.4 2.000000
 0.5 2.000000
 0.6 2.000000
 0.7 2.000000
 0.8 2.000000
 0.9 2.000000
 1.0 2.000000
 1.1 2.000000
 1.2 2.000000
 1.3 2.000000
 1.4 2.000000
 1.5 2.000000
 1.6 2.000000
 1.7 2.000000
 1.8 2.000000
 1.9 2.000000
 2.0 1.333333
 2.1 1.333333
 2.2 1.333333
 2.3 1.333333
 2.4 1.194444
 2.5 0.448692
 2.6 0.104125
 2.7 0.104125
 2.8 0.104125
 2.9 0.088701
 3.0 -0.133400
 3.1 -0.133400
 3.2 0.021000
 3.3 0.021000
 3.4 0.021000
 3.5 0.021000
 3.6 0.021000
 3.7 0.021000
 3.8 0.021000
 3.9 0.021000
 4.0 0.021000
 4.1 -0.042000
 4.2 -0.042000
 4.3 -0.042000

ALA 6
 0.0 2.000000
 0.1 2.000000
 0.2 2.000000
 0.3 2.000000
 0.4 2.000000
 0.5 2.000000
 0.6 2.000000
 0.7 2.000000
 0.8 2.000000
 0.9 2.000000
 1.0 2.000000
 1.1 2.000000
 1.2 2.000000
 1.3 2.000000
 1.4 2.000000
 1.5 2.000000
 1.6 2.000000
 1.7 2.000000
 1.8 2.000000
 1.9 2.000000
 2.0 1.166667
 2.1 1.166667
 2.2 1.166667
 2.3 1.166667
 2.4 1.027778
 2.5 0.410205
 2.6 0.145750
 2.7 0.145750
 2.8 0.145750
 2.9 0.138442
 3.0 0.033200
 3.1 0.033200
 3.2 -0.021000
 3.3 -0.021000
 3.4 -0.021000
 3.5 -0.021000
 3.6 -0.021000
 3.7 -0.021000
 3.8 -0.021000
 3.9 -0.021000
 4.0 -0.021000
 4.1 0.041500
 4.2 0.041500
 4.3 0.041500

ALA 7
 0.0 2.000000
 0.1 2.000000
 0.2 2.000000
 0.3 2.000000
 0.4 2.000000
 0.5 2.000000
 0.6 2.000000
 0.7 2.000000
 0.8 2.000000
 0.9 2.000000
 1.0 2.000000
 1.1 2.000000
 1.2 2.000000
 1.3 2.000000
 1.4 2.000000
 1.5 2.000000
 1.6 2.000000
 1.7 2.000000
 1.8 2.000000
 1.9 2.000000
 2.0 1.166667
 2.1 1.166667
 2.2 1.166667
 2.3 1.166667
 2.4 1.027778
 2.5 0.423051
 2.6 0.166625
 2.7 0.166625
 2.8 0.166625
 2.9 0.160130
 3.0 0.066600
 3.1 0.066600
 3.2 -0.041750
 3.3 -0.041750
 3.4 -0.041750
 3.5 -0.041750
 3.6 -0.041750
 3.7 -0.041750
 3.8 -0.041750
 3.9 -0.041750
 4.0 -0.041750
 4.1 0.000000
 4.2 0.000000
 4.3 0.000000

ALA 8
 0.0 2.000000
 0.1 2.000000
 0.2 2.000000
 0.3 2.000000
 0.4 2.000000
 0.5 2.000000
 0.6 2.000000
 0.7 2.000000
 0.8 2.000000
 0.9 2.000000
 1.0 2.000000
 1.1 2.000000
 1.2 2.000000
 1.3 2.000000
 1.4 2.000000
 1.5 2.000000
 1.6 2.000000
 1.7 2.000000
 1.8 2.000000
 1.9 2.000000
 2.0 1.333333
 2.1 1.333333
 2.2 1.333333
 2.3 1.333333
 2.4 1.194444
 2.5 0.487154
 2.6 0.166625
 2.7 0.166625
 2.8 0.166625
 2.9 0.153636
 3.0 -0.033400
 3.1 -0.033400
 3.2 0.000000
 3.3 0.000000
 3.4 0.000000
 3.5 0.000000
 3.6 0.000000
 3.7 0.000000
 3.8 0.000000
 3.9 0.000000
 4.0 0.000000
 4.1 0.000000
 4.2 0.000000
 4.3 0.000000

ALA 9
 0.0 2.000000
 0.1 2.000000
 0.2 2.000000
 0.3 2.000000
 0.4 2.000000
 0.5 2.000000
 0.6 2.000000
 0.7 2.000000
 0.8 2.000000
 0.9 2.000000
 1.0 2.000000
 1.1 2.000000
 1.2 2.000000
 1.3 2.000000
 1.4 2.000000
 1.5 2.000000
 1.6 2.000000
 1.7 2.000000
 1.8 2.000000
 1.9 2.000000
 2.0 1.333333
 2.1 1.333333
 2.2 1.333333
 2.3 1.333333
 2.4 1.194444
 2.5 0.500000
 2.6 0.187500
 2.7 0.187500
 2.8 0.187500
 2.9 0.175325
 3.0 0.000000
 3.1 0.000000
 3.2 0.020750
 3.3 0.020750
 3.4 0.020750
 3.5 0.020750
 3.6 0.020750
 3.7 0.020750
 3.8 0.020750
 3.9 0.020750
 4.0 0.020750
 4.1 0.000000
 4.2 0.000000
 4.3 0.000000

ALA 10
 0.0 2.000000
 0.1 2.000000
 0.2 2.000000
 0.3 2.000000
 0.4 2.000000
 0.5 2.000000
 0.6 2.000000
 0.7 2.000000
 0.8 2.000000
 0.9 2.000000
 1.0 2.000000
 1.1 2.000000
 1.2 2.000000
 1.3 2.000000
 1.4 2.000000
 1.5 2.000000
 1.6 2.000000
 1.7 2.000000
 1.8 2.000000
 1.9 2.000000
 2.0 1.333333
 2.1 1.333333
 2.2 1.333333
 2.3 1.333333
 2.4 1.166667
 2.5 0.423128
 2.6 0.104250
 2.7 0.104250
 2.8 0.104250
 2.9 0.095325
 3.0 -0.033200
 3.1 -0.033200
 3.2 0.000000
 3.3 0.000000
 3.4 0.000000
 3.5 0.000000
 3.6 0.000000
 3.7 0.000000
 3.8 0.000000
 3.9 0.000000
 4.0 0.000000
 4.1 0.000000
 4.2 0.000000
 4.3 0.000000

ALA 11
 0.0 2.000000
 0.1 2.000000
 0.2 2.000000
 0.3 2.000000
 0.4 2.000000
 0.5 2.000000
 0.6 2.000000
 0.7 2.000000
 0.8 2.000000
 0.9 2.000000
 1.0 2.000000
 1.1 2.000000
 1.2 2.000000
 1.3 2.000000
 1.4 2.000000
 1.5 2.000000
 1.6 2.000000
 1.7 2.000000
 1.8 2.000000
 1.9 2.000000
 2.0 1.333333
 2.1 1.333333
 2.2 1.333333
 2.3 1.333333
 2.4 1.166667
 2.5 0.423128
 2.6 0.104250
 2.7 0.104250
 2.8 0.104250
 2.9 0.095325
 3.0 -0.033200
 3.1 -0.033200
 3.2 0.021000
 3.3 0.021000
 3.4 0.021000
 3.5 0.021000
 3.6 0.021000
 3.7 0.021000
 3.8 0.021000
 3.9 0.021000
 4.0 0.021000
 4.1 0.000000
 4.2 0.000000
 4.3 0.000000

ALA 12
 0.0 2.000000
 0.1 2.000000
 0.2 2.000000
 0.3 2.000000
 0.4 2.000000
 0.5 2.000000
 0.6 2.000000
 0.7 2.000000
 0.8 2.000000
 0.9 2.000000
 1.0 2.000000
 1.1 2.000000
 1.2 2.000000
 1.3 2.000000
 1.4 2.000000
 1.5 2.000000
 1.6 2.000000
 1.7 2.000000
 1.8 2.000000
 1.9 2.000000
 2.0 1.333333
 2.1 1.333333
 2.2 1.333333
 2.3 1.333333
 2.4 1.138889
 2.5 0.384641
 2.6 0.083375
 2.7 0.083375
 2.8 0.083375
 2.9 0.080130
 3.0 0.033400
 3.1 0.033400
 3.2 0.000000
 3.3 0.000000
 3.4 0.000000
 3.5 0.000000
 3.6 0.000000
 3.7 0.000000
 3.8 0.000000
 3.9 0.000000
 4.0 0.000000
 4.1 0.000000
 4.2 0.000000
 4.3 0.000000

ALA 13
 0.0 2.000000
 0.1 2.000000
 0.2 2.000000
 0.3 2.000000
 0.4 2.000000
 0.5 2.000000
 0.6 2.000000
 0.7 2.000000
 0.8 2.000000
 0.9 2.000000
 1.0 2.000000
 1.1 2.000000
 1.2 2.000000
 1.3 2.000000
 1.4 2.000000
 1.5 2.000000
 1.6 2.000000
 1.7 2.000000
 1.8 2.000000
 1.9 2.000000
 2.0 1.333333
 2.1 1.333333
 2.2 1.333333
 2.3 1.333333
 2.4 1.138889
 2.5 0.384564
 2.6 0.083250
 2.7 0.083250
 2.8 0.083250
 2.9 0.080000
 3.0 0.033200
 3.1 0.033200
 3.2 -0.021000
 3.3 -0.021000
 3.4 -0.021000
 3.5 -0.021000
 3.6 -0.021000
 3.7 -0.021000
 3.8 -0.021000
 3.9 -0.021000
 4.0 -0.021000
 4.1 0.000000
 4.2 0.000000
 4.3 0.000000

ALA 14
 0.0 2.000000
 0.1 2.000000
 0.2 2.000000
 0.3 2.000000
 0.4 2.000000
 0.5 2.000000
 0.6 2.000000
 0.7 2.000000
 0.8 2.000000
 0.9 2.000000
 1.0 2.000000
 1.1 2.000000
 1.2 2.000000
 1.3 2.000000
 1.4 2.000000
 1.5 2.000000
 1.6 2.000000
 1.7 2.000000
 1.8 2.000000
 1.9 2.000000
 2.0 1.333333
 2.1 1.333333
 2.2 1.333333
 2.3 1.333333
 2.4 1.166667
 2.5 0.435897
 2.6 0.125000
 2.7 0.125000
 2.8 0.125000
 2.9 0.116883
 3.0 0.000000
 3.1 0.000000
 3.2 0.021000
 3.3 0.021000
 3.4 0.021000
 3.5 0.021000
 3.6 0.021000
 3.7 0.021000
 3.8 0.021000
 3.9 0.021000
 4.0 0.021000
 4.1 0.000000
 4.2 0.000000
 4.3 0.000000

ALA 15
 0.0 2.000000
 0.1 2.000000
 0.2 2.000000
 0.3 2.000000
 0.4 2.000000
 0.5 2.000000
 0.6 2.000000
 0.7 2.000000
 0.8 2.000000
 0.9 2.000000
 1.0 2.000000
 1.1 2.000000
 1.2 2.000000
 1.3 2.000000
 1.4 2.000000
 1.5 2.000000
 1.6 2.000000
 1.7 2.000000
 1.8 2.000000
 1.9 2.000000
 2.0 1.333333
 2.1 1.333333
 2.2 1.333333
 2.3 1.333333
 2.4 1.166667
 2.5 0.410282
 2.6 0.083375
 2.7 0.083375
 2.8 0.083375
 2.9 0.073636
 3.0 -0.066600
 3.1 -0.066600
 3.2 0.021000
 3.3 0.021000
 3.4 0.021000
 3.5 0.021000
 3.6 0.021000
 3.7 0.021000
 3.8 0.021000
 3.9 0.021000
 4.0 0.021000
 4.1 0.000000
 4.2 0.000000
 4.3 0.000000

ALA 16
 0.0 2.000000
 0.1 2.000000
 0.2 2.000000
 0.3 2.000000
 0.4 2.000000
 0.5 2.000000
 0.6 2.000000
 0.7 2.000000
 0.8 2.000000
 0.9 2.000000
 1.0 2.000000
 1.1 2.000000
 1.2 2.000000
 1.3 2.000000
 1.4 2.000000
 1.5 2.000000
 1.6 2.000000
 1.7 2.000000
 1.8 2.000000
 1.9 2.000000
 2.0 1.333333
 2.1 1.333333
 2.2 1.333333
 2.3 1.333333
 2.4 1.166667
 2.5 0.461513
 2.6 0.166625
 2.7 0.166625
 2.8 0.166625
 2.9 0.160130
 3.0 0.066600
 3.1 0.066600
 3.2 0.000000
 3.3 0.000000
 3.4 0.000000
 3.5 0.000000
 3.6 0.000000
 3.7 0.000000
 3.8 0.000000
 3.9 0.000000
 4.0 0.000000
 4.1 0.000000
 4.2 0.000000
 4.3 0.000000

ALA 17
 0.0 2.000000
 0.1 2.000000
 0.2 2.000000
 0.3 2.000000
 0.4 2.000000
 0.5 2.000000
 0.6 2.000000
 0.7 2.000000
 0.8 2.000000
 0.9 2.000000
 1.0 2.000000
 1.1 2.000000
 1.2 2.000000
 1.3 2.000000
 1.4 2.000000
 1.5 2.000000
 1.6 2.000000
 1.7 2.000000
 1.8 2.000000
 1.9 2.000000
 2.0 1.333333
 2.1 1.333333
 2.2 1.333333
 2.3 1.333333
 2.4 1.166667
 2.5 0.423051
 2.6 0.104125
 2.7 0.104125
 2.8 0.104125
 2.9 0.095195
 3.0 -0.033400
 3.1 -0.033400
 3.2 -0.021000
 3.3 -0.021000
 3.4 -0.021000
 3.5 -0.021000
 3.6 -0.021000
 3.7 -0.021000
 3.8 -0.021000
 3.9 -0.021000
 4.0 -0.021000
 4.1 0.000000
 4.2 0.000000
 4.3 0.000000

ALA 18
 0.0 2.000000
 0.1 2.000000
 0.2 2.000000
 0.3 2.000000
 0.4 2.000000
 0.5 2.000000
 0.6 2.000000
 0.7 2.000000
 0.8 2.000000
 0.9 2.000000
 1.0 2.000000
 1.1 2.000000
 1.2 2.000000
 1.3 2.000000
 1.4 2.000000
 1.5 2.000000
 1.6 2.000000
 1.7 2.000000
 1.8 2.000000
 1.9 2.000000
 2.0 1.333333
 2.1 1.333333
 2.2 1.333333
 2.3 1.333333
 2.4 1.166667
 2.5 0.435897
 2.6 0.125000
 2.7 0.125000
 2.8 0.125000
 2.9 0.116883
 3.0 -0.000000
 3.1 -0.000000
 3.2 -0.041750
 3.3 -0.041750
 3.4 -0.041750
 3.5 -0.041750
 3.6 -0.041750
 3.7 -0.041750
 3.8 -0.041750
 3.9 -0.041750
 4.0 -0.041750
 4.1 0.000000
 4.2 0.000000
 4.3 0.000000

ALA 19
 0.0 2.000000
 0.1 2.000000
 0.2 2.000000
 0.3 2.000000
 0.4 2.000000
 0.5 2.000000
 0.6 2.000000
 0.7 2.000000
 0.8 2.000000
 0.9 2.000000
 1.0 2.000000
 1.1 2.000000
 1.2 2.000000
 1.3 2.000000
 1.4 2.000000
 1.5 2.000000
 1.6 2.000000
 1.7 2.000000
 1.8 2.000000
 1.9 2.000000
 2.0 1.500000
 2.1 1.500000
 2.2 1.500000
 2.3 1.500000
 2.4 1.305556
 2.5 0.487128
 2.6 0.145750
 2.7 0.145750
 2.8 0.145750
 2.9 0.138442
 3.0 0.033200
 3.1 0.033200
 3.2 0.000000
 3.3 0.000000
 3.4 0.000000
 3.5 0.000000
 3.6 0.000000
 3.7 0.000000
 3.8 0.000000
 3.9 0.000000
 4.0 0.000000
 4.1 -0.041500
 4.2 -0.041500
 4.3 -0.041500

ALA 20
 0.0 2.000000
 0.1 2.000000
 0.2 2.000000
 0.3 2.000000
 0.4 2.000000
 0.5 2.000000
 0.6 2.000000
 0.7 2.000000
 0.8 2.000000
 0.9 2.000000
 1.0 2.000000
 1.1 2.000000
 1.2 2.000000
 1.3 2.000000
 1.4 2.000000
 1.5 2.000000
 1.6 2.000000
 1.7 2.000000
 1.8 2.000000
 1.9 2.000000
 2.0 1.500000
 2.1 1.500000
 2.2 1.500000
 2.3 1.500000
 2.4 1.305556
 2.5 0.461513
 2.6 0.104125
 2.7 0.104125
 2.8 0.104125
 2.9 0.095195
 3.0 -0.033400
 3.1 -0.033400
 3.2 -0.000250
 3.3 -0.000250
 3.4 -0.000250
 3.5 -0.000250
 3.6 -0.000250
 3.7 -0.000250
 3.8 -0.000250
 3.9 -0.000250
 4.0 -0.000250
 4.1 0.041500
 4.2 0.041500
 4.3 0.041500

ALA 21
 0.0 2.000000
 0.1 2.000000
 0.2 2.000000
 0.3 2.000000
 0.4 2.000000
 0.5 2.000000
 0.6 2.000000
 0.7 2.000000
 0.8 2.000000
 0.9 2.000000
 1.0 2.000000
 1.1 2.000000
 1.2 2.000000
 1.3 2.000000
 1.4 2.000000
 1.5 2.000000
 1.6 2.000000
 1.7 2.000000
 1.8 2.000000
 1.9 2.000000
 2.0 1.333333
 2.1 1.333333
 2.2 1.333333
 2.3 1.333333
 2.4 1.194444
 2.5 0.487154
 2.6 0.166625
 2.7 0.166625
 2.8 0.166625
 2.9 0.153636
 3.0 -0.033400
 3.1 -0.033400
 3.2 -0.062500
 3.3 -0.062500
 3.4 -0.062500
 3.5 -0.062500
 3.6 -0.062500
 3.7 -0.062500
 3.8 -0.062500
 3.9 -0.062500
 4.0 -0.062500
 4.1 -0.042000
 4.2 -0.042000
 4.3 -0.042000

ALA 22
 0.0 2.000000
 0.1 2.000000
 0.2 2.000000
 0.3 2.000000
 0.4 2.000000
 0.5 2.000000
 0.6 2.000000
 0.7 2.000000
 0.8 2.000000
 0.9 2.000000
 1.0 2.000000
 1.1 2.000000
 1.2 2.000000
 1.3 2.000000
 1.4 2.000000
 1.5 2.000000
 1.6 2.000000
 1.7 2.000000
 1.8 2.000000
 1.9 2.000000
 2.0 1.333333
 2.1 1.333333
 2.2 1.333333
 2.3 1.333333
 2.4 1.166667
 2.5 0.474359
 2.6 0.187500
 2.7 0.187500
 2.8 0.187500
 2.9 0.181818
 3.0 0.100000
 3.1 0.100000
 3.2 -0.020750
 3.3 -0.020750
 3.4 -0.020750
 3.5 -0.020750
 3.6 -0.020750
 3.7 -0.020750
 3.8 -0.020750
 3.9 -0.020750
 4.0 -0.020750
 4.1 0.000000
 4.2 0.000000
 4.3 0.000000

ALA 23
 0.0 2.000000
 0.1 2.000000
 0.2 2.000000
 0.3 2.000000
 0.4 2.000000
 0.5 2.000000
 0.6 2.000000
 0.7 2.000000
 0.8 2.000000
 0.9 2.000000
 1.0 2.000000
 1.1 2.000000
 1.2 2.000000
 1.3 2.000000
 1.4 2.000000
 1.5 2.000000
 1.6 2.000000
 1.7 2.000000
 1.8 2.000000
 1.9 2.000000
 2.0 1.333333
 2.1 1.333333
 2.2 1.333333
 2.3 1.333333
 2.4 1.138889
 2.5 0.346103
 2.6 0.020750
 2.7 0.020750
 2.8 0.020750
 2.9 0.015065
 3.0 -0.066800
 3.1 -0.066800
 3.2 0.041750
 3.3 0.041750
 3.4 0.041750
 3.5 0.041750
 3.6 0.041750
 3.7 0.041750
 3.8 0.041750
 3.9 0.041750
 4.0 0.041750
 4.1 0.041500
 4.2 0.041500
 4.3 0.041500

ALA 24
 0.0 2.000000
 0.1 2.000000
 0.2 2.000000
 0.3 2.000000
 0.4 2.000000
 0.5 2.000000
 0.6 2.000000
 0.7 2.000000
 0.8 2.000000
 0.9 2.000000
 1.0 2.000000
 1.1 2.000000
 1.2 2.000000
 1.3 2.000000
 1.4 2.000000
 1.5 2.000000
 1.6 2.000000
 1.7 2.000000
 1.8 2.000000
 1.9 2.000000
 2.0 1.166667
 2.1 1.166667
 2.2 1.166667
 2.3 1.166667
 2.4 1.055556
 2.5 0.487077
 2.6 0.229000
 2.7 0.229000
 2.8 0.229000
 2.9 0.218442
 3.0 0.066400
 3.1 0.066400
 3.2 0.145500
 3.3 0.145500
 3.4 0.145500
 3.5 0.145500
 3.6 0.145500
 3.7 0.145500
 3.8 0.145500
 3.9 0.145500
 4.0 0.145500
 4.1 -0.042000
 4.2 -0.042000
 4.3 -0.042000

ALA 25
 0.0 2.000000
 0.1 2.000000
 0.2 2.000000
 0.3 2.000000
 0.4 2.000000
 0.5 2.000000
 0.6 2.000000
 0.7 2.000000
 0.8 2.000000
 0.9 2.000000
 1.0 2.000000
 1.1 2.000000
 1.2 2.000000
 1.3 2.000000
 1.4 2.000000
 1.5 2.000000
 1.6 2.000000
 1.7 2.000000
 1.8 2.000000
 1.9 2.000000
 2.0 1.166667
 2.1 1.166667
 2.2 1.166667
 2.3 1.166667
 2.4 1.055556
 2.5 0.538462
 2.6 0.312500
 2.7 0.312500
 2.8 0.312500
 2.9 0.305195
 3.0 0.200000
 3.1 0.200000
 3.2 -0.167000
 3.3 -0.167000
 3.4 -0.167000
 3.5 -0.167000
 3.6 -0.167000
 3.7 -0.167000
 3.8 -0.167000
 3.9 -0.167000
 4.0 -0.167000
 4.1 -0.125500
 4.2 -0.125500
 4.3 -0.125500

ALA 26
 0.0 0.000000
 0.1 0.000000
 0.2 0.000000
 0.3 0.000000
 0.4 0.000000
 0.5 0.000000
 0.6 0.000000
 0.7 0.000000
 0.8 0.000000
 0.9 0.000000
 1.0 0.000000
 1.1 0.000000
 1.2 0.000000
 1.3 0.000000
 1.4 0.000000
 1.5 0.000000
 1.6 0.000000
 1.7 0.000000
 1.8 0.000000
 1.9 0.000000
 2.0 0.000000
 2.1 0.000000
 2.2 0.000000
 2.3 0.000000
 2.4 0.000000
 2.5 0.000000
 2.6 0.000000
 2.7 0.000000
 2.8 0.000000
 2.9 0.000000
 3.0 0.000000
 3.1 0.000000
 3.2 0.000000
 3.3 0.000000
 3.4 0.000000
 3.5 0.000000
 3.6 0.000000
 3.7 0.000000
 3.8 0.000000
 3.9 0.000000
 4.0 0.000000
 4.1 0.000000
 4.2 0.000000
 4.3 0.000000

