ATOMS
N -12.238 -11.650 -11.484
O -9.373 -9.885 -10.709

N -10.825 -9.380 -12.357
O -9.662 -6.610 -10.656
H -11.556 -9.720 -12.966

N -11.721 -7.504 -10.463
O -10.386 -6.471 -7.451
H -12.426 -8.088 -10.889

N -10.599 -8.609 -8.132
O -7.622 -7.979 -6.500
H -11.073 -9.250 -8.752

N -7.867 -8.285 -8.720
O -5.632 -5.778 -7.920
H -8.446 -8.662 -9.457

N -7.712 -5.477 -8.732
O -6.862 -3.217 -6.263
H -8.485 -5.889 -9.234

N -8.274 -4.958 -6.024
O -6.201 -4.489 -3.303
H -8.875 -5.622 -6.491

N -6.010 -6.130 -4.836
O -2.976 -4.793 -3.871
H -6.477 -6.671 -5.550

N -4.009 -4.426 -5.840
O -2.531 -1.600 -4.519
H -4.694 -4.758 -6.503

N -4.743 -2.028 -4.566
O -3.686 -0.587 -1.611
H -5.488 -2.554 -5.000

N -4.265 -2.747 -1.888
O -1.506 -2.315 0.144
H -4.771 -3.415 -2.451

N -1.473 -3.080 -1.976
O 1.117 -0.913 -1.258
H -2.002 -3.504 -2.724

N -0.695 -0.429 -2.508
O 0.252 2.146 -0.412
H -1.456 -0.796 -3.062

N -1.532 0.800 -0.121
O 0.153 1.499 2.811
H -2.188 0.168 -0.558

N 0.204 -0.461 1.698
O 3.277 0.481 2.963
H -0.257 -1.058 1.026

N 2.664 0.563 0.795
O 4.517 3.297 1.802
H 2.031 0.218 0.087

N 2.299 3.285 1.404
O 3.187 5.155 4.168
H 1.531 2.819 0.943

N 2.190 3.134 4.211
O 4.632 3.510 6.623
H 1.640 2.458 3.701

N 4.817 2.281 4.744
O 7.685 4.039 5.521
H 4.327 1.799 4.004

N 6.239 4.544 3.867
O 7.406 7.316 5.563
H 5.509 4.205 3.257

N 5.343 6.429 5.754
O 6.674 7.467 8.766
H 4.637 5.846 5.329

N 6.456 5.328 8.091
O 9.431 5.954 9.728
H 5.981 4.687 7.472

N 9.191 5.641 7.509
O 11.432 8.144 8.307
H 8.613 5.263 6.772

N 9.354 8.449 7.488
O 10.205 10.714 9.952
H 8.581 8.038 6.985

N 8.787 8.979 10.193
O 10.854 9.449 12.918
H 8.184 8.316 9.727

N 11.045 7.803 11.391
O 14.061 9.075 12.397
H 10.579 7.261 10.678

EDGES
1 3 2.812756
1 5 2.527122
1 6 4.301052
1 8 3.616243
1 11 3.818514
2 3 2.253715
2 4 3.288154
2 5 3.144322
2 6 3.353026
2 8 3.547170
2 9 3.126049
2 11 2.668909
2 12 2.963808
2 14 1.980546
2 17 4.351113
3 6 2.812371
3 8 2.527348
3 9 4.300714
3 11 3.615858
3 14 3.819053
4 6 2.252990
4 7 3.288696
4 8 3.143003
4 9 3.353289
4 11 3.547638
4 12 3.126619
4 14 2.669637
4 15 2.964450
4 17 1.981730
4 20 4.352326
5 6 3.347072
5 8 2.781052
5 11 4.267550
6 9 2.813089
6 11 2.529020
6 12 4.301317
6 14 3.616438
6 17 3.819733
7 9 2.253924
7 10 3.289097
7 11 3.144425
7 12 3.353553
7 14 3.547974
7 15 3.127183
7 17 2.670508
7 18 2.964126
7 20 1.981293
7 23 4.351331
8 9 3.348196
8 11 2.783455
8 14 4.268548
9 12 2.813280
9 14 2.528605
9 15 4.301650
9 17 3.616877
9 20 3.819323
10 12 2.254343
10 13 3.289514
10 14 3.144728
10 15 3.354091
10 17 3.547904
10 18 3.126999
10 20 2.669371
10 21 2.964159
10 23 1.981007
10 26 4.352934
11 12 3.348236
11 14 2.782786
11 17 4.269238
12 15 2.812300
12 17 2.527239
12 18 4.301511
12 20 3.616085
12 23 3.819162
13 15 2.253075
13 16 3.288962
13 17 3.143012
13 18 3.353711
13 20 3.547313
13 21 3.126954
13 23 2.669901
13 24 2.964529
13 26 1.981952
13 29 4.352162
14 15 3.347926
14 17 2.782226
14 20 4.268817
15 18 2.813977
15 20 2.528967
15 21 4.301398
15 23 3.616073
15 26 3.820174
16 18 2.254317
16 19 3.288846
16 20 3.144547
16 21 3.353774
16 23 3.547775
16 24 3.127334
16 26 2.670675
16 27 2.963729
16 29 1.980559
16 32 4.352336
17 18 3.348937
17 20 2.783422
17 23 4.267955
18 21 2.812583
18 23 2.527500
18 24 4.301988
18 26 3.617436
18 29 3.819632
19 21 2.253764
19 22 3.288718
19 23 3.144250
19 24 3.353387
19 26 3.547310
19 27 3.126892
19 29 2.670656
19 30 2.963931
19 32 1.980980
19 35 4.351674
20 21 3.347434
20 23 2.781418
20 26 4.269356
21 24 2.813473
21 26 2.528464
21 27 4.301697
21 29 3.617617
21 32 3.820284
22 24 2.253606
22 25 3.288340
22 26 3.143274
22 27 3.354182
22 29 3.549353
22 30 3.127287
22 32 2.671574
22 33 2.963849
22 35 1.981365
22 38 4.352113
23 24 3.348903
23 26 2.783319
23 29 4.269697
24 27 2.812870
24 29 2.529313
24 30 4.301498
24 32 3.617746
24 35 3.819370
25 27 2.253517
25 28 3.288869
25 29 3.144094
25 30 3.353286
25 32 3.548020
25 33 3.126758
25 35 2.669660
25 36 2.964162
25 38 1.981134
25 41 4.351206
26 27 3.347726
26 29 2.783354
26 32 4.269459
27 30 2.813739
27 32 2.529383
27 33 4.302058
27 35 3.617267
27 38 3.818928
28 30 2.253346
28 31 3.289135
28 32 3.143312
28 33 3.353452
28 35 3.547325
28 36 3.126604
28 38 2.668704
28 39 2.963711
28 41 1.980616
28 44 4.351282
29 30 3.349257
29 32 2.784387
29 35 4.270231
30 33 2.813165
30 35 2.528461
30 36 4.301444
30 38 3.615959
30 41 3.818384
31 33 2.254044
31 34 3.288060
31 35 3.144068
31 36 3.353777
31 38 3.547999
31 39 3.126360
31 41 2.668936
31 42 2.962487
31 44 1.979387
31 47 4.350828
32 33 3.348829
32 35 2.783848
32 38 4.268689
33 36 2.813558
33 38 2.529099
33 39 4.301035
33 41 3.615446
33 44 3.818265
34 36 2.253908
34 37 3.289593
34 38 3.144588
34 39 3.353258
34 41 3.547053
34 42 3.126629
34 44 2.669374
34 45 2.964219
34 47 1.980803
34 50 4.352427
35 36 3.348213
35 38 2.783096
35 41 4.267287
36 39 2.812255
36 41 2.527441
36 42 4.301123
36 44 3.616164
36 47 3.818862
37 39 2.253675
37 40 3.288790
37 41 3.144424
37 42 3.354229
37 44 3.548597
37 45 3.127376
37 47 2.670398
37 48 2.964015
37 50 1.981110
37 53 4.352087
38 39 3.347010
38 41 2.781211
38 44 4.268254
39 42 2.812931
39 44 2.528517
39 45 4.301353
39 47 3.616208
39 50 3.819742
40 42 2.254544
40 43 3.289195
40 44 3.145246
40 45 3.353427
40 47 3.547960
40 48 3.126461
40 50 2.670339
40 51 2.963544
40 53 1.980644
40 56 4.351497
41 42 3.347662
41 44 2.782246
41 47 4.268312
42 45 2.813465
42 47 2.528694
42 48 4.302090
42 50 3.617921
42 53 3.820297
43 45 2.254488
43 46 3.288674
43 47 3.145324
43 48 3.354010
43 50 3.548966
43 51 3.126897
43 53 2.670757
43 54 2.963707
43 56 1.980733
43 59 4.351602
44 45 3.348618
44 47 2.782955
44 50 4.270241
45 48 2.813075
45 50 2.528859
45 51 4.301601
45 53 3.617242
45 56 3.819810
46 48 2.253458
46 49 3.289228
46 50 3.143654
46 51 3.353324
46 53 3.547852
46 54 3.126919
46 56 2.670001
46 57 2.963869
46 59 1.981301
46 62 4.353336
47 48 3.348552
47 50 2.783512
47 53 4.269833
48 51 2.813171
48 53 2.528719
48 54 4.301621
48 56 3.616764
48 59 3.818915
49 51 2.253952
49 52 3.289540
49 53 3.144059
49 54 3.353886
49 56 3.548131
49 57 3.127079
49 59 2.669102
49 60 2.964255
49 62 1.981894
49 65 4.352227
50 51 3.348631
50 53 2.783661
50 56 4.269395
51 54 2.812975
51 56 2.528209
51 57 4.301260
51 59 3.615649
51 62 3.820036
52 54 2.252844
52 55 3.288625
52 56 3.143200
52 57 3.353676
52 59 3.547127
52 60 3.127498
52 62 2.670460
52 63 2.964308
52 65 1.981396
52 68 4.352421
53 54 3.348508
53 56 2.783174
53 59 4.268291
54 57 2.812896
54 59 2.528203
54 60 4.301474
54 62 3.617160
54 65 3.819125
55 57 2.254253
55 58 3.289124
55 59 3.144555
55 60 3.354304
55 62 3.548580
55 63 3.126797
55 65 2.670191
55 66 2.964217
55 68 1.981000
55 71 4.351794
56 57 3.348065
56 59 2.782799
56 62 4.269653
57 60 2.813683
57 62 2.529635
57 63 4.301618
57 65 3.617048
57 68 3.819930
58 60 2.253712
58 61 3.289048
58 62 3.143727
58 63 3.353420
58 65 3.547752
58 66 3.127102
58 68 2.670831
58 69 2.963784
58 71 1.980907
58 74 4.352491
59 60 3.347946
59 62 2.783244
59 65 4.268645
60 63 2.812924
60 65 2.528464
60 66 4.302101
60 68 3.617842
60 71 3.819540
61 63 2.253546
61 64 3.288717
61 65 3.143737
61 66 3.354044
61 68 3.548714
61 69 3.127300
61 71 2.671077
61 72 2.964328
61 74 1.981015
61 77 4.352839
62 63 3.347496
62 65 2.782457
62 68 4.269744
63 66 2.813702
63 68 2.529157
63 69 4.301471
63 71 3.617038
63 74 3.819768
64 66 2.253781
64 67 3.289277
64 68 3.143969
64 69 3.353886
64 71 3.548183
64 72 3.127553
64 74 2.670965
64 75 2.964686
64 77 1.982083
65 66 3.348968
65 68 2.783738
65 71 4.269235
66 69 2.812805
66 71 2.528297
66 72 4.302245
66 74 3.617900
66 77 3.820145
67 69 2.254300
67 70 3.288838
67 71 3.144379
67 72 3.354139
67 74 3.549012
67 75 3.126836
67 77 2.670007
68 69 3.348482
68 71 2.783347
68 74 4.270465
69 72 2.814145
69 74 2.529765
69 75 4.302349
69 77 3.617744
70 72 2.253670
70 73 3.289161
70 74 3.144117
70 75 3.354138
70 77 3.548262
71 72 3.349505
71 74 2.784503
71 77 4.270127
72 75 2.813671
72 77 2.529429
73 75 2.253337
73 76 3.270499
73 77 3.143337
74 75 3.349237
74 77 2.784502

RESIDUES
ALA 1
 0.0 2.000000
 0.1 2.000000
 0.2 2.000000
 0.3 2.000000
 0.4 2.000000
 0.5 2.000000
 0.6 2.000000
 0.7 2.000000
 0.8 2.000000
 0.9 2.000000
 1.0 2.000000
 1.1 2.000000
 1.2 2.000000
 1.3 2.000000
 1.4 2.000000
 1.5 2.000000
 1.6 2.000000
 1.7 1.714286
 1.8 1.666667
 1.9 1.666667
 2.0 1.500000
 2.1 1.416667
 2.2 1.392857
 2.3 0.822581
 2.4 0.654762
 2.5 0.398130
 2.6 0.190962
 2.7 0.139395
 2.8 0.005988
 2.9 -0.175989
 3.0 -0.314440
 3.1 -0.597059
 3.2 -0.573630
 3.3 -0.451225
 3.4 -0.163589
 3.5 -0.040433
 3.6 0.346318
 3.7 0.546900
 3.8 0.515941
 3.9 0.458000
 4.0 0.410957
 4.1 0.305185
 4.2 0.283667
 4.3 0.283667

ALA 2
 0.0 3.000000
 0.1 3.000000
 0.2 3.000000
 0.3 3.000000
 0.4 3.000000
 0.5 3.000000
 0.6 3.000000
 0.7 3.000000
 0.8 3.000000
 0.9 3.000000
 1.0 3.000000
 1.1 3.000000
 1.2 3.000000
 1.3 3.000000
 1.4 3.000000
 1.5 3.000000
 1.6 3.000000
 1.7 2.857143
 1.8 2.833333
 1.9 2.833333
 2.0 2.444444
 2.1 2.250000
 2.2 2.205357
 2.3 1.064516
 2.4 0.857143
 2.5 0.487630
 2.6 -0.087191
 2.7 -0.201709
 2.8 -0.467284
 2.9 -0.893055
 3.0 -1.288777
 3.1 -1.913371
 3.2 -1.946724
 3.3 -1.855820
 3.4 -1.451221
 3.5 -1.300689
 3.6 -0.628992
 3.7 -0.233000
 3.8 -0.181118
 3.9 -0.039421
 4.0 0.024609
 4.1 0.181975
 4.2 0.220222
 4.3 0.220222

ALA 3
 0.0 3.000000
 0.1 3.000000
 0.2 3.000000
 0.3 3.000000
 0.4 3.000000
 0.5 3.000000
 0.6 3.000000
 0.7 3.000000
 0.8 3.000000
 0.9 3.000000
 1.0 3.000000
 1.1 3.000000
 1.2 3.000000
 1.3 3.000000
 1.4 3.000000
 1.5 3.000000
 1.6 3.000000
 1.7 2.714286
 1.8 2.666667
 1.9 2.666667
 2.0 2.333333
 2.1 2.166667
 2.2 2.125000
 2.3 1.193548
 2.4 1.000000
 2.5 0.592574
 2.6 -0.194389
 2.7 -0.343163
 2.8 -0.716235
 2.9 -1.254758
 3.0 -1.756383
 3.1 -2.485453
 3.2 -2.552635
 3.3 -2.387809
 3.4 -1.825858
 3.5 -1.640524
 3.6 -0.733612
 3.7 -0.120300
 3.8 -0.092412
 3.9 0.001684
 4.0 0.011739
 4.1 0.011975
 4.2 0.024333
 4.3 0.024333

ALA 4
 0.0 3.000000
 0.1 3.000000
 0.2 3.000000
 0.3 3.000000
 0.4 3.000000
 0.5 3.000000
 0.6 3.000000
 0.7 3.000000
 0.8 3.000000
 0.9 3.000000
 1.0 3.000000
 1.1 3.000000
 1.2 3.000000
 1.3 3.000000
 1.4 3.000000
 1.5 3.000000
 1.6 3.000000
 1.7 2.714286
 1.8 2.666667
 1.9 2.666667
 2.0 2.388889
 2.1 2.250000
 2.2 2.214286
 2.3 1.403226
 2.4 1.047619
 2.5 0.438222
 2.6 -0.311325
 2.7 -0.461558
 2.8 -0.903704
 2.9 -1.361187
 3.0 -1.721337
 3.1 -2.377024
 3.2 -2.383006
 3.3 -2.184292
 3.4 -1.629095
 3.5 -1.438780
 3.6 -0.573054
 3.7 -0.048200
 3.8 -0.027353
 3.9 -0.009632
 4.0 -0.003478
 4.1 -0.035185
 4.2 -0.040778
 4.3 -0.040778

ALA 5
 0.0 3.000000
 0.1 3.000000
 0.2 3.000000
 0.3 3.000000
 0.4 3.000000
 0.5 3.000000
 0.6 3.000000
 0.7 3.000000
 0.8 3.000000
 0.9 3.000000
 1.0 3.000000
 1.1 3.000000
 1.2 3.000000
 1.3 3.000000
 1.4 3.000000
 1.5 3.000000
 1.6 3.000000
 1.7 2.571429
 1.8 2.500000
 1.9 2.500000
 2.0 2.055556
 2.1 1.833333
 2.2 1.776786
 2.3 0.693548
 2.4 0.416667
 2.5 -0.086426
 2.6 -0.771783
 2.7 -0.910872
 2.8 -1.288086
 2.9 -1.666714
 3.0 -1.970554
 3.1 -2.256012
 3.2 -2.168619
 3.3 -1.893404
 3.4 -1.321753
 3.5 -1.077305
 3.6 -0.377899
 3.7 0.038500
 3.8 0.015941
 3.9 -0.019684
 4.0 -0.012565
 4.1 0.012716
 4.2 0.014667
 4.3 0.014667

ALA 6
 0.0 3.000000
 0.1 3.000000
 0.2 3.000000
 0.3 3.000000
 0.4 3.000000
 0.5 3.000000
 0.6 3.000000
 0.7 3.000000
 0.8 3.000000
 0.9 3.000000
 1.0 3.000000
 1.1 3.000000
 1.2 3.000000
 1.3 3.000000
 1.4 3.000000
 1.5 3.000000
 1.6 3.000000
 1.7 2.571429
 1.8 2.500000
 1.9 2.500000
 2.0 2.055556
 2.1 1.833333
 2.2 1.776786
 2.3 0.693548
 2.4 0.464286
 2.5 0.006167
 2.6 -0.679427
 2.7 -0.835291
 2.8 -1.226358
 2.9 -1.657527
 3.0 -2.014326
 3.1 -2.340276
 3.2 -2.243149
 3.3 -1.963517
 3.4 -1.366095
 3.5 -1.112732
 3.6 -0.387829
 3.7 0.022000
 3.8 0.020941
 3.9 0.021474
 4.0 0.022174
 4.1 0.003778
 4.2 -0.000000
 4.3 -0.000000

ALA 7
 0.0 3.000000
 0.1 3.000000
 0.2 3.000000
 0.3 3.000000
 0.4 3.000000
 0.5 3.000000
 0.6 3.000000
 0.7 3.000000
 0.8 3.000000
 0.9 3.000000
 1.0 3.000000
 1.1 3.000000
 1.2 3.000000
 1.3 3.000000
 1.4 3.000000
 1.5 3.000000
 1.6 3.000000
 1.7 2.428571
 1.8 2.333333
 1.9 2.333333
 2.0 2.000000
 2.1 1.833333
 2.2 1.785714
 2.3 0.838710
 2.4 0.535714
 2.5 -0.021611
 2.6 -0.714459
 2.7 -0.864360
 2.8 -1.278827
 2.9 -1.679505
 3.0 -1.982897
 3.1 -2.288306
 3.2 -2.178674
 3.3 -1.844629
 3.4 -1.233763
 3.5 -0.974561
 3.6 -0.234767
 3.7 0.173600
 3.8 0.106235
 3.9 0.000526
 4.0 -0.003261
 4.1 -0.006728
 4.2 -0.005778
 4.3 -0.005778

ALA 8
 0.0 3.000000
 0.1 3.000000
 0.2 3.000000
 0.3 3.000000
 0.4 3.000000
 0.5 3.000000
 0.6 3.000000
 0.7 3.000000
 0.8 3.000000
 0.9 3.000000
 1.0 3.000000
 1.1 3.000000
 1.2 3.000000
 1.3 3.000000
 1.4 3.000000
 1.5 3.000000
 1.6 3.000000
 1.7 2.428571
 1.8 2.333333
 1.9 2.333333
 2.0 2.000000
 2.1 1.833333
 2.2 1.785714
 2.3 0.774194
 2.4 0.517857
 2.5 0.024685
 2.6 -0.711274
 2.7 -0.864360
 2.8 -1.257222
 2.9 -1.698736
 3.0 -2.074314
 3.1 -2.387306
 3.2 -2.270773
 3.3 -1.980382
 3.4 -1.364142
 3.5 -1.092494
 3.6 -0.344674
 3.7 0.041900
 3.8 0.024765
 3.9 -0.003053
 4.0 0.002652
 4.1 0.019198
 4.2 0.016667
 4.3 0.016667

ALA 9
 0.0 3.000000
 0.1 3.000000
 0.2 3.000000
 0.3 3.000000
 0.4 3.000000
 0.5 3.000000
 0.6 3.000000
 0.7 3.000000
 0.8 3.000000
 0.9 3.000000
 1.0 3.000000
 1.1 3.000000
 1.2 3.000000
 1.3 3.000000
 1.4 3.000000
 1.5 3.000000
 1.6 3.000000
 1.7 2.571429
 1.8 2.500000
 1.9 2.500000
 2.0 2.111111
 2.1 1.916667
 2.2 1.866071
 2.3 0.838710
 2.4 0.559524
 2.5 0.037037
 2.6 -0.668790
 2.7 -0.813953
 2.8 -1.206790
 2.9 -1.656593
 3.0 -2.003829
 3.1 -2.278982
 3.2 -2.145525
 3.3 -1.883910
 3.4 -1.284705
 3.5 -1.005030
 3.6 -0.322612
 3.7 0.000300
 3.8 -0.004588
 3.9 -0.007421
 4.0 -0.006130
 4.1 -0.012901
 4.2 -0.011333
 4.3 -0.011333

ALA 10
 0.0 3.000000
 0.1 3.000000
 0.2 3.000000
 0.3 3.000000
 0.4 3.000000
 0.5 3.000000
 0.6 3.000000
 0.7 3.000000
 0.8 3.000000
 0.9 3.000000
 1.0 3.000000
 1.1 3.000000
 1.2 3.000000
 1.3 3.000000
 1.4 3.000000
 1.5 3.000000
 1.6 3.000000
 1.7 2.428571
 1.8 2.333333
 1.9 2.333333
 2.0 1.944444
 2.1 1.750000
 2.2 1.696429
 2.3 0.822581
 2.4 0.535714
 2.5 0.024667
 2.6 -0.587134
 2.7 -0.748140
 2.8 -1.177037
 2.9 -1.630110
 3.0 -1.962949
 3.1 -2.290782
 3.2 -2.137293
 3.3 -1.844652
 3.4 -1.242479
 3.5 -0.955293
 3.6 -0.266364
 3.7 0.036900
 3.8 0.018882
 3.9 0.008211
 4.0 -0.003348
 4.1 -0.009173
 4.2 -0.009444
 4.3 -0.009444

ALA 11
 0.0 3.000000
 0.1 3.000000
 0.2 3.000000
 0.3 3.000000
 0.4 3.000000
 0.5 3.000000
 0.6 3.000000
 0.7 3.000000
 0.8 3.000000
 0.9 3.000000
 1.0 3.000000
 1.1 3.000000
 1.2 3.000000
 1.3 3.000000
 1.4 3.000000
 1.5 3.000000
 1.6 3.000000
 1.7 2.214286
 1.8 2.166667
 1.9 2.166667
 2.0 1.833333
 2.1 1.666667
 2.2 1.625000
 2.3 0.758065
 2.4 0.494048
 2.5 0.021593
 2.6 -0.597707
 2.7 -0.769419
 2.8 -1.196543
 2.9 -1.637385
 3.0 -1.988606
 3.1 -2.316271
 3.2 -2.165856
 3.3 -1.854000
 3.4 -1.255000
 3.5 -0.973567
 3.6 -0.285597
 3.7 0.040300
 3.8 0.022824
 3.9 0.006368
 4.0 0.003043
 4.1 0.001704
 4.2 0.001667
 4.3 0.001667

ALA 12
 0.0 3.000000
 0.1 3.000000
 0.2 3.000000
 0.3 3.000000
 0.4 3.000000
 0.5 3.000000
 0.6 3.000000
 0.7 3.000000
 0.8 3.000000
 0.9 3.000000
 1.0 3.000000
 1.1 3.000000
 1.2 3.000000
 1.3 3.000000
 1.4 3.000000
 1.5 3.000000
 1.6 3.000000
 1.7 2.428571
 1.8 2.333333
 1.9 2.333333
 2.0 2.000000
 2.1 1.833333
 2.2 1.785714
 2.3 0.838710
 2.4 0.511905
 2.5 -0.052481
 2.6 -0.693248
 2.7 -0.845000
 2.8 -1.258272
 2.9 -1.652967
 3.0 -1.932434
 3.1 -2.216271
 3.2 -2.082044
 3.3 -1.746371
 3.4 -1.145642
 3.5 -0.877043
 3.6 -0.192233
 3.7 0.165200
 3.8 0.096353
 3.9 -0.004105
 4.0 -0.006174
 4.1 0.001765
 4.2 0.003778
 4.3 0.003778

ALA 13
 0.0 3.000000
 0.1 3.000000
 0.2 3.000000
 0.3 3.000000
 0.4 3.000000
 0.5 3.000000
 0.6 3.000000
 0.7 3.000000
 0.8 3.000000
 0.9 3.000000
 1.0 3.000000
 1.1 3.000000
 1.2 3.000000
 1.3 3.000000
 1.4 3.000000
 1.5 3.000000
 1.6 3.000000
 1.7 2.428571
 1.8 2.333333
 1.9 2.333333
 2.0 2.000000
 2.1 1.833333
 2.2 1.785714
 2.3 0.774194
 2.4 0.452381
 2.5 -0.114204
 2.6 -0.806815
 2.7 -0.951570
 2.8 -1.349815
 2.9 -1.726209
 3.0 -2.013366
 3.1 -2.309871
 3.2 -2.197127
 3.3 -1.905494
 3.4 -1.316321
 3.5 -1.069098
 3.6 -0.333457
 3.7 0.055200
 3.8 0.040412
 3.9 0.014263
 4.0 0.019043
 4.1 0.022321
 4.2 0.020222
 4.3 0.020222

ALA 14
 0.0 3.000000
 0.1 3.000000
 0.2 3.000000
 0.3 3.000000
 0.4 3.000000
 0.5 3.000000
 0.6 3.000000
 0.7 3.000000
 0.8 3.000000
 0.9 3.000000
 1.0 3.000000
 1.1 3.000000
 1.2 3.000000
 1.3 3.000000
 1.4 3.000000
 1.5 3.000000
 1.6 3.000000
 1.7 2.428571
 1.8 2.333333
 1.9 2.333333
 2.0 2.055556
 2.1 1.916667
 2.2 1.875000
 2.3 0.854839
 2.4 0.511905
 2.5 -0.089500
 2.6 -0.846051
 2.7 -0.990291
 2.8 -1.390926
 2.9 -1.748121
 3.0 -2.029491
 3.1 -2.256871
 3.2 -2.114144
 3.3 -1.795865
 3.4 -1.213279
 3.5 -0.957244
 3.6 -0.236209
 3.7 0.120200
 3.8 0.072824
 3.9 0.002105
 4.0 0.010478
 4.1 -0.002012
 4.2 -0.003667
 4.3 -0.003667

ALA 15
 0.0 3.000000
 0.1 3.000000
 0.2 3.000000
 0.3 3.000000
 0.4 3.000000
 0.5 3.000000
 0.6 3.000000
 0.7 3.000000
 0.8 3.000000
 0.9 3.000000
 1.0 3.000000
 1.1 3.000000
 1.2 3.000000
 1.3 3.000000
 1.4 3.000000
 1.5 3.000000
 1.6 3.000000
 1.7 2.214286
 1.8 2.166667
 1.9 2.166667
 2.0 1.944444
 2.1 1.833333
 2.2 1.803571
 2.3 0.983871
 2.4 0.654762
 2.5 0.061722
 2.6 -0.679427
 2.7 -0.846919
 2.8 -1.300432
 2.9 -1.661220
 3.0 -1.940086
 3.1 -2.210035
 3.2 -2.087735
 3.3 -1.791449
 3.4 -1.259263
 3.5 -1.035695
 3.6 -0.368814
 3.7 -0.008000
 3.8 -0.004529
 3.9 -0.013526
 4.0 -0.014130
 4.1 -0.011975
 4.2 -0.009333
 4.3 -0.009333

ALA 16
 0.0 3.000000
 0.1 3.000000
 0.2 3.000000
 0.3 3.000000
 0.4 3.000000
 0.5 3.000000
 0.6 3.000000
 0.7 3.000000
 0.8 3.000000
 0.9 3.000000
 1.0 3.000000
 1.1 3.000000
 1.2 3.000000
 1.3 3.000000
 1.4 3.000000
 1.5 3.000000
 1.6 3.000000
 1.7 2.428571
 1.8 2.333333
 1.9 2.333333
 2.0 1.944444
 2.1 1.750000
 2.2 1.696429
 2.3 0.822581
 2.4 0.535714
 2.5 0.012333
 2.6 -0.658217
 2.7 -0.815930
 2.8 -1.249012
 2.9 -1.661209
 3.0 -1.976240
 3.1 -2.280447
 3.2 -2.123425
 3.3 -1.833416
 3.4 -1.260105
 3.5 -1.002146
 3.6 -0.280194
 3.7 0.021700
 3.8 0.006000
 3.9 -0.009211
 4.0 -0.010391
 4.1 -0.017840
 4.2 -0.014778
 4.3 -0.014778

ALA 17
 0.0 3.000000
 0.1 3.000000
 0.2 3.000000
 0.3 3.000000
 0.4 3.000000
 0.5 3.000000
 0.6 3.000000
 0.7 3.000000
 0.8 3.000000
 0.9 3.000000
 1.0 3.000000
 1.1 3.000000
 1.2 3.000000
 1.3 3.000000
 1.4 3.000000
 1.5 3.000000
 1.6 3.000000
 1.7 2.571429
 1.8 2.500000
 1.9 2.500000
 2.0 2.055556
 2.1 1.833333
 2.2 1.776786
 2.3 0.822581
 2.4 0.511905
 2.5 -0.030870
 2.6 -0.679427
 2.7 -0.835291
 2.8 -1.269568
 2.9 -1.680407
 3.0 -1.980966
 3.1 -2.295182
 3.2 -2.160331
 3.3 -1.896191
 3.4 -1.322895
 3.5 -1.065134
 3.6 -0.371566
 3.7 -0.046400
 3.8 -0.030059
 3.9 -0.012579
 4.0 -0.006087
 4.1 0.016160
 4.2 0.014667
 4.3 0.014667

ALA 18
 0.0 3.000000
 0.1 3.000000
 0.2 3.000000
 0.3 3.000000
 0.4 3.000000
 0.5 3.000000
 0.6 3.000000
 0.7 3.000000
 0.8 3.000000
 0.9 3.000000
 1.0 3.000000
 1.1 3.000000
 1.2 3.000000
 1.3 3.000000
 1.4 3.000000
 1.5 3.000000
 1.6 3.000000
 1.7 2.428571
 1.8 2.333333
 1.9 2.333333
 2.0 1.944444
 2.1 1.750000
 2.2 1.696429
 2.3 0.758065
 2.4 0.500000
 2.5 0.018500
 2.6 -0.637006
 2.7 -0.796570
 2.8 -1.206852
 2.9 -1.627374
 3.0 -1.972486
 3.1 -2.288306
 3.2 -2.151050
 3.3 -1.822135
 3.4 -1.219142
 3.5 -0.938915
 3.6 -0.210837
 3.7 0.155300
 3.8 0.094471
 3.9 0.017105
 4.0 0.013391
 4.1 0.010815
 4.2 0.007222
 4.3 0.007222

ALA 19
 0.0 3.000000
 0.1 3.000000
 0.2 3.000000
 0.3 3.000000
 0.4 3.000000
 0.5 3.000000
 0.6 3.000000
 0.7 3.000000
 0.8 3.000000
 0.9 3.000000
 1.0 3.000000
 1.1 3.000000
 1.2 3.000000
 1.3 3.000000
 1.4 3.000000
 1.5 3.000000
 1.6 3.000000
 1.7 2.428571
 1.8 2.333333
 1.9 2.333333
 2.0 1.944444
 2.1 1.750000
 2.2 1.696429
 2.3 0.693548
 2.4 0.416667
 2.5 -0.089500
 2.6 -0.753694
 2.7 -0.903081
 2.8 -1.298333
 2.9 -1.705110
 3.0 -2.022863
 3.1 -2.347182
 3.2 -2.252431
 3.3 -1.958899
 3.4 -1.352232
 3.5 -1.096573
 3.6 -0.365279
 3.7 0.057000
 3.8 0.037588
 3.9 0.000474
 4.0 0.002565
 4.1 -0.001420
 4.2 -0.001889
 4.3 -0.001889

ALA 20
 0.0 3.000000
 0.1 3.000000
 0.2 3.000000
 0.3 3.000000
 0.4 3.000000
 0.5 3.000000
 0.6 3.000000
 0.7 3.000000
 0.8 3.000000
 0.9 3.000000
 1.0 3.000000
 1.1 3.000000
 1.2 3.000000
 1.3 3.000000
 1.4 3.000000
 1.5 3.000000
 1.6 3.000000
 1.7 2.428571
 1.8 2.333333
 1.9 2.333333
 2.0 2.000000
 2.1 1.833333
 2.2 1.785714
 2.3 0.903226
 2.4 0.595238
 2.5 0.037037
 2.6 -0.640127
 2.7 -0.796512
 2.8 -1.228395
 2.9 -1.642857
 3.0 -1.948594
 3.1 -2.276518
 3.2 -2.160221
 3.3 -1.842719
 3.4 -1.246479
 3.5 -0.989805
 3.6 -0.267093
 3.7 0.115200
 3.8 0.066941
 3.9 -0.003895
 4.0 -0.004652
 4.1 -0.012778
 4.2 -0.011222
 4.3 -0.011222

ALA 21
 0.0 3.000000
 0.1 3.000000
 0.2 3.000000
 0.3 3.000000
 0.4 3.000000
 0.5 3.000000
 0.6 3.000000
 0.7 3.000000
 0.8 3.000000
 0.9 3.000000
 1.0 3.000000
 1.1 3.000000
 1.2 3.000000
 1.3 3.000000
 1.4 3.000000
 1.5 3.000000
 1.6 3.000000
 1.7 2.571429
 1.8 2.500000
 1.9 2.500000
 2.0 2.111111
 2.1 1.916667
 2.2 1.866071
 2.3 0.903226
 2.4 0.619048
 2.5 0.067907
 2.6 -0.661338
 2.7 -0.815872
 2.8 -1.248951
 2.9 -1.685879
 3.0 -2.027617
 3.1 -2.374571
 3.2 -2.270773
 3.3 -1.997236
 3.4 -1.402811
 3.5 -1.151415
 3.6 -0.390240
 3.7 -0.001400
 3.8 0.003235
 3.9 0.011000
 4.0 0.010565
 4.1 0.017160
 4.2 0.016444
 4.3 0.016444

ALA 22
 0.0 3.000000
 0.1 3.000000
 0.2 3.000000
 0.3 3.000000
 0.4 3.000000
 0.5 3.000000
 0.6 3.000000
 0.7 3.000000
 0.8 3.000000
 0.9 3.000000
 1.0 3.000000
 1.1 3.000000
 1.2 3.000000
 1.3 3.000000
 1.4 3.000000
 1.5 3.000000
 1.6 3.000000
 1.7 2.571429
 1.8 2.500000
 1.9 2.500000
 2.0 2.111111
 2.1 1.916667
 2.2 1.866071
 2.3 0.838710
 2.4 0.559524
 2.5 0.024685
 2.6 -0.682611
 2.7 -0.823663
 2.8 -1.217099
 2.9 -1.656626
 3.0 -1.992440
 3.1 -2.298129
 3.2 -2.196188
 3.3 -1.904618
 3.4 -1.290305
 3.5 -1.022488
 3.6 -0.298000
 3.7 0.091700
 3.8 0.049176
 3.9 -0.014368
 4.0 -0.007478
 4.1 -0.002296
 4.2 -0.000111
 4.3 -0.000111

ALA 23
 0.0 3.000000
 0.1 3.000000
 0.2 3.000000
 0.3 3.000000
 0.4 3.000000
 0.5 3.000000
 0.6 3.000000
 0.7 3.000000
 0.8 3.000000
 0.9 3.000000
 1.0 3.000000
 1.1 3.000000
 1.2 3.000000
 1.3 3.000000
 1.4 3.000000
 1.5 3.000000
 1.6 3.000000
 1.7 2.714286
 1.8 2.666667
 1.9 2.666667
 2.0 2.388889
 2.1 2.250000
 2.2 2.214286
 2.3 1.338710
 2.4 1.059524
 2.5 0.521611
 2.6 -0.250452
 2.7 -0.403000
 2.8 -0.819815
 2.9 -1.326780
 3.0 -1.754143
 3.1 -2.443035
 3.2 -2.488856
 3.3 -2.292112
 3.4 -1.710116
 3.5 -1.515280
 3.6 -0.631946
 3.7 -0.040100
 3.8 -0.017706
 3.9 0.008842
 4.0 0.005087
 4.1 -0.022358
 4.2 -0.035333
 4.3 -0.035333

ALA 24
 0.0 3.000000
 0.1 3.000000
 0.2 3.000000
 0.3 3.000000
 0.4 3.000000
 0.5 3.000000
 0.6 3.000000
 0.7 3.000000
 0.8 3.000000
 0.9 3.000000
 1.0 3.000000
 1.1 3.000000
 1.2 3.000000
 1.3 3.000000
 1.4 3.000000
 1.5 3.000000
 1.6 3.000000
 1.7 2.714286
 1.8 2.666667
 1.9 2.666667
 2.0 2.388889
 2.1 2.250000
 2.2 2.214286
 2.3 1.403226
 2.4 1.178571
 2.5 0.756167
 2.6 0.132732
 2.7 -0.009628
 2.8 -0.368210
 2.9 -0.743484
 3.0 -1.089423
 3.1 -1.796547
 3.2 -1.883055
 3.3 -1.698584
 3.4 -1.242358
 3.5 -1.131293
 3.6 -0.303372
 3.7 0.304800
 3.8 0.324353
 3.9 0.364947
 4.0 0.381870
 4.1 0.375173
 4.2 0.366556
 4.3 0.366556

ALA 25
 0.0 3.000000
 0.1 3.000000
 0.2 3.000000
 0.3 3.000000
 0.4 3.000000
 0.5 3.000000
 0.6 3.000000
 0.7 3.000000
 0.8 3.000000
 0.9 3.000000
 1.0 3.000000
 1.1 3.000000
 1.2 3.000000
 1.3 3.000000
 1.4 3.000000
 1.5 3.000000
 1.6 3.000000
 1.7 2.714286
 1.8 2.666667
 1.9 2.666667
 2.0 2.333333
 2.1 2.166667
 2.2 2.125000
 2.3 1.387097
 2.4 1.178571
 2.5 0.780870
 2.6 0.214516
 2.7 0.067930
 2.8 -0.307469
 2.9 -0.721484
 3.0 -1.098931
 3.1 -1.900041
 3.2 -1.998249
 3.3 -1.891528
 3.4 -1.575779
 3.5 -1.503122
 3.6 -0.840744
 3.7 -0.381500
 3.8 -0.350765
 3.9 -0.295368
 4.0 -0.289652
 4.1 -0.279222
 4.2 -0.275444
 4.3 -0.275444

ALA 26
 0.0 0.000000
 0.1 0.000000
 0.2 0.000000
 0.3 0.000000
 0.4 0.000000
 0.5 0.000000
 0.6 0.000000
 0.7 0.000000
 0.8 0.000000
 0.9 0.000000
 1.0 0.000000
 1.1 0.000000
 1.2 0.000000
 1.3 0.000000
 1.4 0.000000
 1.5 0.000000
 1.6 0.000000
 1.7 0.000000
 1.8 0.000000
 1.9 0.000000
 2.0 0.000000
 2.1 0.000000
 2.2 0.000000
 2.3 0.000000
 2.4 0.000000
 2.5 0.000000
 2.6 0.000000
 2.7 0.000000
 2.8 0.000000
 2.9 0.000000
 3.0 0.000000
 3.1 0.000000
 3.2 0.000000
 3.3 0.000000
 3.4 0.000000
 3.5 0.000000
 3.6 0.000000
 3.7 0.000000
 3.8 0.000000
 3.9 0.000000
 4.0 0.000000
 4.1 0.000000
 4.2 0.000000
 4.3 0.000000

