ATOMS
N -18.076 -16.552 -10.791
CA -16.627 -16.552 -10.791
C -16.104 -15.123 -10.791
O -14.995 -14.866 -10.326
HA -16.270 -17.062 -9.896
H1 -18.413 -17.428 -10.417
H2 -18.412 -16.438 -11.736
H3 -18.413 -15.790 -10.220

N -16.906 -14.193 -11.314
CA -16.523 -12.796 -11.373
C -16.011 -12.337 -10.015
O -15.219 -11.400 -9.933
H -17.806 -14.471 -11.679
HA -15.732 -12.674 -12.112

N -16.465 -13.000 -8.949
CA -16.053 -12.659 -7.602
C -14.538 -12.540 -7.533
O -14.008 -11.829 -6.683
H -17.114 -13.761 -9.085
HA -16.499 -11.704 -7.324

N -13.842 -13.241 -8.432
CA -12.393 -13.212 -8.470
C -11.898 -11.773 -8.435
O -10.782 -11.511 -7.991
H -14.339 -13.807 -9.104
HA -12.003 -13.745 -7.603

N -12.731 -10.842 -8.905
CA -12.376 -9.438 -8.926
C -11.837 -9.014 -7.567
O -11.061 -8.065 -7.475
H -13.635 -11.125 -9.256
HA -11.607 -9.276 -9.681

N -12.250 -9.721 -6.513
CA -11.808 -9.418 -5.167
C -10.293 -9.272 -5.134
O -9.754 -8.579 -4.274
H -12.889 -10.489 -6.658
HA -12.263 -8.482 -4.845

N -9.609 -9.927 -6.074
CA -8.163 -9.869 -6.149
C -7.694 -8.423 -6.078
O -6.572 -8.153 -5.655
H -10.114 -10.479 -6.753
HA -7.740 -10.423 -5.311

N -8.557 -7.493 -6.494
CA -8.230 -6.082 -6.476
C -7.661 -5.693 -5.118
O -6.902 -4.733 -5.014
H -9.464 -7.782 -6.831
HA -7.485 -5.879 -7.246

N -8.032 -6.444 -4.078
CA -7.560 -6.177 -2.735
C -6.048 -6.002 -2.736
O -5.499 -5.328 -1.868
H -8.660 -7.220 -4.232
HA -8.025 -5.261 -2.369

N -5.377 -6.612 -3.716
CA -3.935 -6.522 -3.827
C -3.492 -5.070 -3.719
O -2.364 -4.793 -3.317
H -5.889 -7.151 -4.399
HA -3.479 -7.095 -3.020

N -4.383 -4.145 -4.080
CA -4.082 -2.728 -4.023
C -3.485 -2.375 -2.668
O -2.741 -1.403 -2.551
H -5.293 -4.440 -4.402
HA -3.362 -2.484 -4.804

N -3.813 -3.167 -1.645
CA -3.310 -2.936 -0.306
C -1.803 -2.731 -0.342
O -1.243 -2.076 0.535
H -4.430 -3.950 -1.809
HA -3.782 -2.043 0.103

N -1.147 -3.295 -1.359
CA 0.290 -3.173 -1.505
C 0.709 -1.717 -1.359
O 1.841 -1.431 -0.978
H -1.667 -3.822 -2.046
HA 0.779 -3.764 -0.731

N -0.210 -0.797 -1.665
CA 0.066 0.622 -1.567
C 0.693 0.942 -0.218
O 1.421 1.923 -0.087
H -1.123 -1.099 -1.973
HA 0.760 0.906 -2.359

N 0.407 0.109 0.786
CA 0.942 0.305 2.119
C 2.444 0.540 2.050
O 3.014 1.177 2.934
H -0.199 -0.680 0.612
HA 0.465 1.175 2.570

N 3.082 0.024 0.998
CA 4.512 0.180 0.818
C 4.907 1.638 1.002
O 6.044 1.933 1.363
H 2.554 -0.490 0.307
HA 5.033 -0.427 1.559

N 3.963 2.549 0.753
CA 4.215 3.969 0.891
C 4.872 4.256 2.234
O 5.585 5.246 2.379
H 3.047 2.239 0.460
HA 4.881 4.293 0.091

N 4.629 3.384 3.216
CA 5.196 3.545 4.540
C 6.691 3.813 4.440
O 7.273 4.431 5.329
H 4.033 2.590 3.031
HA 4.715 4.389 5.033

N 7.310 3.346 3.354
CA 8.731 3.535 3.142
C 9.103 4.994 3.366
O 10.244 5.299 3.706
H 6.773 2.846 2.660
HA 9.283 2.914 3.848

N 8.136 5.894 3.172
CA 8.365 7.313 3.353
C 9.052 7.567 4.687
O 9.750 8.566 4.847
H 7.219 5.577 2.891
HA 9.004 7.676 2.548

N 8.852 6.659 5.644
CA 9.451 6.787 6.958
C 10.938 7.087 6.828
O 11.532 7.686 7.721
H 8.267 5.860 5.447
HA 8.967 7.605 7.493

N 11.537 6.669 5.710
CA 12.947 6.893 5.467
C 13.298 8.351 5.731
O 14.441 8.667 6.052
H 10.991 6.182 5.014
HA 13.529 6.259 6.136

N 12.309 9.237 5.594
CA 12.515 10.654 5.816
C 13.234 10.877 7.140
O 13.917 11.883 7.315
H 11.391 8.910 5.328
HA 13.124 11.057 5.007

N 13.077 9.933 8.071
CA 13.709 10.028 9.371
C 15.185 10.362 9.213
O 15.792 10.942 10.110
H 12.501 9.130 7.863
HA 13.225 10.817 9.946

N 15.762 9.994 8.066
CA 17.161 10.254 7.794
C 17.491 11.708 8.097
O 18.636 12.037 8.399
H 15.207 9.521 7.368
HA 17.773 9.610 8.426

N 16.482 12.580 8.017
CA 16.668 13.992 8.283
C 17.417 14.184 9.593
O 18.066 15.220 9.718
H 15.563 12.245 7.764
HA 17.248 14.434 7.473

EDGES
1 9 2.684643
1 10 4.105858
1 11 4.757376
1 13 2.278597
1 14 4.719985
1 15 4.313350
1 16 5.423809
1 19 3.409628
1 25 4.934183
2 9 2.432334
2 10 3.802246
2 11 4.329880
2 12 5.409411
2 13 2.551303
2 14 4.193441
2 15 4.004486
2 16 5.065042
2 17 5.574462
2 19 3.307157
2 21 4.927862
2 25 3.951701
3 9 1.334778
3 10 2.434998
3 11 2.893548
3 12 3.921749
3 13 2.027425
3 14 2.807317
3 15 2.833799
3 16 4.030337
3 17 4.442838
3 18 5.667391
3 19 2.405323
3 20 4.885251
3 21 3.771399
3 22 4.776032
3 25 2.773635
3 26 5.374051
3 27 5.767242
3 31 4.943297
4 9 2.254106
4 10 2.777750
4 11 2.743140
4 12 3.495394
4 13 3.144575
4 14 2.921956
4 15 2.745721
4 16 3.662020
4 17 3.663328
4 18 4.844480
4 19 2.692818
4 20 4.612186
4 21 2.749049
4 22 3.598730
4 23 4.768012
4 25 1.745022
4 26 4.198027
4 27 4.830892
4 31 4.121842
5 9 3.262879
5 10 4.521537
5 11 4.733589
5 12 5.758838
5 13 3.500238
5 14 4.945164
5 15 4.175485
5 16 4.969500
5 17 5.388142
5 19 3.502379
5 21 4.757995
5 22 5.646867
5 25 3.866659
6 9 3.679794
6 10 5.093276
6 11 5.643535
6 13 3.271841
6 14 5.715007
6 15 5.055384
6 19 4.111996
6 25 5.606522
7 9 2.736082
7 10 4.118769
7 11 5.054191
7 13 2.059023
7 14 4.635890
7 15 4.835082
7 19 3.984838
7 25 5.517147
8 9 2.453221
8 10 3.723647
8 11 4.211275
8 12 5.436553
8 13 2.058371
8 14 4.525139
8 15 3.632388
8 16 4.714519
8 17 5.726962
8 19 2.663169
8 20 5.361493
8 21 5.530677
8 25 4.666393
9 15 2.685322
9 16 4.106058
9 17 4.757709
9 19 2.279984
9 20 4.720262
9 21 4.312809
9 22 5.423824
9 25 3.409191
9 31 4.934311
10 15 2.433260
10 16 3.802645
10 17 4.330284
10 18 5.408920
10 19 2.552538
10 20 4.193738
10 21 4.004406
10 22 5.065310
10 23 5.573957
10 25 3.307618
10 27 4.928327
10 31 3.951515
11 15 1.334931
11 16 2.434752
11 17 2.893313
11 18 3.920752
11 19 2.027137
11 20 2.807190
11 21 2.833314
11 22 4.030208
11 23 4.441989
11 24 5.667565
11 25 2.405495
11 26 4.885107
11 27 3.771674
11 28 4.775285
11 31 2.773157
11 32 5.373685
11 33 5.766505
11 37 4.942817
12 15 2.254057
12 16 2.777445
12 17 2.742875
12 18 3.494719
12 19 3.143955
12 20 2.921934
12 21 2.745617
12 22 3.661965
12 23 3.662264
12 24 4.844652
12 25 2.693565
12 26 4.612004
12 27 2.749235
12 28 3.598075
12 29 4.767481
12 31 1.744423
12 32 4.197788
12 33 4.830155
12 37 4.121219
13 15 3.378612
13 16 4.793567
13 17 5.621201
13 19 2.777013
13 20 5.322646
13 21 5.269649
13 25 4.369395
14 15 3.263148
14 16 4.521434
14 17 4.734008
14 18 5.758493
14 19 3.500603
14 20 4.945112
14 21 4.175642
14 22 4.970164
14 23 5.388106
14 25 3.503170
14 27 4.758894
14 28 5.646683
14 31 3.866982
15 21 2.684306
15 22 4.105553
15 23 4.756807
15 25 2.279287
15 26 4.719765
15 27 4.312964
15 28 5.422941
15 31 3.408632
15 37 4.933718
16 21 2.432313
16 22 3.801951
16 23 4.329308
16 24 5.408573
16 25 2.551804
16 26 4.193077
16 27 4.004370
16 28 5.064400
16 29 5.573321
16 31 3.306901
16 33 4.927532
16 37 3.951067
17 21 1.335671
17 22 2.435278
17 23 2.893353
17 24 3.921242
17 25 2.028036
17 26 2.807695
17 27 2.833873
17 28 4.029528
17 29 4.441760
17 30 5.667320
17 31 2.405486
17 32 4.884502
17 33 3.771221
17 34 4.774698
17 37 2.773342
17 38 5.372926
17 39 5.766411
17 43 4.942459
18 21 2.253952
18 22 2.777460
18 23 2.743126
18 24 3.495578
18 25 3.143769
18 26 2.921897
18 27 2.746303
18 28 3.662152
18 29 3.663185
18 30 4.845593
18 31 2.693524
18 32 4.612008
18 33 2.750114
18 34 3.598774
18 35 4.768530
18 37 1.745963
18 38 4.198295
18 39 4.831116
18 43 4.121970
19 21 3.376802
19 22 4.792439
19 23 5.619724
19 25 2.775446
19 26 5.321551
19 27 5.269122
19 31 4.368201
20 21 3.263385
20 22 4.521793
20 23 4.733739
20 24 5.759013
20 25 3.500944
20 26 4.945456
20 27 4.176174
20 28 4.969939
20 29 5.387893
20 31 3.502908
20 33 4.758572
20 34 5.646585
20 37 3.866766
21 27 2.685750
21 28 4.105606
21 29 4.757707
21 31 2.280193
21 32 4.719794
21 33 4.313632
21 34 5.423349
21 37 3.410101
21 43 4.934133
22 27 2.433181
22 28 3.801487
22 29 4.329867
22 30 5.408868
22 31 2.552632
22 32 4.192423
22 33 4.004670
22 34 5.064234
22 35 5.573374
22 37 3.308185
22 39 4.927748
22 43 3.951104
23 27 1.334747
23 28 2.433473
23 29 2.892961
23 30 3.920642
23 31 2.027588
23 32 2.805745
23 33 2.833495
23 34 4.029138
23 35 4.441579
23 36 5.666771
23 37 2.405923
23 38 4.883852
23 39 3.771148
23 40 4.775064
23 43 2.772403
23 44 5.373159
23 45 5.766122
23 49 4.942191
24 27 2.254231
24 28 2.777119
24 29 2.743685
24 30 3.495570
24 31 3.144651
24 32 2.920950
24 33 2.746563
24 34 3.661735
24 35 3.662607
24 36 4.844533
24 37 2.694591
24 38 4.611455
24 39 2.749523
24 40 3.598373
24 41 4.767710
24 43 1.744675
24 44 4.197607
24 45 4.830731
24 49 4.121670
25 27 3.378830
25 28 4.793038
25 29 5.620963
25 31 2.777021
25 32 5.322285
25 33 5.269971
25 37 4.369730
26 27 3.263832
26 28 4.521029
26 29 4.734048
26 30 5.759006
26 31 3.501462
26 32 4.944377
26 33 4.176324
26 34 4.969411
26 35 5.387744
26 37 3.504220
26 39 4.758802
26 40 5.646511
26 43 3.867503
27 33 2.685082
27 34 4.105161
27 35 4.757014
27 37 2.280040
27 38 4.719346
27 39 4.312618
27 40 5.422996
27 43 3.407574
27 49 4.933393
28 33 2.432804
28 34 3.801724
28 35 4.329632
28 36 5.408685
28 37 2.551783
28 38 4.193002
28 39 4.003663
28 40 5.064273
28 41 5.573370
28 43 3.304883
28 45 4.927719
28 49 3.951089
29 33 1.334666
29 34 2.433939
29 35 2.893093
29 36 3.920710
29 37 2.026971
29 38 2.806026
29 39 2.833126
29 40 4.029891
29 41 4.441942
29 42 5.667212
29 43 2.403653
29 44 4.884693
29 45 3.771362
29 46 4.774657
29 49 2.773202
29 50 5.373190
29 51 5.766806
29 55 4.943075
30 33 2.254218
30 34 2.777676
30 35 2.743529
30 36 3.495547
30 37 3.144018
30 38 2.921574
30 39 2.745569
30 40 3.662116
30 41 3.662849
30 42 4.844715
30 43 2.691745
30 44 4.612169
30 45 2.749466
30 46 3.597895
30 47 4.768840
30 49 1.745060
30 50 4.197477
30 51 4.831365
30 55 4.122605
31 33 3.378386
31 34 4.792880
31 35 5.620806
31 37 2.776800
31 38 5.322101
31 39 5.269630
31 43 4.368039
32 33 3.263081
32 34 4.520704
32 35 4.733056
32 36 5.758044
32 37 3.500489
32 38 4.944458
32 39 4.174476
32 40 4.968683
32 41 5.387094
32 43 3.499920
32 45 4.757999
32 46 5.646042
32 49 3.866133
33 39 2.685151
33 40 4.105846
33 41 4.757222
33 43 2.279180
33 44 4.719927
33 45 4.313072
33 46 5.422554
33 49 3.409199
33 55 4.934173
34 39 2.432556
34 40 3.801809
34 41 4.329543
34 42 5.408703
34 43 2.551618
34 44 4.192778
34 45 4.004442
34 46 5.064036
34 47 5.574552
34 49 3.307526
34 51 4.928364
34 55 3.951624
35 39 1.334347
35 40 2.433831
35 41 2.892531
35 42 3.920388
35 43 2.027326
35 44 2.806054
35 45 2.833397
35 46 4.029024
35 47 4.442625
35 48 5.667081
35 49 2.405650
35 50 4.884451
35 51 3.771583
35 52 4.775303
35 55 2.773265
35 56 5.373748
35 57 5.766574
35 61 4.943084
36 39 2.253470
36 40 2.776870
36 41 2.742691
36 42 3.494819
36 43 3.144049
36 44 2.920942
36 45 2.746016
36 46 3.661474
36 47 3.663602
36 48 4.844917
36 49 2.693986
36 50 4.612065
36 51 2.749895
36 52 3.598856
36 53 4.768732
36 55 1.745131
36 56 4.198522
36 57 4.831002
36 61 4.122261
37 39 3.378654
37 40 4.793595
37 41 5.620746
37 43 2.776644
37 44 5.322684
37 45 5.269643
37 49 4.369028
38 39 3.262236
38 40 4.520419
38 41 4.732814
38 42 5.757762
38 43 3.499525
38 44 4.943902
38 45 4.175136
38 46 4.968425
38 47 5.388084
38 49 3.502656
38 51 4.758476
38 52 5.646533
38 55 3.866526
39 45 2.684671
39 46 4.104543
39 47 4.757667
39 49 2.279276
39 50 4.719244
39 51 4.313031
39 52 5.423082
39 55 3.409020
39 61 4.934592
40 45 2.433030
40 46 3.801682
40 47 4.330582
40 48 5.408959
40 49 2.552116
40 50 4.193232
40 51 4.004601
40 52 5.064570
40 53 5.574539
40 55 3.307431
40 57 4.928421
40 61 3.952354
41 45 1.335187
41 46 2.434334
41 47 2.894061
41 48 3.921155
41 49 2.027508
41 50 2.807105
41 51 2.833846
41 52 4.029655
41 53 4.442918
41 54 5.667552
41 55 2.405843
41 56 4.885129
41 57 3.771903
41 58 4.776074
41 61 2.773995
41 62 5.374121
41 63 5.766802
41 67 4.943487
42 45 2.253829
42 46 2.777057
42 47 2.743336
42 48 3.495165
42 49 3.143928
42 50 2.921631
42 51 2.745762
42 52 3.661573
42 53 3.663596
42 54 4.844928
42 55 2.693541
42 56 4.612230
42 57 2.749987
42 58 3.599377
42 59 4.768583
42 61 1.745861
42 62 4.198719
42 63 4.830777
42 67 4.122162
43 45 3.377503
43 46 4.791638
43 47 5.621052
43 49 2.775319
43 50 5.321155
43 51 5.269874
43 55 4.369283
44 45 3.263721
44 46 4.521239
44 47 4.734595
44 48 5.759041
44 49 3.501065
44 50 4.945421
44 51 4.175882
44 52 4.969577
44 53 5.388760
44 55 3.502835
44 57 4.759361
44 58 5.647839
44 61 3.868324
45 51 2.685718
45 52 4.105599
45 53 4.758227
45 55 2.280742
45 56 4.720220
45 57 4.313449
45 58 5.423893
45 61 3.409430
45 67 4.934670
46 51 2.433239
46 52 3.801711
46 53 4.330719
46 54 5.409301
46 55 2.552544
46 56 4.193270
46 57 4.004761
46 58 5.065355
46 59 5.574391
46 61 3.307109
46 63 4.928711
46 67 3.952671
47 51 1.335381
47 52 2.433751
47 53 2.893298
47 54 3.920455
47 55 2.028479
47 56 2.806443
47 57 2.833164
47 58 4.029516
47 59 4.441384
47 60 5.666728
47 61 2.404726
47 62 4.884294
47 63 3.770813
47 64 4.774881
47 67 2.773101
47 68 5.373795
47 69 5.766239
47 73 4.942357
48 51 2.254000
48 52 2.777038
48 53 2.743895
48 54 3.495676
48 55 3.144401
48 56 2.921633
48 57 2.746101
48 58 3.662319
48 59 3.663154
48 60 4.845292
48 61 2.692790
48 62 4.612159
48 63 2.750175
48 64 3.599237
48 65 4.768623
48 67 1.746217
48 68 4.199250
48 69 4.831608
48 73 4.122608
49 51 3.379331
49 52 4.793585
49 53 5.621964
49 55 2.777960
49 56 5.323120
49 57 5.270265
49 61 4.369601
50 51 3.264147
50 52 4.521454
50 53 4.734997
50 54 5.759399
50 55 3.501871
50 56 4.945569
50 57 4.176344
50 58 4.970464
50 59 5.388716
50 61 3.502943
50 63 4.759487
50 64 5.647738
50 67 3.868323
51 57 2.684826
51 58 4.105423
51 59 4.756927
51 61 2.279329
51 62 4.719425
51 63 4.312842
51 64 5.423484
51 67 3.409269
51 73 4.933842
52 57 2.432504
52 58 3.801594
52 59 4.329241
52 60 5.408567
52 61 2.551434
52 62 4.192673
52 63 4.003920
52 64 5.064684
52 65 5.573627
52 67 3.306864
52 69 4.928307
52 73 3.951443
53 57 1.335193
53 58 2.434225
53 59 2.892758
53 60 3.920599
53 61 2.027573
53 62 2.806255
53 63 2.833198
53 64 4.029963
53 65 4.441703
53 66 5.667563
53 67 2.405291
53 68 4.885442
53 69 3.771304
53 70 4.775134
53 73 2.772717
53 74 5.372928
53 75 5.765742
53 79 4.941828
54 57 2.253585
54 58 2.776583
54 59 2.742410
54 60 3.494861
54 61 3.143468
54 62 2.920581
54 63 2.745522
54 64 3.662228
54 65 3.662841
54 66 4.845480
54 67 2.692979
54 68 4.612505
54 69 2.749954
54 70 3.599059
54 71 4.767966
54 73 1.745029
54 74 4.198113
54 75 4.830329
54 79 4.121158
55 57 3.378463
55 58 4.793418
55 59 5.620845
55 61 2.776885
55 62 5.322343
55 63 5.269863
55 67 4.369667
56 57 3.263666
56 58 4.521503
56 59 4.733611
56 60 5.758876
56 61 3.500785
56 62 4.945045
56 63 4.175780
56 64 4.969814
56 65 5.387949
56 67 3.502992
56 69 4.759197
56 70 5.647373
56 73 3.867344
57 63 2.684515
57 64 4.105695
57 65 4.757114
57 67 2.279306
57 68 4.720631
57 69 4.313138
57 70 5.423427
57 73 3.408768
57 79 4.933265
58 63 2.432045
58 64 3.801902
58 65 4.329364
58 66 5.409064
58 67 2.551375
58 68 4.193841
58 69 4.004002
58 70 5.064332
58 71 5.573359
58 73 3.306438
58 75 4.927220
58 79 3.950416
59 63 1.334102
59 64 2.434231
59 65 2.892693
59 66 3.921111
59 67 2.026571
59 68 2.807405
59 69 2.833007
59 70 4.029348
59 71 4.441596
59 72 5.667323
59 73 2.404650
59 74 4.884108
59 75 3.770842
59 76 4.775346
59 79 2.772554
59 80 5.373567
59 81 5.766192
59 85 4.942623
60 63 2.253538
60 64 2.777442
60 65 2.743094
60 66 3.495853
60 67 3.143386
60 68 2.922098
60 69 2.745735
60 70 3.661897
60 71 3.662948
60 72 4.845269
60 73 2.693152
60 74 4.611900
60 75 2.749338
60 76 3.598814
60 77 4.768529
60 79 1.744732
60 80 4.198177
60 81 4.830821
60 85 4.122142
61 63 3.377252
61 64 4.792656
61 65 5.620120
61 67 2.775742
61 68 5.322654
61 69 5.269397
61 73 4.368430
62 63 3.262410
62 64 4.521096
62 65 4.733111
62 66 5.758773
62 67 3.499935
62 68 4.945469
62 69 4.175089
62 70 4.969068
62 71 5.387500
62 73 3.501706
62 75 4.757851
62 76 5.646474
62 79 3.865818
63 69 2.685258
63 70 4.105616
63 71 4.756936
63 73 2.279841
63 74 4.719862
63 75 4.312544
63 76 5.423314
63 79 3.408539
63 85 4.934082
64 69 2.433098
64 70 3.802017
64 71 4.329389
64 72 5.409287
64 73 2.552682
64 74 4.193221
64 75 4.004074
64 76 5.064853
64 77 5.574289
64 79 3.307203
64 81 4.927607
64 85 3.951180
65 69 1.334682
65 70 2.434007
65 71 2.892427
65 72 3.921119
65 73 2.027691
65 74 2.806577
65 75 2.833042
65 76 4.029888
65 77 4.442531
65 78 5.666879
65 79 2.405373
65 80 4.884976
65 81 3.771169
65 82 4.775334
65 85 2.773129
65 86 5.374055
65 87 5.766111
65 91 4.942593
66 69 2.254266
66 70 2.777386
66 71 2.742829
66 72 3.495759
66 73 3.144916
66 74 2.921814
66 75 2.746154
66 76 3.662510
66 77 3.663599
66 78 4.844568
66 79 2.694450
66 80 4.612713
66 81 2.749217
66 82 3.598351
66 83 4.768047
66 85 1.744828
66 86 4.198255
66 87 4.830281
66 91 4.121779
67 69 3.378162
67 70 4.792861
67 71 5.619998
67 73 2.776422
67 74 5.322007
67 75 5.268794
67 79 4.368127
68 69 3.263307
68 70 4.520953
68 71 4.732962
68 72 5.758606
68 73 3.501400
68 74 4.944647
68 75 4.175161
68 76 4.969429
68 77 5.387890
68 79 3.502832
68 81 4.757562
68 82 5.645936
68 85 3.865994
69 75 2.684350
69 76 4.105392
69 77 4.757392
69 79 2.279285
69 80 4.719986
69 81 4.312645
69 82 5.423029
69 85 3.408857
69 91 4.933580
70 75 2.432336
70 76 3.801811
70 77 4.329796
70 78 5.408272
70 79 2.551871
70 80 4.193582
70 81 4.004023
70 82 5.064273
70 83 5.574104
70 85 3.307027
70 87 4.927533
70 91 3.951023
71 75 1.335186
71 76 2.434868
71 77 2.893550
71 78 3.920871
71 79 2.027904
71 80 2.808048
71 81 2.833431
71 82 4.029441
71 83 4.442558
71 84 5.667355
71 85 2.405407
71 86 4.885184
71 87 3.771218
71 88 4.775860
71 91 2.773001
71 92 5.374049
71 93 5.766182
71 97 4.942341
72 75 2.254421
72 76 2.777607
72 77 2.743432
72 78 3.495175
72 79 3.144814
72 80 2.922428
72 81 2.746440
72 82 3.662115
72 83 3.663800
72 84 4.845181
72 85 2.694252
72 86 4.612978
72 87 2.749496
72 88 3.598950
72 89 4.767877
72 91 1.744901
72 92 4.198510
72 93 4.830113
72 97 4.121236
73 75 3.377812
73 76 4.793177
73 77 5.621220
73 79 2.776098
73 80 5.322627
73 81 5.269777
73 85 4.369364
74 75 3.263154
74 76 4.521476
74 77 4.734216
74 78 5.758579
74 79 3.500895
74 80 4.945717
74 81 4.175826
74 82 4.969731
74 83 5.388775
74 85 3.503026
74 87 4.758709
74 88 5.647436
74 91 3.867136
75 81 2.685444
75 82 4.105791
75 83 4.758114
75 85 2.280348
75 86 4.720704
75 87 4.313138
75 88 5.424058
75 91 3.409072
75 97 4.933658
76 81 2.433306
76 82 3.802111
76 83 4.330358
76 84 5.409168
76 85 2.552855
76 86 4.193859
76 87 4.004235
76 88 5.065073
76 89 5.573519
76 91 3.306941
76 93 4.927584
76 97 3.950637
77 81 1.335888
77 82 2.434673
77 83 2.893513
77 84 3.921037
77 85 2.028582
77 86 2.807620
77 87 2.833109
77 88 4.029796
77 89 4.441346
77 90 5.667284
77 91 2.405135
77 92 4.884695
77 93 3.770631
77 94 4.775013
77 97 2.772203
77 98 5.373621
77 99 5.766092
77 103 4.942160
78 81 2.254002
78 82 2.777113
78 83 2.743471
78 84 3.495654
78 85 3.144129
78 86 2.921864
78 87 2.745843
78 88 3.662418
78 89 3.662954
78 90 4.845755
78 91 2.693270
78 92 4.612257
78 93 2.749851
78 94 3.599330
78 95 4.768597
78 97 1.745014
78 98 4.199196
78 99 4.831112
78 103 4.122036
79 81 3.379147
79 82 4.793941
79 83 5.622000
79 85 2.777768
79 86 5.323747
79 87 5.270148
79 91 4.369457
80 81 3.263980
80 82 4.521533
80 83 4.734660
80 84 5.759242
80 85 3.501770
80 86 4.945669
80 87 4.176099
80 88 4.970496
80 89 5.388005
80 91 3.503026
80 93 4.758381
80 94 5.647108
80 97 3.866154
81 87 2.684944
81 88 4.106113
81 89 4.757364
81 91 2.280030
81 92 4.720131
81 93 4.313105
81 94 5.423753
81 97 3.409212
81 103 4.933657
82 87 2.432295
82 88 3.801902
82 89 4.329468
82 90 5.409042
82 91 2.552150
82 92 4.192825
82 93 4.004133
82 94 5.064633
82 95 5.573805
82 97 3.307350
82 99 4.927711
82 103 3.950921
83 87 1.335553
83 88 2.435023
83 89 2.893342
83 90 3.921399
83 91 2.028657
83 92 2.806994
83 93 2.833496
83 94 4.029727
83 95 4.441915
83 96 5.666996
83 97 2.406153
83 98 4.885437
83 99 3.770702
83 100 4.774630
83 103 2.771860
83 104 5.372525
83 105 5.766092
83 109 4.942419
84 87 2.254090
84 88 2.777373
84 89 2.743353
84 90 3.495798
84 91 3.144616
84 92 2.921145
84 93 2.746333
84 94 3.662152
84 95 3.663242
84 96 4.845073
84 97 2.694716
84 98 4.612847
84 99 2.749407
84 100 3.598477
84 101 4.768577
84 103 1.744403
84 104 4.197640
84 105 4.830693
84 109 4.121815
85 87 3.378201
85 88 4.793736
85 89 5.620884
85 91 2.776970
85 92 5.322750
85 93 5.269724
85 97 4.369166
86 87 3.263563
86 88 4.521815
86 89 4.733824
86 90 5.759323
86 91 3.501702
86 92 4.945142
86 93 4.176010
86 94 4.969699
86 95 5.387927
86 97 3.503542
86 99 4.758487
86 100 5.646370
86 103 3.867043
87 93 2.684734
87 94 4.105739
87 95 4.757573
87 97 2.279880
87 98 4.720667
87 99 4.312751
87 100 5.423236
87 103 3.407752
87 109 4.933889
88 93 2.432119
88 94 3.801727
88 95 4.329642
88 96 5.408542
88 97 2.552237
88 98 4.193531
88 99 4.003490
88 100 5.064130
88 101 5.573915
88 103 3.305096
88 105 4.927232
88 109 3.950601
89 93 1.334168
89 94 2.433937
89 95 2.893143
89 96 3.920768
89 97 2.027572
89 98 2.806972
89 99 2.832958
89 100 4.029611
89 101 4.442713
89 102 5.667500
89 103 2.403812
89 104 4.884840
89 105 3.771222
89 106 4.775315
89 109 2.773046
89 110 5.373130
89 111 5.766455
89 115 4.942669
90 93 2.254358
90 94 2.777673
90 95 2.743828
90 96 3.495780
90 97 3.145094
90 98 2.922294
90 99 2.745860
90 100 3.662173
90 101 3.663660
90 102 4.845083
90 103 2.692510
90 104 4.612786
90 105 2.749290
90 106 3.598303
90 107 4.768318
90 109 1.744803
90 110 4.197159
90 111 4.830795
90 115 4.121980
91 93 3.377806
91 94 4.793282
91 95 5.621073
91 97 2.776353
91 98 5.323029
91 99 5.269589
91 103 4.368087
92 93 3.262618
92 94 4.520812
92 95 4.733324
92 96 5.758181
92 97 3.501045
92 98 4.945215
92 99 4.174370
92 100 4.968700
92 101 5.387681
92 103 3.500131
92 105 4.757719
92 106 5.646252
92 109 3.865924
93 99 2.685482
93 100 4.105869
93 101 4.758321
93 103 2.279670
93 104 4.720531
93 105 4.313042
93 106 5.423302
93 109 3.409083
93 115 4.934512
94 99 2.432650
94 100 3.801323
94 101 4.329946
94 102 5.408549
94 103 2.552228
94 104 4.193025
94 105 4.003712
94 106 5.064027
94 107 5.573654
94 109 3.306798
94 111 4.927845
94 115 3.951283
95 99 1.335312
95 100 2.434080
95 101 2.893609
95 102 3.920903
95 103 2.028439
95 104 2.807066
95 105 2.833301
95 106 4.029592
95 107 4.442198
95 108 5.667604
95 109 2.405623
95 110 4.884038
95 111 3.771416
95 112 4.775059
95 115 2.773118
95 116 5.373757
95 117 5.766184
95 121 4.942609
96 99 2.254355
96 100 2.777287
96 101 2.743821
96 102 3.495555
96 103 3.145005
96 104 2.922354
96 105 2.746131
96 106 3.662100
96 107 3.663460
96 108 4.845575
96 109 2.694066
96 110 4.611624
96 111 2.750165
96 112 3.598780
96 113 4.768565
96 115 1.745629
96 116 4.198655
96 117 4.830990
96 121 4.122396
97 99 3.379307
97 100 4.794023
97 101 5.622363
97 103 2.777391
97 104 5.323408
97 105 5.270273
97 109 4.369670
98 99 3.263604
98 100 4.521080
98 101 4.734135
98 102 5.758475
98 103 3.501364
98 104 4.945354
98 105 4.175235
98 106 4.968875
98 107 5.387646
98 109 3.502724
98 111 4.758391
98 112 5.646108
98 115 3.866824
99 105 2.684614
99 106 4.105323
99 107 4.757483
99 109 2.279444
99 110 4.719058
99 111 4.313099
99 112 5.423407
99 115 3.408953
99 121 4.933697
100 105 2.432950
100 106 3.802281
100 107 4.330163
100 108 5.409312
100 109 2.552325
100 110 4.193157
100 111 4.004188
100 112 5.064545
100 113 5.573939
100 115 3.306638
100 117 4.927761
100 121 3.950909
101 105 1.335574
101 106 2.434776
101 107 2.893345
101 108 3.921027
101 109 2.028469
101 110 2.806553
101 111 2.833080
101 112 4.029415
101 113 4.441557
101 114 5.666835
101 115 2.404865
101 116 4.884965
101 117 3.770489
101 118 4.774773
101 121 2.772201
101 122 5.372934
101 123 5.765666
101 127 4.941883
102 105 2.254229
102 106 2.777525
102 107 2.743072
102 108 3.495149
102 109 3.144542
102 110 2.921483
102 111 2.745223
102 112 3.661558
102 113 3.662512
102 114 4.844587
102 115 2.692639
102 116 4.612092
102 117 2.748882
102 118 3.598550
102 119 4.768018
102 121 1.744036
102 122 4.197978
102 123 4.830122
102 127 4.121012
103 105 3.377763
103 106 4.792728
103 107 5.621086
103 109 2.775867
103 110 5.321377
103 111 5.270091
103 115 4.369385
104 105 3.264263
104 106 4.522425
104 107 4.735008
104 108 5.759978
104 109 3.501844
104 110 4.945719
104 111 4.176604
104 112 4.970479
104 113 5.389092
104 115 3.503318
104 117 4.759284
104 118 5.647947
104 121 3.867157
105 111 2.684818
105 112 4.105445
105 113 4.757234
105 115 2.279324
105 116 4.720174
105 117 4.312898
105 118 5.423422
105 121 3.409248
105 127 4.933861
106 111 2.432117
106 112 3.801411
106 113 4.329264
106 114 5.408731
106 115 2.551456
106 116 4.192922
106 117 4.004101
106 118 5.064519
106 119 5.573763
106 121 3.307681
106 123 4.927692
106 127 3.951318
107 111 1.334408
107 112 2.433863
107 113 2.892401
107 114 3.920556
107 115 2.027366
107 116 2.806622
107 117 2.833092
107 118 4.029125
107 119 4.441604
107 120 5.666934
107 121 2.406217
107 122 4.883892
107 123 3.770842
107 124 4.775207
107 127 2.772730
107 128 5.374035
107 129 5.766572
107 133 4.942837
108 111 2.253712
108 112 2.776968
108 113 2.742123
108 114 3.494910
108 115 3.144167
108 116 2.921429
108 117 2.745503
108 118 3.661006
108 119 3.662172
108 120 4.844180
108 121 2.694453
108 122 4.610894
108 123 2.748900
108 124 3.598341
108 125 4.767973
108 127 1.744707
108 128 4.198429
108 129 4.830683
108 133 4.121741
109 111 3.378549
109 112 4.793386
109 113 5.621062
109 115 2.776829
109 116 5.323060
109 117 5.269811
109 121 4.369481
110 111 3.262042
110 112 4.520338
110 113 4.732807
110 114 5.758374
110 115 3.499620
110 116 4.944338
110 117 4.175115
110 118 4.969374
110 119 5.387854
110 121 3.502788
110 123 4.758255
110 124 5.646745
110 127 3.866774
111 117 2.684717
111 118 4.104889
111 119 4.756921
111 121 2.280353
111 122 4.718916
111 123 4.312520
111 124 5.423392
111 127 3.408327
111 133 4.934395
112 117 2.433065
112 118 3.801547
112 119 4.329791
112 120 5.408914
112 121 2.553215
112 122 4.192284
112 123 4.004250
112 124 5.065152
112 125 5.574419
112 127 3.306652
112 129 4.928511
112 133 3.952037
113 117 1.335187
113 118 2.433634
113 119 2.892745
113 120 3.920606
113 121 2.028539
113 122 2.805717
113 123 2.832757
113 124 4.029692
113 125 4.442220
113 126 5.666827
113 127 2.404041
113 128 4.885483
113 129 3.771514
113 130 4.774593
113 133 2.773408
113 134 5.372392
113 135 5.765888
113 139 4.941603
114 117 2.254517
114 118 2.776949
114 119 2.743547
114 120 3.495598
114 121 3.145176
114 122 2.920393
114 123 2.746472
114 124 3.663127
114 125 3.664078
114 126 4.845301
114 127 2.693387
114 128 4.614080
114 129 2.750412
114 130 3.598356
114 131 4.768883
114 133 1.746013
114 134 4.197347
114 135 4.830798
114 139 4.121385
115 117 3.377901
115 118 4.792578
115 119 5.620535
115 121 2.776804
115 122 5.321542
115 123 5.269295
115 127 4.368478
116 117 3.263891
116 118 4.520946
116 119 4.733676
116 120 5.758576
116 121 3.502501
116 122 4.944136
116 123 4.175692
116 124 4.969955
116 125 5.388261
116 127 3.502567
116 129 4.758948
116 130 5.646105
116 133 3.867382
117 123 2.684896
117 124 4.106150
117 125 4.758234
117 127 2.279022
117 128 4.721136
117 129 4.313800
117 130 5.423168
117 133 3.409829
117 139 4.933520
118 123 2.431782
118 124 3.801591
118 125 4.329784
118 126 5.408183
118 127 2.550617
118 128 4.193718
118 129 4.003969
118 130 5.063607
118 131 5.573761
118 133 3.306654
118 135 4.927372
118 139 3.950659
119 123 1.334284
119 124 2.434141
119 125 2.893316
119 126 3.920423
119 127 2.026740
119 128 2.807544
119 129 2.833400
119 130 4.029107
119 131 4.442196
119 132 5.666970
119 133 2.405177
119 134 4.884055
119 135 3.770888
119 136 4.774576
119 139 2.772265
119 140 5.372493
119 141 5.766285
119 145 4.942221
120 123 2.253500
120 124 2.776790
120 125 2.742835
120 126 3.494252
120 127 3.143521
120 128 2.921973
120 129 2.745314
120 130 3.661166
120 131 3.662784
120 132 4.844348
120 133 2.692847
120 134 4.611357
120 135 2.748951
120 136 3.597767
120 137 4.768315
120 139 1.744299
120 140 4.196970
120 141 4.830300
120 145 4.120965
121 123 3.378820
121 124 4.794415
121 125 5.622369
121 127 2.776964
121 128 5.324161
121 129 5.271086
121 133 4.370485
122 123 3.262301
122 124 4.520866
122 125 4.733464
122 126 5.757674
122 127 3.499318
122 128 4.945648
122 129 4.174731
122 130 4.967987
122 131 5.387537
122 133 3.501623
122 135 4.757926
122 136 5.645833
122 139 3.866384
123 129 2.685830
123 130 4.105498
123 131 4.757872
123 133 2.280296
123 134 4.719787
123 135 4.312706
123 136 5.422839
123 139 3.407841
123 145 4.934066
124 129 2.433685
124 130 3.802148
124 131 4.330246
124 132 5.408820
124 133 2.552795
124 134 4.193394
124 135 4.003893
124 136 5.064183
124 137 5.574254
124 139 3.305696
124 141 4.927876
124 145 3.951098
125 129 1.335458
125 130 2.434345
125 131 2.893217
125 132 3.920406
125 133 2.027913
125 134 2.806729
125 135 2.832825
125 136 4.029214
125 137 4.442191
125 138 5.666853
125 139 2.403859
125 140 4.884213
125 141 3.770953
125 142 4.774387
125 145 2.772732
125 146 5.372634
125 147 5.766651
125 151 4.943715
126 129 2.253538
126 130 2.776975
126 131 2.742459
126 132 3.494310
126 133 3.143652
126 134 2.921740
126 135 2.744715
126 136 3.661194
126 137 3.662901
126 138 4.844365
126 139 2.691562
126 140 4.611280
126 141 2.749279
126 142 3.598165
126 143 4.767751
126 145 1.744781
126 146 4.197623
126 147 4.831024
126 151 4.122797
127 129 3.378839
127 130 4.792691
127 131 5.621094
127 133 2.776932
127 134 5.321895
127 135 5.269108
127 139 4.367612
128 129 3.264979
128 130 4.522391
128 131 4.734841
128 132 5.759254
128 133 3.502420
128 134 4.946212
128 135 4.175954
128 136 4.969611
128 137 5.388681
128 139 3.502289
128 141 4.758757
128 142 5.646625
128 145 3.866740
129 135 2.684039
129 136 4.104625
129 137 4.757307
129 139 2.278008
129 140 4.718826
129 141 4.312727
129 142 5.422489
129 145 3.408992
129 151 4.934751
130 135 2.432593
130 136 3.801782
130 137 4.330537
130 138 5.408891
130 139 2.551224
130 140 4.193069
130 141 4.004911
130 142 5.064591
130 143 5.574506
130 145 3.308157
130 147 4.929019
130 151 3.953199
131 135 1.334873
131 136 2.433952
131 137 2.893104
131 138 3.920107
131 139 2.027693
131 140 2.806579
131 141 2.833225
131 142 4.028753
131 143 4.441758
131 144 5.666477
131 145 2.405717
131 146 4.883924
131 147 3.771335
131 148 4.774950
131 151 2.773617
131 152 5.373428
131 153 5.766116
131 157 4.942322
132 135 2.253905
132 136 2.777290
132 137 2.743117
132 138 3.494625
132 139 3.144157
132 140 2.922091
132 141 2.745836
132 142 3.661135
132 143 3.663125
132 144 4.844398
132 145 2.694010
132 146 4.611333
132 147 2.749939
132 148 3.598824
132 149 4.767830
132 151 1.745832
132 152 4.198494
132 153 4.830991
132 157 4.122125
133 135 3.377358
133 136 4.792136
133 137 5.620850
133 139 2.774992
133 140 5.321218
133 141 5.269407
133 145 4.368936
134 135 3.263533
134 136 4.521794
134 137 4.735078
134 138 5.759337
134 139 3.500244
134 140 4.945652
134 141 4.176937
134 142 4.970210
134 143 5.389330
134 145 3.504562
134 147 4.760401
134 148 5.648045
134 151 3.869645
135 141 2.685101
135 142 4.105047
135 143 4.757537
135 145 2.279621
135 146 4.719678
135 147 4.313588
135 148 5.423670
135 151 3.409712
135 157 4.934114
136 141 2.433251
136 142 3.802044
136 143 4.330563
136 144 5.409261
136 145 2.552054
136 146 4.193754
136 147 4.005135
136 148 5.065353
136 149 5.574446
136 151 3.307455
136 153 4.928587
136 157 3.951745
137 141 1.335120
137 142 2.433883
137 143 2.892915
137 144 3.920266
137 145 2.027813
137 146 2.806656
137 147 2.833364
137 148 4.029538
137 149 4.441673
137 150 5.666770
137 151 2.404880
137 152 4.884834
137 153 3.770788
137 154 4.775147
137 157 2.772191
137 158 5.373577
138 141 2.253805
138 142 2.776945
138 143 2.742931
138 144 3.494729
138 145 3.143942
138 146 2.921880
138 147 2.745241
138 148 3.661505
138 149 3.662735
138 150 4.844351
138 151 2.691831
138 152 4.611896
138 153 2.749152
138 154 3.599015
138 155 4.768006
138 157 1.744122
138 158 4.198586
139 141 3.378339
139 142 4.792588
139 143 5.621029
139 145 2.776099
139 146 5.322230
139 147 5.270421
139 151 4.369986
140 141 3.263998
140 142 4.521677
140 143 4.735101
140 144 5.759519
140 145 3.501170
140 146 4.945859
140 147 4.176900
140 148 4.970870
140 149 5.389118
140 151 3.503214
140 153 4.759810
140 154 5.648569
140 157 3.867960
141 147 2.685697
141 148 4.105950
141 149 4.757594
141 151 2.280538
141 152 4.720463
141 153 4.313183
141 154 5.423625
141 157 3.408781
142 147 2.432897
142 148 3.801882
142 149 4.330012
142 150 5.408900
142 151 2.552070
142 152 4.193310
142 153 4.004441
142 154 5.064852
142 155 5.574126
142 157 3.306789
143 147 1.335650
143 148 2.435118
143 149 2.893926
143 150 3.921431
143 151 2.027755
143 152 2.807600
143 153 2.834105
143 154 4.030023
143 155 4.442286
143 156 5.670569
143 157 2.405862
143 158 4.885156
144 147 2.253340
144 148 2.776934
144 149 2.743269
144 150 3.494980
144 151 3.143252
144 152 2.921377
144 153 2.745868
144 154 3.661667
144 155 3.663124
144 156 4.860661
144 157 2.693319
144 158 4.611699
145 147 3.379619
145 148 4.794136
145 149 5.621471
145 151 2.778550
145 152 5.323660
145 153 5.270159
145 157 4.369081
146 147 3.263142
146 148 4.521081
146 149 4.734072
146 150 5.758518
146 151 3.500575
146 152 4.944851
146 153 4.175794
146 154 4.969954
146 155 5.388336
146 157 3.502364
147 153 2.684809
147 154 4.105110
147 155 4.756769
147 157 2.279870
147 158 4.719475
148 153 2.433320
148 154 3.801949
148 155 4.329762
148 156 5.402033
148 157 2.553152
148 158 4.193210
149 153 1.335988
149 154 2.434868
149 155 2.893798
149 156 3.910551
149 157 2.028902
149 158 2.807045
150 153 2.253994
150 154 2.776419
150 155 2.742482
150 156 3.492299
150 157 3.144808
150 158 2.920553
151 153 3.377026
151 154 4.791825
151 155 5.619457
151 157 2.775559
151 158 5.321116
152 153 3.264179
152 154 4.521438
152 155 4.733931
152 156 5.764305
152 157 3.502223
152 158 4.945180

RESIDUES
ALA 1
 0.0 8.000000
 0.1 8.000000
 0.2 8.000000
 0.3 8.000000
 0.4 8.000000
 0.5 8.000000
 0.6 8.000000
 0.7 8.000000
 0.8 8.000000
 0.9 8.000000
 1.0 8.000000
 1.1 8.000000
 1.2 8.000000
 1.3 7.666667
 1.4 7.666667
 1.5 7.666667
 1.6 7.666667
 1.7 7.166667
 1.8 7.166667
 1.9 7.166667
 2.0 6.500000
 2.1 5.750000
 2.2 5.750000
 2.3 4.857143
 2.4 3.999714
 2.5 2.833000
 2.6 2.444333
 2.7 1.796750
 2.8 1.857000
 2.9 2.333667
 3.0 2.333667
 3.1 1.861333
 3.2 1.861333
 3.3 1.620778
 3.4 1.738714
 3.5 1.698273
 3.6 1.390000
 3.7 1.278167
 3.8 1.070000
 3.9 0.989750
 4.0 0.783800
 4.1 0.325857
 4.2 0.695091
 4.3 0.460200
 4.4 0.273500
 4.5 -0.211500
 4.6 -0.232800
 4.7 -0.928500
 4.8 -1.071050
 4.9 1.256786
 5.0 3.051500
 5.1 3.203600
 5.2 3.203600
 5.3 2.766286
 5.4 2.490071
 5.5 0.250000
 5.6 -2.180923
 5.7 -4.065667

ALA 2
 0.0 6.000000
 0.1 6.000000
 0.2 6.000000
 0.3 6.000000
 0.4 6.000000
 0.5 6.000000
 0.6 6.000000
 0.7 6.000000
 0.8 6.000000
 0.9 6.000000
 1.0 6.000000
 1.1 6.000000
 1.2 6.000000
 1.3 5.333333
 1.4 5.333333
 1.5 5.333333
 1.6 5.333333
 1.7 4.500000
 1.8 4.500000
 1.9 4.500000
 2.0 3.500000
 2.1 2.750000
 2.2 2.750000
 2.3 1.285714
 2.4 -0.000571
 2.5 -1.834000
 2.6 -2.167000
 2.7 -2.593937
 2.8 -2.339857
 2.9 -1.665667
 3.0 -1.665667
 3.1 -2.666000
 3.2 -2.666000
 3.3 -2.759222
 3.4 -2.285000
 3.5 -2.059909
 3.6 -2.110000
 3.7 -2.125167
 3.8 -2.722333
 3.9 -3.062625
 4.0 -3.050300
 4.1 -3.488143
 4.2 -2.079727
 4.3 -2.166400
 4.4 -2.572167
 4.5 -3.337250
 4.6 -3.583400
 4.7 -4.410375
 4.8 -4.830650
 4.9 0.866929
 5.0 5.432500
 5.1 5.700000
 5.2 5.700000
 5.3 5.155143
 5.4 4.915143
 5.5 2.000000
 5.6 -1.762923
 5.7 -5.972333

ALA 3
 0.0 6.000000
 0.1 6.000000
 0.2 6.000000
 0.3 6.000000
 0.4 6.000000
 0.5 6.000000
 0.6 6.000000
 0.7 6.000000
 0.8 6.000000
 0.9 6.000000
 1.0 6.000000
 1.1 6.000000
 1.2 6.000000
 1.3 5.500000
 1.4 5.500000
 1.5 5.500000
 1.6 5.500000
 1.7 4.833333
 1.8 4.833333
 1.9 4.833333
 2.0 3.666667
 2.1 3.500000
 2.2 3.500000
 2.3 2.285714
 2.4 0.856286
 2.5 -0.501000
 2.6 -0.556333
 2.7 -1.140813
 2.8 0.636714
 2.9 2.028000
 3.0 2.028000
 3.1 1.138667
 3.2 1.138667
 3.3 1.990889
 3.4 2.155714
 3.5 1.621909
 3.6 1.223333
 3.7 0.681000
 3.8 1.153000
 3.9 1.197750
 4.0 0.107900
 4.1 -1.292714
 4.2 0.654545
 4.3 0.359600
 4.4 -0.855333
 4.5 -2.050000
 4.6 -1.920600
 4.7 -3.190000
 4.8 -3.699100
 4.9 3.005929
 5.0 8.996250
 5.1 9.263400
 5.2 9.263400
 5.3 8.114286
 5.4 7.417929
 5.5 3.000000
 5.6 -1.869308
 5.7 -8.121833

ALA 4
 0.0 6.000000
 0.1 6.000000
 0.2 6.000000
 0.3 6.000000
 0.4 6.000000
 0.5 6.000000
 0.6 6.000000
 0.7 6.000000
 0.8 6.000000
 0.9 6.000000
 1.0 6.000000
 1.1 6.000000
 1.2 6.000000
 1.3 5.500000
 1.4 5.500000
 1.5 5.500000
 1.6 5.500000
 1.7 4.333333
 1.8 4.333333
 1.9 4.333333
 2.0 3.333333
 2.1 3.000000
 2.2 3.000000
 2.3 1.785714
 2.4 0.237286
 2.5 -1.001000
 2.6 -0.944667
 2.7 -1.317687
 2.8 0.267500
 2.9 1.778000
 3.0 1.778000
 3.1 1.055667
 3.2 1.055667
 3.3 1.611222
 3.4 1.536714
 3.5 0.379364
 3.6 -0.832333
 3.7 -1.680333
 3.8 -2.041500
 3.9 -2.197750
 4.0 -4.108700
 4.1 -7.514143
 4.2 -5.492182
 4.3 -7.463200
 4.4 -8.544500
 4.5 -10.825000
 4.6 -11.684000
 4.7 -13.340375
 4.8 -15.952350
 4.9 -6.403714
 5.0 3.162250
 5.1 1.260200
 5.2 1.260200
 5.3 -0.909571
 5.4 -3.828500
 5.5 -8.916000
 5.6 -14.848000
 5.7 -23.674333

ALA 5
 0.0 6.000000
 0.1 6.000000
 0.2 6.000000
 0.3 6.000000
 0.4 6.000000
 0.5 6.000000
 0.6 6.000000
 0.7 6.000000
 0.8 6.000000
 0.9 6.000000
 1.0 6.000000
 1.1 6.000000
 1.2 6.000000
 1.3 5.333333
 1.4 5.333333
 1.5 5.333333
 1.6 5.333333
 1.7 4.166667
 1.8 4.166667
 1.9 4.166667
 2.0 3.166667
 2.1 3.000000
 2.2 3.000000
 2.3 1.857143
 2.4 0.142000
 2.5 -1.001000
 2.6 -0.945000
 2.7 -1.390750
 2.8 0.220000
 2.9 1.750167
 3.0 1.750167
 3.1 1.055667
 3.2 1.055667
 3.3 1.759444
 3.4 1.500857
 3.5 0.485545
 3.6 -0.999000
 3.7 -1.652667
 3.8 -1.999667
 3.9 -2.270750
 4.0 -4.141900
 4.1 -7.416571
 4.2 -4.862273
 4.3 -6.887200
 4.4 -7.649667
 4.5 -9.687750
 4.6 -10.051000
 4.7 -10.288250
 4.8 -11.704200
 4.9 2.296357
 5.0 15.987500
 5.1 15.906800
 5.2 15.906800
 5.3 15.997714
 5.4 15.917857
 5.5 16.000000
 5.6 13.699692
 5.7 7.036000

ALA 6
 0.0 6.000000
 0.1 6.000000
 0.2 6.000000
 0.3 6.000000
 0.4 6.000000
 0.5 6.000000
 0.6 6.000000
 0.7 6.000000
 0.8 6.000000
 0.9 6.000000
 1.0 6.000000
 1.1 6.000000
 1.2 6.000000
 1.3 5.166667
 1.4 5.166667
 1.5 5.166667
 1.6 5.166667
 1.7 4.500000
 1.8 4.500000
 1.9 4.500000
 2.0 3.000000
 2.1 3.000000
 2.2 3.000000
 2.3 1.714286
 2.4 0.380143
 2.5 -1.001000
 2.6 -1.000333
 2.7 -1.307188
 2.8 0.154357
 2.9 1.750167
 3.0 1.750167
 3.1 0.889000
 3.2 0.889000
 3.3 1.574111
 3.4 1.501000
 3.5 0.394545
 3.6 -0.665667
 3.7 -1.624667
 3.8 -1.985667
 3.9 -2.270750
 4.0 -4.117000
 4.1 -7.606857
 4.2 -4.885091
 4.3 -6.933600
 4.4 -7.710833
 4.5 -9.792000
 4.6 -10.017600
 4.7 -10.296625
 4.8 -11.775000
 4.9 2.316714
 5.0 15.778750
 5.1 15.956800
 5.2 15.956800
 5.3 15.980857
 5.4 15.928643
 5.5 16.000000
 5.6 13.607692
 5.7 6.869500

ALA 7
 0.0 6.000000
 0.1 6.000000
 0.2 6.000000
 0.3 6.000000
 0.4 6.000000
 0.5 6.000000
 0.6 6.000000
 0.7 6.000000
 0.8 6.000000
 0.9 6.000000
 1.0 6.000000
 1.1 6.000000
 1.2 6.000000
 1.3 5.166667
 1.4 5.166667
 1.5 5.166667
 1.6 5.166667
 1.7 4.500000
 1.8 4.500000
 1.9 4.500000
 2.0 3.166667
 2.1 3.000000
 2.2 3.000000
 2.3 1.642857
 2.4 0.237286
 2.5 -1.001000
 2.6 -1.111667
 2.7 -1.359437
 2.8 0.190214
 2.9 1.750167
 3.0 1.750167
 3.1 1.000000
 3.2 1.000000
 3.3 1.592778
 3.4 1.453286
 3.5 0.333727
 3.6 -0.832333
 3.7 -1.611000
 3.8 -1.971833
 3.9 -2.239500
 4.0 -4.200100
 4.1 -7.656857
 4.2 -4.877455
 4.3 -6.993400
 4.4 -7.599833
 4.5 -9.796250
 4.6 -10.000800
 4.7 -10.259125
 4.8 -11.894950
 4.9 2.191786
 5.0 15.924250
 5.1 15.996800
 5.2 15.996800
 5.3 16.004857
 5.4 16.022643
 5.5 16.000000
 5.6 13.844846
 5.7 7.022167

ALA 8
 0.0 6.000000
 0.1 6.000000
 0.2 6.000000
 0.3 6.000000
 0.4 6.000000
 0.5 6.000000
 0.6 6.000000
 0.7 6.000000
 0.8 6.000000
 0.9 6.000000
 1.0 6.000000
 1.1 6.000000
 1.2 6.000000
 1.3 5.333333
 1.4 5.333333
 1.5 5.333333
 1.6 5.333333
 1.7 4.500000
 1.8 4.500000
 1.9 4.500000
 2.0 3.333333
 2.1 3.000000
 2.2 3.000000
 2.3 1.857143
 2.4 0.261143
 2.5 -1.001000
 2.6 -0.833333
 2.7 -1.333438
 2.8 0.267571
 2.9 1.833500
 3.0 1.833500
 3.1 1.000000
 3.2 1.000000
 3.3 1.574222
 3.4 1.548571
 3.5 0.394545
 3.6 -0.832333
 3.7 -1.527667
 3.8 -1.999667
 3.9 -2.322750
 4.0 -4.050200
 4.1 -7.754571
 4.2 -4.839545
 4.3 -6.996600
 4.4 -7.488833
 4.5 -9.812750
 4.6 -9.910800
 4.7 -10.288375
 4.8 -11.900150
 4.9 2.089071
 5.0 16.016500
 5.1 16.053400
 5.2 16.053400
 5.3 16.126143
 5.4 16.034500
 5.5 16.000000
 5.6 14.153846
 5.7 7.050000

ALA 9
 0.0 6.000000
 0.1 6.000000
 0.2 6.000000
 0.3 6.000000
 0.4 6.000000
 0.5 6.000000
 0.6 6.000000
 0.7 6.000000
 0.8 6.000000
 0.9 6.000000
 1.0 6.000000
 1.1 6.000000
 1.2 6.000000
 1.3 5.333333
 1.4 5.333333
 1.5 5.333333
 1.6 5.333333
 1.7 4.333333
 1.8 4.333333
 1.9 4.333333
 2.0 3.333333
 2.1 3.000000
 2.2 3.000000
 2.3 1.857143
 2.4 0.308714
 2.5 -1.001000
 2.6 -0.889333
 2.7 -1.270750
 2.8 0.190143
 2.9 1.722500
 3.0 1.722500
 3.1 0.944333
 3.2 0.944333
 3.3 1.666778
 3.4 1.596286
 3.5 0.394455
 3.6 -0.665667
 3.7 -1.666500
 3.8 -2.027500
 3.9 -2.333375
 4.0 -4.116700
 4.1 -7.681000
 4.2 -4.880364
 4.3 -7.016600
 4.4 -7.444333
 4.5 -9.708500
 4.6 -9.984200
 4.7 -10.152750
 4.8 -11.924250
 4.9 2.282000
 5.0 16.287250
 5.1 16.136600
 5.2 16.136600
 5.3 16.107286
 5.4 16.051143
 5.5 16.000000
 5.6 14.443154
 5.7 7.044333

ALA 10
 0.0 6.000000
 0.1 6.000000
 0.2 6.000000
 0.3 6.000000
 0.4 6.000000
 0.5 6.000000
 0.6 6.000000
 0.7 6.000000
 0.8 6.000000
 0.9 6.000000
 1.0 6.000000
 1.1 6.000000
 1.2 6.000000
 1.3 5.166667
 1.4 5.166667
 1.5 5.166667
 1.6 5.166667
 1.7 4.500000
 1.8 4.500000
 1.9 4.500000
 2.0 3.166667
 2.1 3.000000
 2.2 3.000000
 2.3 1.714286
 2.4 0.213429
 2.5 -1.001000
 2.6 -1.222667
 2.7 -1.333438
 2.8 0.315143
 2.9 1.778000
 3.0 1.778000
 3.1 0.889000
 3.2 0.889000
 3.3 1.648444
 3.4 1.608143
 3.5 0.409636
 3.6 -0.665667
 3.7 -1.680333
 3.8 -1.999667
 3.9 -2.302125
 4.0 -4.075400
 4.1 -7.428286
 4.2 -4.865182
 4.3 -7.019600
 4.4 -7.555333
 4.5 -9.704250
 4.6 -9.947400
 4.7 -10.240500
 4.8 -11.760800
 4.9 2.251071
 5.0 16.004250
 5.1 15.960000
 5.2 15.960000
 5.3 15.926143
 5.4 16.003643
 5.5 16.000000
 5.6 14.154923
 5.7 7.086167

ALA 11
 0.0 6.000000
 0.1 6.000000
 0.2 6.000000
 0.3 6.000000
 0.4 6.000000
 0.5 6.000000
 0.6 6.000000
 0.7 6.000000
 0.8 6.000000
 0.9 6.000000
 1.0 6.000000
 1.1 6.000000
 1.2 6.000000
 1.3 5.166667
 1.4 5.166667
 1.5 5.166667
 1.6 5.166667
 1.7 4.500000
 1.8 4.500000
 1.9 4.500000
 2.0 3.166667
 2.1 3.000000
 2.2 3.000000
 2.3 1.785714
 2.4 0.213429
 2.5 -1.001000
 2.6 -1.000000
 2.7 -1.312562
 2.8 0.297357
 2.9 1.833500
 3.0 1.833500
 3.1 1.111333
 3.2 1.111333
 3.3 1.648333
 3.4 1.596286
 3.5 0.409727
 3.6 -0.832333
 3.7 -1.680167
 3.8 -1.999667
 3.9 -2.281375
 4.0 -4.183700
 4.1 -7.499857
 4.2 -4.850182
 4.3 -6.990000
 4.4 -7.788500
 4.5 -9.641750
 4.6 -9.964400
 4.7 -10.288250
 4.8 -11.833300
 4.9 2.266500
 5.0 15.878750
 5.1 15.986800
 5.2 15.986800
 5.3 15.895429
 5.4 15.958286
 5.5 16.000000
 5.6 13.667692
 5.7 6.891667

ALA 12
 0.0 6.000000
 0.1 6.000000
 0.2 6.000000
 0.3 6.000000
 0.4 6.000000
 0.5 6.000000
 0.6 6.000000
 0.7 6.000000
 0.8 6.000000
 0.9 6.000000
 1.0 6.000000
 1.1 6.000000
 1.2 6.000000
 1.3 5.333333
 1.4 5.333333
 1.5 5.333333
 1.6 5.333333
 1.7 4.333333
 1.8 4.333333
 1.9 4.333333
 2.0 3.333333
 2.1 3.000000
 2.2 3.000000
 2.3 1.785714
 2.4 0.284857
 2.5 -1.001000
 2.6 -1.056333
 2.7 -1.323000
 2.8 0.339071
 2.9 1.833500
 3.0 1.833500
 3.1 1.222667
 3.2 1.222667
 3.3 1.574333
 3.4 1.512857
 3.5 0.333818
 3.6 -0.665667
 3.7 -1.499667
 3.8 -1.999667
 3.9 -2.229125
 4.0 -4.216900
 4.1 -7.295286
 4.2 -4.865182
 4.3 -6.993400
 4.4 -7.577833
 4.5 -9.700000
 4.6 -9.934200
 4.7 -10.292375
 4.8 -11.567500
 4.9 2.422571
 5.0 15.878750
 5.1 15.920000
 5.2 15.920000
 5.3 15.923857
 5.4 16.018929
 5.5 16.000000
 5.6 13.488154
 5.7 7.036000

ALA 13
 0.0 6.000000
 0.1 6.000000
 0.2 6.000000
 0.3 6.000000
 0.4 6.000000
 0.5 6.000000
 0.6 6.000000
 0.7 6.000000
 0.8 6.000000
 0.9 6.000000
 1.0 6.000000
 1.1 6.000000
 1.2 6.000000
 1.3 5.500000
 1.4 5.500000
 1.5 5.500000
 1.6 5.500000
 1.7 4.333333
 1.8 4.333333
 1.9 4.333333
 2.0 3.500000
 2.1 3.000000
 2.2 3.000000
 2.3 1.785714
 2.4 0.356286
 2.5 -1.001000
 2.6 -0.944667
 2.7 -1.343750
 2.8 0.339000
 2.9 1.861167
 3.0 1.861167
 3.1 0.944333
 3.2 0.944333
 3.3 1.574333
 3.4 1.536714
 3.5 0.394455
 3.6 -0.665667
 3.7 -1.583000
 3.8 -1.999667
 3.9 -2.260375
 4.0 -4.283500
 4.1 -7.149857
 4.2 -4.812273
 4.3 -6.993400
 4.4 -7.522167
 4.5 -9.658250
 4.6 -10.017400
 4.7 -10.292625
 4.8 -11.495800
 4.9 2.351000
 5.0 16.066500
 5.1 16.036800
 5.2 16.036800
 5.3 15.973857
 5.4 16.072571
 5.5 16.000000
 5.6 13.538385
 5.7 6.869500

ALA 14
 0.0 6.000000
 0.1 6.000000
 0.2 6.000000
 0.3 6.000000
 0.4 6.000000
 0.5 6.000000
 0.6 6.000000
 0.7 6.000000
 0.8 6.000000
 0.9 6.000000
 1.0 6.000000
 1.1 6.000000
 1.2 6.000000
 1.3 5.666667
 1.4 5.666667
 1.5 5.666667
 1.6 5.666667
 1.7 4.166667
 1.8 4.166667
 1.9 4.166667
 2.0 3.666667
 2.1 3.000000
 2.2 3.000000
 2.3 1.857143
 2.4 0.380143
 2.5 -1.001000
 2.6 -0.945000
 2.7 -1.281188
 2.8 0.225929
 2.9 1.694667
 3.0 1.694667
 3.1 0.944667
 3.2 0.944667
 3.3 1.555778
 3.4 1.477286
 3.5 0.364273
 3.6 -0.999000
 3.7 -1.555500
 3.8 -1.985667
 3.9 -2.250000
 4.0 -4.208600
 4.1 -7.295143
 4.2 -4.915091
 4.3 -7.006800
 4.4 -7.638833
 4.5 -9.658250
 4.6 -9.964200
 4.7 -10.234125
 4.8 -11.668350
 4.9 2.474857
 5.0 16.170750
 5.1 16.003200
 5.2 16.003200
 5.3 16.004714
 5.4 16.007071
 5.5 16.000000
 5.6 13.612538
 5.7 7.000000

ALA 15
 0.0 6.000000
 0.1 6.000000
 0.2 6.000000
 0.3 6.000000
 0.4 6.000000
 0.5 6.000000
 0.6 6.000000
 0.7 6.000000
 0.8 6.000000
 0.9 6.000000
 1.0 6.000000
 1.1 6.000000
 1.2 6.000000
 1.3 5.333333
 1.4 5.333333
 1.5 5.333333
 1.6 5.333333
 1.7 4.333333
 1.8 4.333333
 1.9 4.333333
 2.0 3.500000
 2.1 3.000000
 2.2 3.000000
 2.3 1.857143
 2.4 0.142000
 2.5 -1.001000
 2.6 -1.000333
 2.7 -1.385563
 2.8 0.321214
 2.9 1.750333
 3.0 1.750333
 3.1 1.111333
 3.2 1.111333
 3.3 1.537444
 3.4 1.489000
 3.5 0.409727
 3.6 -0.832333
 3.7 -1.610833
 3.8 -2.027333
 3.9 -2.250000
 4.0 -4.208500
 4.1 -7.295000
 4.2 -4.892545
 4.3 -7.003200
 4.4 -7.527667
 4.5 -9.595750
 4.6 -10.021000
 4.7 -10.207000
 4.8 -11.655000
 4.9 2.642643
 5.0 16.004250
 5.1 16.096600
 5.2 16.096600
 5.3 16.042714
 5.4 15.989214
 5.5 16.000000
 5.6 13.599846
 5.7 7.022167

ALA 16
 0.0 6.000000
 0.1 6.000000
 0.2 6.000000
 0.3 6.000000
 0.4 6.000000
 0.5 6.000000
 0.6 6.000000
 0.7 6.000000
 0.8 6.000000
 0.9 6.000000
 1.0 6.000000
 1.1 6.000000
 1.2 6.000000
 1.3 5.166667
 1.4 5.166667
 1.5 5.166667
 1.6 5.166667
 1.7 4.500000
 1.8 4.500000
 1.9 4.500000
 2.0 3.333333
 2.1 3.000000
 2.2 3.000000
 2.3 1.857143
 2.4 0.308714
 2.5 -1.001000
 2.6 -1.000333
 2.7 -1.281188
 2.8 0.261571
 2.9 1.861333
 3.0 1.861333
 3.1 1.000000
 3.2 1.000000
 3.3 1.500111
 3.4 1.477143
 3.5 0.334000
 3.6 -0.665667
 3.7 -1.569167
 3.8 -1.985667
 3.9 -2.250000
 4.0 -4.192100
 4.1 -7.402000
 4.2 -4.835091
 4.3 -6.986800
 4.4 -7.749833
 4.5 -9.591500
 4.6 -10.020800
 4.7 -10.284000
 4.8 -11.884150
 4.9 2.530786
 5.0 15.878750
 5.1 15.903600
 5.2 15.903600
 5.3 15.990286
 5.4 15.903714
 5.5 16.000000
 5.6 13.376692
 5.7 7.072167

ALA 17
 0.0 6.000000
 0.1 6.000000
 0.2 6.000000
 0.3 6.000000
 0.4 6.000000
 0.5 6.000000
 0.6 6.000000
 0.7 6.000000
 0.8 6.000000
 0.9 6.000000
 1.0 6.000000
 1.1 6.000000
 1.2 6.000000
 1.3 5.500000
 1.4 5.500000
 1.5 5.500000
 1.6 5.500000
 1.7 4.000000
 1.8 4.000000
 1.9 4.000000
 2.0 3.333333
 2.1 3.000000
 2.2 3.000000
 2.3 1.785714
 2.4 0.284857
 2.5 -1.001000
 2.6 -0.889000
 2.7 -1.349000
 2.8 0.172429
 2.9 1.750167
 3.0 1.750167
 3.1 1.000000
 3.2 1.000000
 3.3 1.703667
 3.4 1.453286
 3.5 0.455091
 3.6 -0.832333
 3.7 -1.597167
 3.8 -2.027333
 3.9 -2.239500
 4.0 -4.192000
 4.1 -7.425857
 4.2 -4.884909
 4.3 -7.006600
 4.4 -7.510833
 4.5 -9.746000
 4.6 -9.987600
 4.7 -10.315250
 4.8 -11.922400
 4.9 2.528500
 5.0 15.933250
 5.1 15.903600
 5.2 15.903600
 5.3 16.150000
 5.4 15.945286
 5.5 16.000000
 5.6 13.517846
 5.7 7.072167

ALA 18
 0.0 6.000000
 0.1 6.000000
 0.2 6.000000
 0.3 6.000000
 0.4 6.000000
 0.5 6.000000
 0.6 6.000000
 0.7 6.000000
 0.8 6.000000
 0.9 6.000000
 1.0 6.000000
 1.1 6.000000
 1.2 6.000000
 1.3 5.333333
 1.4 5.333333
 1.5 5.333333
 1.6 5.333333
 1.7 4.333333
 1.8 4.333333
 1.9 4.333333
 2.0 3.166667
 2.1 3.000000
 2.2 3.000000
 2.3 1.714286
 2.4 0.332571
 2.5 -1.001000
 2.6 -1.167333
 2.7 -1.317687
 2.8 0.291357
 2.9 1.639167
 3.0 1.639167
 3.1 0.944333
 3.2 0.944333
 3.3 1.611333
 3.4 1.477286
 3.5 0.303364
 3.6 -0.999000
 3.7 -1.624667
 3.8 -2.013500
 3.9 -2.260375
 4.0 -4.267000
 4.1 -7.318714
 4.2 -4.801727
 4.3 -7.003400
 4.4 -7.600000
 4.5 -9.750250
 4.6 -10.097400
 4.7 -10.294375
 4.8 -11.731600
 4.9 2.185714
 5.0 16.016500
 5.1 16.053400
 5.2 16.053400
 5.3 15.788000
 5.4 16.016643
 5.5 16.000000
 5.6 13.766692
 5.7 7.058167

ALA 19
 0.0 6.000000
 0.1 6.000000
 0.2 6.000000
 0.3 6.000000
 0.4 6.000000
 0.5 6.000000
 0.6 6.000000
 0.7 6.000000
 0.8 6.000000
 0.9 6.000000
 1.0 6.000000
 1.1 6.000000
 1.2 6.000000
 1.3 5.166667
 1.4 5.166667
 1.5 5.166667
 1.6 5.166667
 1.7 4.666667
 1.8 4.666667
 1.9 4.666667
 2.0 3.333333
 2.1 3.000000
 2.2 3.000000
 2.3 1.857143
 2.4 0.142000
 2.5 -1.001000
 2.6 -0.888667
 2.7 -1.317875
 2.8 0.202143
 2.9 1.611333
 3.0 1.611333
 3.1 0.944667
 3.2 0.944667
 3.3 1.777889
 3.4 1.489000
 3.5 0.485636
 3.6 -0.832333
 3.7 -1.735833
 3.8 -1.971833
 3.9 -2.249875
 4.0 -4.267000
 4.1 -7.269000
 4.2 -4.888091
 4.3 -6.836400
 4.4 -7.594167
 4.5 -9.687750
 4.6 -10.107200
 4.7 -10.196750
 4.8 -11.719950
 4.9 2.121214
 5.0 16.154250
 5.1 16.136600
 5.2 16.136600
 5.3 16.162000
 5.4 16.048857
 5.5 16.000000
 5.6 13.851000
 5.7 6.905500

ALA 20
 0.0 6.000000
 0.1 6.000000
 0.2 6.000000
 0.3 6.000000
 0.4 6.000000
 0.5 6.000000
 0.6 6.000000
 0.7 6.000000
 0.8 6.000000
 0.9 6.000000
 1.0 6.000000
 1.1 6.000000
 1.2 6.000000
 1.3 5.166667
 1.4 5.166667
 1.5 5.166667
 1.6 5.166667
 1.7 4.000000
 1.8 4.000000
 1.9 4.000000
 2.0 3.333333
 2.1 3.000000
 2.2 3.000000
 2.3 1.857143
 2.4 0.284857
 2.5 -1.001000
 2.6 -1.112000
 2.7 -1.270812
 2.8 0.273571
 2.9 1.694500
 3.0 1.694500
 3.1 1.055667
 3.2 1.055667
 3.3 1.500333
 3.4 1.417429
 3.5 0.257909
 3.6 -0.832333
 3.7 -1.374833
 3.8 -1.957833
 3.9 -2.281125
 4.0 -4.316800
 4.1 -7.087714
 4.2 -4.830455
 4.3 -6.920200
 4.4 -7.705333
 4.5 -9.808500
 4.6 -9.937200
 4.7 -10.298625
 4.8 -11.705850
 4.9 2.590500
 5.0 15.850000
 5.1 16.003200
 5.2 16.003200
 5.3 16.111714
 5.4 15.916714
 5.5 16.000000
 5.6 13.722846
 5.7 6.869500

ALA 21
 0.0 6.000000
 0.1 6.000000
 0.2 6.000000
 0.3 6.000000
 0.4 6.000000
 0.5 6.000000
 0.6 6.000000
 0.7 6.000000
 0.8 6.000000
 0.9 6.000000
 1.0 6.000000
 1.1 6.000000
 1.2 6.000000
 1.3 5.166667
 1.4 5.166667
 1.5 5.166667
 1.6 5.166667
 1.7 4.333333
 1.8 4.333333
 1.9 4.333333
 2.0 3.166667
 2.1 3.000000
 2.2 3.000000
 2.3 1.785714
 2.4 0.237143
 2.5 -1.001000
 2.6 -0.888667
 2.7 -1.260500
 2.8 0.362786
 2.9 1.805667
 3.0 1.805667
 3.1 0.889000
 3.2 0.889000
 3.3 1.592889
 3.4 1.560429
 3.5 0.455182
 3.6 -0.999000
 3.7 -1.708333
 3.8 -2.027500
 3.9 -2.281125
 4.0 -4.275300
 4.1 -7.185571
 4.2 -4.785091
 4.3 -6.900600
 4.4 -7.721833
 4.5 -9.662500
 4.6 -10.037800
 4.7 -10.246500
 4.8 -11.549250
 4.9 2.123714
 5.0 15.974250
 5.1 15.903600
 5.2 15.903600
 5.3 15.964286
 5.4 15.922786
 5.5 16.000000
 5.6 13.472923
 5.7 7.000000

ALA 22
 0.0 6.000000
 0.1 6.000000
 0.2 6.000000
 0.3 6.000000
 0.4 6.000000
 0.5 6.000000
 0.6 6.000000
 0.7 6.000000
 0.8 6.000000
 0.9 6.000000
 1.0 6.000000
 1.1 6.000000
 1.2 6.000000
 1.3 5.333333
 1.4 5.333333
 1.5 5.333333
 1.6 5.333333
 1.7 4.666667
 1.8 4.666667
 1.9 4.666667
 2.0 3.333333
 2.1 3.000000
 2.2 3.000000
 2.3 1.714286
 2.4 0.427714
 2.5 -1.001000
 2.6 -1.000667
 2.7 -1.229187
 2.8 0.303357
 2.9 1.833500
 3.0 1.833500
 3.1 1.000000
 3.2 1.000000
 3.3 1.518556
 3.4 1.572429
 3.5 0.333636
 3.6 -0.832333
 3.7 -1.569500
 3.8 -1.999667
 3.9 -2.301875
 4.0 -4.217000
 4.1 -7.414000
 4.2 -4.798545
 4.3 -6.760000
 4.4 -7.683000
 4.5 -9.612250
 4.6 -9.997000
 4.7 -10.246625
 4.8 -11.644900
 4.9 2.119071
 5.0 15.845500
 5.1 15.903600
 5.2 15.903600
 5.3 15.916857
 5.4 15.939214
 5.5 16.000000
 5.6 13.742308
 5.7 6.977833

ALA 23
 0.0 6.000000
 0.1 6.000000
 0.2 6.000000
 0.3 6.000000
 0.4 6.000000
 0.5 6.000000
 0.6 6.000000
 0.7 6.000000
 0.8 6.000000
 0.9 6.000000
 1.0 6.000000
 1.1 6.000000
 1.2 6.000000
 1.3 5.333333
 1.4 5.333333
 1.5 5.333333
 1.6 5.333333
 1.7 4.000000
 1.8 4.000000
 1.9 4.000000
 2.0 3.333333
 2.1 3.000000
 2.2 3.000000
 2.3 1.714286
 2.4 0.213429
 2.5 -1.001000
 2.6 -1.055667
 2.7 -1.328250
 2.8 0.279500
 2.9 1.833500
 3.0 1.833500
 3.1 1.000000
 3.2 1.000000
 3.3 1.648222
 3.4 1.500714
 3.5 0.333727
 3.6 -0.832333
 3.7 -1.750000
 3.8 -1.999667
 3.9 -2.395625
 4.0 -4.266600
 4.1 -7.621429
 4.2 -5.380364
 4.3 -7.453200
 4.4 -8.644167
 4.5 -10.712250
 4.6 -11.907200
 4.7 -11.927625
 4.8 -14.430100
 4.9 -4.831143
 5.0 5.024500
 5.1 2.949800
 5.2 2.949800
 5.3 0.599714
 5.4 -1.176071
 5.5 -3.501000
 5.6 -7.303769
 5.7 -15.802500

ALA 24
 0.0 6.000000
 0.1 6.000000
 0.2 6.000000
 0.3 6.000000
 0.4 6.000000
 0.5 6.000000
 0.6 6.000000
 0.7 6.000000
 0.8 6.000000
 0.9 6.000000
 1.0 6.000000
 1.1 6.000000
 1.2 6.000000
 1.3 5.500000
 1.4 5.500000
 1.5 5.500000
 1.6 5.500000
 1.7 4.666667
 1.8 4.666667
 1.9 4.666667
 2.0 3.833333
 2.1 3.500000
 2.2 3.500000
 2.3 2.357143
 2.4 0.904000
 2.5 -0.501000
 2.6 -0.611667
 2.7 -0.848937
 2.8 0.672500
 2.9 1.777500
 3.0 1.777500
 3.1 1.027333
 3.2 1.027333
 3.3 1.750556
 3.4 2.048143
 3.5 1.318545
 3.6 0.834000
 3.7 0.306167
 3.8 0.139667
 3.9 0.021250
 4.0 -1.049700
 4.1 -3.128143
 4.2 -1.442727
 4.3 -2.446200
 4.4 -2.972167
 4.5 -3.791750
 4.6 -4.246800
 4.7 -4.162875
 4.8 -5.970500
 4.9 -1.167786
 5.0 7.095750
 5.1 6.503200
 5.2 6.503200
 5.3 5.416571
 5.4 4.312929
 5.5 3.666000
 5.6 2.437308
 5.7 -4.652667

ALA 25
 0.0 6.000000
 0.1 6.000000
 0.2 6.000000
 0.3 6.000000
 0.4 6.000000
 0.5 6.000000
 0.6 6.000000
 0.7 6.000000
 0.8 6.000000
 0.9 6.000000
 1.0 6.000000
 1.1 6.000000
 1.2 6.000000
 1.3 5.666667
 1.4 5.666667
 1.5 5.666667
 1.6 5.666667
 1.7 4.833333
 1.8 4.833333
 1.9 4.833333
 2.0 4.000000
 2.1 3.500000
 2.2 3.500000
 2.3 2.357143
 2.4 1.023286
 2.5 -0.334000
 2.6 -0.500333
 2.7 -1.213688
 2.8 -0.392643
 2.9 -0.222833
 3.0 -0.222833
 3.1 -1.111667
 3.2 -1.111667
 3.3 -1.166778
 3.4 -1.226429
 3.5 -2.440000
 3.6 -3.001333
 3.7 -2.583667
 3.8 -2.195333
 3.9 -2.615000
 4.0 -3.691700
 4.1 -4.731429
 4.2 -3.851000
 4.3 -4.474000
 4.4 -4.895167
 4.5 -5.291500
 4.6 -5.095800
 4.7 -5.124375
 4.8 -6.397750
 4.9 -1.134071
 5.0 4.400000
 5.1 3.840200
 5.2 3.840200
 5.3 3.023000
 5.4 2.632929
 5.5 2.000000
 5.6 1.493000
 5.7 -2.461167

ALA 26
 0.0 6.000000
 0.1 6.000000
 0.2 6.000000
 0.3 6.000000
 0.4 6.000000
 0.5 6.000000
 0.6 6.000000
 0.7 6.000000
 0.8 6.000000
 0.9 6.000000
 1.0 6.000000
 1.1 6.000000
 1.2 6.000000
 1.3 5.833333
 1.4 5.833333
 1.5 5.833333
 1.6 5.833333
 1.7 5.000000
 1.8 5.000000
 1.9 5.000000
 2.0 4.833333
 2.1 4.500000
 2.2 4.500000
 2.3 3.928571
 2.4 3.095000
 2.5 2.333000
 2.6 2.277667
 2.7 1.687688
 2.8 1.428286
 2.9 1.555500
 3.0 1.555500
 3.1 1.417333
 3.2 1.417333
 3.3 1.176000
 3.4 1.285286
 3.5 0.939273
 3.6 0.666667
 3.7 0.583667
 3.8 0.584000
 3.9 0.313000
 4.0 0.199900
 4.1 -0.364714
 4.2 -0.011909
 4.3 -0.369600
 4.4 -0.550167
 4.5 -0.916250
 4.6 -0.946600
 4.7 -1.083250
 4.8 -1.510850
 4.9 0.195143
 5.0 1.684250
 5.1 1.621000
 5.2 1.621000
 5.3 1.339286
 5.4 1.180000
 5.5 0.999000
 5.6 0.771538
 5.7 -1.131667

