ATOMS
N -12.238 -11.650 -11.484
O -9.373 -9.885 -10.709

N -10.825 -9.380 -12.357
O -9.662 -6.610 -10.656

N -11.721 -7.504 -10.463
O -10.386 -6.471 -7.451

N -10.599 -8.609 -8.132
O -7.622 -7.979 -6.500

N -7.867 -8.285 -8.720
O -5.632 -5.778 -7.920

N -7.712 -5.477 -8.732
O -6.862 -3.217 -6.263

N -8.274 -4.958 -6.024
O -6.201 -4.489 -3.303

N -6.010 -6.130 -4.836
O -2.976 -4.793 -3.871

N -4.009 -4.426 -5.840
O -2.531 -1.600 -4.519

N -4.743 -2.028 -4.566
O -3.686 -0.587 -1.611

N -4.265 -2.747 -1.888
O -1.506 -2.315 0.144

N -1.473 -3.080 -1.976
O 1.117 -0.913 -1.258

N -0.695 -0.429 -2.508
O 0.252 2.146 -0.412

N -1.532 0.800 -0.121
O 0.153 1.499 2.811

N 0.204 -0.461 1.698
O 3.277 0.481 2.963

N 2.664 0.563 0.795
O 4.517 3.297 1.802

N 2.299 3.285 1.404
O 3.187 5.155 4.168

N 2.190 3.134 4.211
O 4.632 3.510 6.623

N 4.817 2.281 4.744
O 7.685 4.039 5.521

N 6.239 4.544 3.867
O 7.406 7.316 5.563

N 5.343 6.429 5.754
O 6.674 7.467 8.766

N 6.456 5.328 8.091
O 9.431 5.954 9.728

N 9.191 5.641 7.509
O 11.432 8.144 8.307

N 9.354 8.449 7.488
O 10.205 10.714 9.952

N 8.787 8.979 10.193
O 10.854 9.449 12.918

N 11.045 7.803 11.391
O 14.061 9.075 12.397

EDGES
1 3 2.812756
1 4 5.720399
1 5 4.301052
1 7 4.813513
2 3 2.253715
2 4 3.288154
2 5 3.353026
2 6 4.826606
2 7 3.126049
2 8 4.941105
2 9 2.963808
2 11 5.108612
3 5 2.812371
3 6 5.720475
3 7 4.300714
3 9 4.814204
4 5 2.252990
4 6 3.288696
4 7 3.353289
4 8 4.827846
4 9 3.126619
4 10 4.941540
4 11 2.964450
4 13 5.109899
5 7 2.813089
5 8 5.721258
5 9 4.301317
5 11 4.814267
6 7 2.253924
6 8 3.289097
6 9 3.353553
6 10 4.827083
6 11 3.127183
6 12 4.941501
6 13 2.964126
6 15 5.109196
7 9 2.813280
7 10 5.721066
7 11 4.301650
7 13 4.814467
8 9 2.254343
8 10 3.289514
8 11 3.354091
8 12 4.828086
8 13 3.126999
8 14 4.941675
8 15 2.964159
8 17 5.110105
9 11 2.812300
9 12 5.721145
9 13 4.301511
9 15 4.814346
10 11 2.253075
10 12 3.288962
10 13 3.353711
10 14 4.827212
10 15 3.126954
10 16 4.941555
10 17 2.964529
10 19 5.109025
11 13 2.813977
11 14 5.721303
11 15 4.301398
11 17 4.814610
12 13 2.254317
12 14 3.288846
12 15 3.353774
12 16 4.827674
12 17 3.127334
12 18 4.941031
12 19 2.963729
12 21 5.109397
13 15 2.812583
13 16 5.721140
13 17 4.301988
13 19 4.814418
14 15 2.253764
14 16 3.288718
14 17 3.353387
14 18 4.826373
14 19 3.126892
14 20 4.941021
14 21 2.963931
14 23 5.108835
15 17 2.813473
15 18 5.720562
15 19 4.301697
15 21 4.814605
16 17 2.253606
16 18 3.288340
16 19 3.354182
16 20 4.827229
16 21 3.127287
16 22 4.941822
16 23 2.963849
16 25 5.109327
17 19 2.812870
17 20 5.720725
17 21 4.301498
17 23 4.813887
18 19 2.253517
18 20 3.288869
18 21 3.353286
18 22 4.827569
18 23 3.126758
18 24 4.941052
18 25 2.964162
18 27 5.108856
19 21 2.813739
19 22 5.722293
19 23 4.302058
19 25 4.814402
20 21 2.253346
20 22 3.289135
20 23 3.353452
20 24 4.826976
20 25 3.126604
20 26 4.941127
20 27 2.963711
20 29 5.108567
21 23 2.813165
21 24 5.720698
21 25 4.301444
21 27 4.813812
22 23 2.254044
22 24 3.288060
22 25 3.353777
22 26 4.827030
22 27 3.126360
22 28 4.940826
22 29 2.962487
22 31 5.108384
23 25 2.813558
23 26 5.721258
23 27 4.301035
23 29 4.813498
24 25 2.253908
24 26 3.289593
24 27 3.353258
24 28 4.827401
24 29 3.126629
24 30 4.942234
24 31 2.964219
24 33 5.109459
25 27 2.812255
25 28 5.720843
25 29 4.301123
25 31 4.814224
26 27 2.253675
26 28 3.288790
26 29 3.354229
26 30 4.828403
26 31 3.127376
26 32 4.941338
26 33 2.964015
26 35 5.109219
27 29 2.812931
27 30 5.721826
27 31 4.301353
27 33 4.814292
28 29 2.254544
28 30 3.289195
28 31 3.353427
28 32 4.826529
28 33 3.126461
28 34 4.940945
28 35 2.963544
28 37 5.108905
29 31 2.813465
29 32 5.721481
29 33 4.302090
29 35 4.814913
30 31 2.254488
30 32 3.288674
30 33 3.354010
30 34 4.827670
30 35 3.126897
30 36 4.940290
30 37 2.963707
30 39 5.108682
31 33 2.813075
31 34 5.721636
31 35 4.301601
31 37 4.814721
32 33 2.253458
32 34 3.289228
32 35 3.353324
32 36 4.827073
32 37 3.126919
32 38 4.941432
32 39 2.963869
32 41 5.109795
33 35 2.813171
33 36 5.721143
33 37 4.301621
33 39 4.814047
34 35 2.253952
34 36 3.289540
34 37 3.353886
34 38 4.827843
34 39 3.127079
34 40 4.941245
34 41 2.964255
34 43 5.109425
35 37 2.812975
35 38 5.721027
35 39 4.301260
35 41 4.814487
36 37 2.252844
36 38 3.288625
36 39 3.353676
36 40 4.827454
36 41 3.127498
36 42 4.941666
36 43 2.964308
36 45 5.109857
37 39 2.812896
37 40 5.720569
37 41 4.301474
37 43 4.813828
38 39 2.254253
38 40 3.289124
38 41 3.354304
38 42 4.827352
38 43 3.126797
38 44 4.941112
38 45 2.964217
38 47 5.109085
39 41 2.813683
39 42 5.721307
39 43 4.301618
39 45 4.814756
40 41 2.253712
40 42 3.289048
40 43 3.353420
40 44 4.827307
40 45 3.127102
40 46 4.942044
40 47 2.963784
40 49 5.109758
41 43 2.812924
41 44 5.721018
41 45 4.302101
41 47 4.814071
42 43 2.253546
42 44 3.288717
42 45 3.354044
42 46 4.827792
42 47 3.127300
42 48 4.941413
42 49 2.964328
42 51 5.109713
43 45 2.813702
43 46 5.721633
43 47 4.301471
43 49 4.814745
44 45 2.253781
44 46 3.289277
44 47 3.353886
44 48 4.827717
44 49 3.127553
44 50 4.941260
44 51 2.964686
45 47 2.812805
45 48 5.721169
45 49 4.302245
45 51 4.814715
46 47 2.254300
46 48 3.288838
46 49 3.354139
46 50 4.826845
46 51 3.126836
46 52 4.950404
47 49 2.814145
47 50 5.721442
47 51 4.302349
48 49 2.253670
48 50 3.289161
48 51 3.354138
48 52 4.851091
49 51 2.813671
49 52 5.716809
50 51 2.253337
50 52 3.270499

RESIDUES
ALA 1
 0.0 2.000000
 0.1 2.000000
 0.2 2.000000
 0.3 2.000000
 0.4 2.000000
 0.5 2.000000
 0.6 2.000000
 0.7 2.000000
 0.8 2.000000
 0.9 2.000000
 1.0 2.000000
 1.1 2.000000
 1.2 2.000000
 1.3 2.000000
 1.4 2.000000
 1.5 2.000000
 1.6 2.000000
 1.7 2.000000
 1.8 2.000000
 1.9 2.000000
 2.0 2.000000
 2.1 2.000000
 2.2 2.000000
 2.3 1.666667
 2.4 1.666667
 2.5 1.666667
 2.6 1.666667
 2.7 1.666667
 2.8 1.166667
 2.9 1.166667
 3.0 0.666667
 3.1 0.333000
 3.2 0.333000
 3.3 0.208500
 3.4 0.500000
 3.5 0.500000
 3.6 0.500000
 3.7 0.500000
 3.8 0.500000
 3.9 0.500000
 4.0 0.500000
 4.1 0.500000
 4.2 0.500000
 4.3 0.450000
 4.4 0.450000
 4.5 0.450000
 4.6 0.450000
 4.7 0.450000
 4.8 0.391667
 4.9 0.325000
 5.0 0.300000
 5.1 0.300000
 5.2 0.300000
 5.3 0.300000
 5.4 0.300000
 5.5 0.300000
 5.6 0.300000
 5.7 0.271000

ALA 2
 0.0 2.000000
 0.1 2.000000
 0.2 2.000000
 0.3 2.000000
 0.4 2.000000
 0.5 2.000000
 0.6 2.000000
 0.7 2.000000
 0.8 2.000000
 0.9 2.000000
 1.0 2.000000
 1.1 2.000000
 1.2 2.000000
 1.3 2.000000
 1.4 2.000000
 1.5 2.000000
 1.6 2.000000
 1.7 2.000000
 1.8 2.000000
 1.9 2.000000
 2.0 2.000000
 2.1 2.000000
 2.2 2.000000
 2.3 1.166667
 2.4 1.166667
 2.5 1.166667
 2.6 1.166667
 2.7 1.166667
 2.8 0.166667
 2.9 0.166667
 3.0 -0.333333
 3.1 -0.611333
 3.2 -0.611333
 3.3 -0.875000
 3.4 -0.083500
 3.5 -0.083500
 3.6 -0.083500
 3.7 -0.083500
 3.8 -0.083500
 3.9 -0.083500
 4.0 -0.083500
 4.1 -0.083500
 4.2 -0.083500
 4.3 0.133000
 4.4 0.133000
 4.5 0.133000
 4.6 0.133000
 4.7 0.133000
 4.8 0.208500
 4.9 0.204500
 5.0 0.184000
 5.1 0.172667
 5.2 0.172667
 5.3 0.172667
 5.4 0.172667
 5.5 0.172667
 5.6 0.172667
 5.7 0.083750

ALA 3
 0.0 2.000000
 0.1 2.000000
 0.2 2.000000
 0.3 2.000000
 0.4 2.000000
 0.5 2.000000
 0.6 2.000000
 0.7 2.000000
 0.8 2.000000
 0.9 2.000000
 1.0 2.000000
 1.1 2.000000
 1.2 2.000000
 1.3 2.000000
 1.4 2.000000
 1.5 2.000000
 1.6 2.000000
 1.7 2.000000
 1.8 2.000000
 1.9 2.000000
 2.0 2.000000
 2.1 2.000000
 2.2 2.000000
 2.3 1.166667
 2.4 1.166667
 2.5 1.166667
 2.6 1.166667
 2.7 1.166667
 2.8 0.166667
 2.9 0.166667
 3.0 -0.333333
 3.1 -0.611333
 3.2 -0.611333
 3.3 -0.833500
 3.4 -0.000500
 3.5 -0.000500
 3.6 -0.000500
 3.7 -0.000500
 3.8 -0.000500
 3.9 -0.000500
 4.0 -0.000500
 4.1 -0.000500
 4.2 -0.000500
 4.3 -0.016500
 4.4 -0.016500
 4.5 -0.016500
 4.6 -0.016500
 4.7 -0.016500
 4.8 0.072500
 4.9 0.062750
 5.0 0.067000
 5.1 0.072000
 5.2 0.072000
 5.3 0.072000
 5.4 0.072000
 5.5 0.072000
 5.6 0.072000
 5.7 0.091500

ALA 4
 0.0 2.000000
 0.1 2.000000
 0.2 2.000000
 0.3 2.000000
 0.4 2.000000
 0.5 2.000000
 0.6 2.000000
 0.7 2.000000
 0.8 2.000000
 0.9 2.000000
 1.0 2.000000
 1.1 2.000000
 1.2 2.000000
 1.3 2.000000
 1.4 2.000000
 1.5 2.000000
 1.6 2.000000
 1.7 2.000000
 1.8 2.000000
 1.9 2.000000
 2.0 2.000000
 2.1 2.000000
 2.2 2.000000
 2.3 1.333333
 2.4 1.333333
 2.5 1.333333
 2.6 1.333333
 2.7 1.333333
 2.8 0.333333
 2.9 0.333333
 3.0 -0.333333
 3.1 -0.778333
 3.2 -0.778333
 3.3 -0.958750
 3.4 -0.208500
 3.5 -0.208500
 3.6 -0.208500
 3.7 -0.208500
 3.8 -0.208500
 3.9 -0.208500
 4.0 -0.208500
 4.1 -0.208500
 4.2 -0.208500
 4.3 0.058000
 4.4 0.058000
 4.5 0.058000
 4.6 0.058000
 4.7 0.058000
 4.8 0.027833
 4.9 -0.037750
 5.0 -0.050000
 5.1 -0.044333
 5.2 -0.044333
 5.3 -0.044333
 5.4 -0.044333
 5.5 -0.044333
 5.6 -0.044333
 5.7 0.037500

ALA 5
 0.0 2.000000
 0.1 2.000000
 0.2 2.000000
 0.3 2.000000
 0.4 2.000000
 0.5 2.000000
 0.6 2.000000
 0.7 2.000000
 0.8 2.000000
 0.9 2.000000
 1.0 2.000000
 1.1 2.000000
 1.2 2.000000
 1.3 2.000000
 1.4 2.000000
 1.5 2.000000
 1.6 2.000000
 1.7 2.000000
 1.8 2.000000
 1.9 2.000000
 2.0 2.000000
 2.1 2.000000
 2.2 2.000000
 2.3 1.166667
 2.4 1.166667
 2.5 1.166667
 2.6 1.166667
 2.7 1.166667
 2.8 0.166667
 2.9 0.166667
 3.0 -0.500000
 3.1 -0.889000
 3.2 -0.889000
 3.3 -0.875000
 3.4 -0.458500
 3.5 -0.458500
 3.6 -0.458500
 3.7 -0.458500
 3.8 -0.458500
 3.9 -0.458500
 4.0 -0.458500
 4.1 -0.458500
 4.2 -0.458500
 4.3 -0.008500
 4.4 -0.008500
 4.5 -0.008500
 4.6 -0.008500
 4.7 -0.008500
 4.8 -0.016667
 4.9 0.008250
 5.0 0.000000
 5.1 0.000000
 5.2 0.000000
 5.3 0.000000
 5.4 0.000000
 5.5 0.000000
 5.6 0.000000
 5.7 0.016750

ALA 6
 0.0 2.000000
 0.1 2.000000
 0.2 2.000000
 0.3 2.000000
 0.4 2.000000
 0.5 2.000000
 0.6 2.000000
 0.7 2.000000
 0.8 2.000000
 0.9 2.000000
 1.0 2.000000
 1.1 2.000000
 1.2 2.000000
 1.3 2.000000
 1.4 2.000000
 1.5 2.000000
 1.6 2.000000
 1.7 2.000000
 1.8 2.000000
 1.9 2.000000
 2.0 2.000000
 2.1 2.000000
 2.2 2.000000
 2.3 1.166667
 2.4 1.166667
 2.5 1.166667
 2.6 1.166667
 2.7 1.166667
 2.8 0.333333
 2.9 0.333333
 3.0 -0.666667
 3.1 -1.000000
 3.2 -1.000000
 3.3 -1.000000
 3.4 -0.458500
 3.5 -0.458500
 3.6 -0.458500
 3.7 -0.458500
 3.8 -0.458500
 3.9 -0.458500
 4.0 -0.458500
 4.1 -0.458500
 4.2 -0.458500
 4.3 -0.025000
 4.4 -0.025000
 4.5 -0.025000
 4.6 -0.025000
 4.7 -0.025000
 4.8 0.019333
 4.9 -0.012500
 5.0 0.000000
 5.1 0.000000
 5.2 0.000000
 5.3 0.000000
 5.4 0.000000
 5.5 0.000000
 5.6 0.000000
 5.7 0.000000

ALA 7
 0.0 2.000000
 0.1 2.000000
 0.2 2.000000
 0.3 2.000000
 0.4 2.000000
 0.5 2.000000
 0.6 2.000000
 0.7 2.000000
 0.8 2.000000
 0.9 2.000000
 1.0 2.000000
 1.1 2.000000
 1.2 2.000000
 1.3 2.000000
 1.4 2.000000
 1.5 2.000000
 1.6 2.000000
 1.7 2.000000
 1.8 2.000000
 1.9 2.000000
 2.0 2.000000
 2.1 2.000000
 2.2 2.000000
 2.3 1.333333
 2.4 1.333333
 2.5 1.333333
 2.6 1.333333
 2.7 1.333333
 2.8 0.500000
 2.9 0.500000
 3.0 -0.666667
 3.1 -1.000000
 3.2 -1.000000
 3.3 -1.000000
 3.4 -0.208500
 3.5 -0.208500
 3.6 -0.208500
 3.7 -0.208500
 3.8 -0.208500
 3.9 -0.208500
 4.0 -0.208500
 4.1 -0.208500
 4.2 -0.208500
 4.3 0.033000
 4.4 0.033000
 4.5 0.033000
 4.6 0.033000
 4.7 0.033000
 4.8 -0.030500
 4.9 -0.004000
 5.0 0.000000
 5.1 -0.005667
 5.2 -0.005667
 5.3 -0.005667
 5.4 -0.005667
 5.5 -0.005667
 5.6 -0.005667
 5.7 0.000000

ALA 8
 0.0 2.000000
 0.1 2.000000
 0.2 2.000000
 0.3 2.000000
 0.4 2.000000
 0.5 2.000000
 0.6 2.000000
 0.7 2.000000
 0.8 2.000000
 0.9 2.000000
 1.0 2.000000
 1.1 2.000000
 1.2 2.000000
 1.3 2.000000
 1.4 2.000000
 1.5 2.000000
 1.6 2.000000
 1.7 2.000000
 1.8 2.000000
 1.9 2.000000
 2.0 2.000000
 2.1 2.000000
 2.2 2.000000
 2.3 1.333333
 2.4 1.333333
 2.5 1.333333
 2.6 1.333333
 2.7 1.333333
 2.8 0.333333
 2.9 0.333333
 3.0 -0.666667
 3.1 -1.000000
 3.2 -1.000000
 3.3 -1.124750
 3.4 -0.125000
 3.5 -0.125000
 3.6 -0.125000
 3.7 -0.125000
 3.8 -0.125000
 3.9 -0.125000
 4.0 -0.125000
 4.1 -0.125000
 4.2 -0.125000
 4.3 -0.008500
 4.4 -0.008500
 4.5 -0.008500
 4.6 -0.008500
 4.7 -0.008500
 4.8 0.011000
 4.9 0.016750
 5.0 0.000000
 5.1 0.005667
 5.2 0.005667
 5.3 0.005667
 5.4 0.005667
 5.5 0.005667
 5.6 0.005667
 5.7 -0.004250

ALA 9
 0.0 2.000000
 0.1 2.000000
 0.2 2.000000
 0.3 2.000000
 0.4 2.000000
 0.5 2.000000
 0.6 2.000000
 0.7 2.000000
 0.8 2.000000
 0.9 2.000000
 1.0 2.000000
 1.1 2.000000
 1.2 2.000000
 1.3 2.000000
 1.4 2.000000
 1.5 2.000000
 1.6 2.000000
 1.7 2.000000
 1.8 2.000000
 1.9 2.000000
 2.0 2.000000
 2.1 2.000000
 2.2 2.000000
 2.3 1.333333
 2.4 1.333333
 2.5 1.333333
 2.6 1.333333
 2.7 1.333333
 2.8 0.333333
 2.9 0.333333
 3.0 -0.500000
 3.1 -1.000000
 3.2 -1.000000
 3.3 -1.041500
 3.4 0.000000
 3.5 0.000000
 3.6 0.000000
 3.7 0.000000
 3.8 0.000000
 3.9 0.000000
 4.0 0.000000
 4.1 0.000000
 4.2 0.000000
 4.3 -0.008500
 4.4 -0.008500
 4.5 -0.008500
 4.6 -0.008500
 4.7 -0.008500
 4.8 -0.002833
 4.9 -0.016500
 5.0 0.000000
 5.1 0.000000
 5.2 0.000000
 5.3 0.000000
 5.4 0.000000
 5.5 0.000000
 5.6 0.000000
 5.7 -0.004250

ALA 10
 0.0 2.000000
 0.1 2.000000
 0.2 2.000000
 0.3 2.000000
 0.4 2.000000
 0.5 2.000000
 0.6 2.000000
 0.7 2.000000
 0.8 2.000000
 0.9 2.000000
 1.0 2.000000
 1.1 2.000000
 1.2 2.000000
 1.3 2.000000
 1.4 2.000000
 1.5 2.000000
 1.6 2.000000
 1.7 2.000000
 1.8 2.000000
 1.9 2.000000
 2.0 2.000000
 2.1 2.000000
 2.2 2.000000
 2.3 1.166667
 2.4 1.166667
 2.5 1.166667
 2.6 1.166667
 2.7 1.166667
 2.8 0.500000
 2.9 0.500000
 3.0 -0.666667
 3.1 -1.000000
 3.2 -1.000000
 3.3 -1.000000
 3.4 0.042000
 3.5 0.042000
 3.6 0.042000
 3.7 0.042000
 3.8 0.042000
 3.9 0.042000
 4.0 0.042000
 4.1 0.042000
 4.2 0.042000
 4.3 0.050000
 4.4 0.050000
 4.5 0.050000
 4.6 0.050000
 4.7 0.050000
 4.8 -0.011167
 4.9 -0.008250
 5.0 0.000000
 5.1 0.000000
 5.2 0.000000
 5.3 0.000000
 5.4 0.000000
 5.5 0.000000
 5.6 0.000000
 5.7 0.008250

ALA 11
 0.0 2.000000
 0.1 2.000000
 0.2 2.000000
 0.3 2.000000
 0.4 2.000000
 0.5 2.000000
 0.6 2.000000
 0.7 2.000000
 0.8 2.000000
 0.9 2.000000
 1.0 2.000000
 1.1 2.000000
 1.2 2.000000
 1.3 2.000000
 1.4 2.000000
 1.5 2.000000
 1.6 2.000000
 1.7 2.000000
 1.8 2.000000
 1.9 2.000000
 2.0 2.000000
 2.1 2.000000
 2.2 2.000000
 2.3 1.166667
 2.4 1.166667
 2.5 1.166667
 2.6 1.166667
 2.7 1.166667
 2.8 0.500000
 2.9 0.500000
 3.0 -0.833333
 3.1 -1.055667
 3.2 -1.055667
 3.3 -1.041500
 3.4 0.042000
 3.5 0.042000
 3.6 0.042000
 3.7 0.042000
 3.8 0.042000
 3.9 0.042000
 4.0 0.042000
 4.1 0.042000
 4.2 0.042000
 4.3 -0.016500
 4.4 -0.016500
 4.5 -0.016500
 4.6 -0.016500
 4.7 -0.016500
 4.8 0.027667
 4.9 0.012500
 5.0 0.000000
 5.1 0.000000
 5.2 0.000000
 5.3 0.000000
 5.4 0.000000
 5.5 0.000000
 5.6 0.000000
 5.7 0.008250

ALA 12
 0.0 2.000000
 0.1 2.000000
 0.2 2.000000
 0.3 2.000000
 0.4 2.000000
 0.5 2.000000
 0.6 2.000000
 0.7 2.000000
 0.8 2.000000
 0.9 2.000000
 1.0 2.000000
 1.1 2.000000
 1.2 2.000000
 1.3 2.000000
 1.4 2.000000
 1.5 2.000000
 1.6 2.000000
 1.7 2.000000
 1.8 2.000000
 1.9 2.000000
 2.0 2.000000
 2.1 2.000000
 2.2 2.000000
 2.3 1.333333
 2.4 1.333333
 2.5 1.333333
 2.6 1.333333
 2.7 1.333333
 2.8 0.500000
 2.9 0.500000
 3.0 -0.666667
 3.1 -1.000000
 3.2 -1.000000
 3.3 -0.916500
 3.4 0.000000
 3.5 0.000000
 3.6 0.000000
 3.7 0.000000
 3.8 0.000000
 3.9 0.000000
 4.0 0.000000
 4.1 0.000000
 4.2 0.000000
 4.3 0.025000
 4.4 0.025000
 4.5 0.025000
 4.6 0.025000
 4.7 0.025000
 4.8 -0.014000
 4.9 0.004250
 5.0 0.000000
 5.1 -0.005667
 5.2 -0.005667
 5.3 -0.005667
 5.4 -0.005667
 5.5 -0.005667
 5.6 -0.005667
 5.7 -0.008500

ALA 13
 0.0 2.000000
 0.1 2.000000
 0.2 2.000000
 0.3 2.000000
 0.4 2.000000
 0.5 2.000000
 0.6 2.000000
 0.7 2.000000
 0.8 2.000000
 0.9 2.000000
 1.0 2.000000
 1.1 2.000000
 1.2 2.000000
 1.3 2.000000
 1.4 2.000000
 1.5 2.000000
 1.6 2.000000
 1.7 2.000000
 1.8 2.000000
 1.9 2.000000
 2.0 2.000000
 2.1 2.000000
 2.2 2.000000
 2.3 1.333333
 2.4 1.333333
 2.5 1.333333
 2.6 1.333333
 2.7 1.333333
 2.8 0.333333
 2.9 0.333333
 3.0 -0.666667
 3.1 -1.000000
 3.2 -1.000000
 3.3 -0.958250
 3.4 -0.083000
 3.5 -0.083000
 3.6 -0.083000
 3.7 -0.083000
 3.8 -0.083000
 3.9 -0.083000
 4.0 -0.083000
 4.1 -0.083000
 4.2 -0.083000
 4.3 -0.017000
 4.4 -0.017000
 4.5 -0.017000
 4.6 -0.017000
 4.7 -0.017000
 4.8 0.008333
 4.9 -0.008250
 5.0 0.000000
 5.1 0.005667
 5.2 0.005667
 5.3 0.005667
 5.4 0.005667
 5.5 0.005667
 5.6 0.005667
 5.7 -0.008500

ALA 14
 0.0 2.000000
 0.1 2.000000
 0.2 2.000000
 0.3 2.000000
 0.4 2.000000
 0.5 2.000000
 0.6 2.000000
 0.7 2.000000
 0.8 2.000000
 0.9 2.000000
 1.0 2.000000
 1.1 2.000000
 1.2 2.000000
 1.3 2.000000
 1.4 2.000000
 1.5 2.000000
 1.6 2.000000
 1.7 2.000000
 1.8 2.000000
 1.9 2.000000
 2.0 2.000000
 2.1 2.000000
 2.2 2.000000
 2.3 1.500000
 2.4 1.500000
 2.5 1.500000
 2.6 1.500000
 2.7 1.500000
 2.8 0.166667
 2.9 0.166667
 3.0 -0.666667
 3.1 -1.111333
 3.2 -1.111333
 3.3 -1.000000
 3.4 0.083000
 3.5 0.083000
 3.6 0.083000
 3.7 0.083000
 3.8 0.083000
 3.9 0.083000
 4.0 0.083000
 4.1 0.083000
 4.2 0.083000
 4.3 -0.033500
 4.4 -0.033500
 4.5 -0.033500
 4.6 -0.033500
 4.7 -0.033500
 4.8 -0.005333
 4.9 -0.008250
 5.0 0.000000
 5.1 0.005667
 5.2 0.005667
 5.3 0.005667
 5.4 0.005667
 5.5 0.005667
 5.6 0.005667
 5.7 0.004000

ALA 15
 0.0 2.000000
 0.1 2.000000
 0.2 2.000000
 0.3 2.000000
 0.4 2.000000
 0.5 2.000000
 0.6 2.000000
 0.7 2.000000
 0.8 2.000000
 0.9 2.000000
 1.0 2.000000
 1.1 2.000000
 1.2 2.000000
 1.3 2.000000
 1.4 2.000000
 1.5 2.000000
 1.6 2.000000
 1.7 2.000000
 1.8 2.000000
 1.9 2.000000
 2.0 2.000000
 2.1 2.000000
 2.2 2.000000
 2.3 1.500000
 2.4 1.500000
 2.5 1.500000
 2.6 1.500000
 2.7 1.500000
 2.8 0.333333
 2.9 0.333333
 3.0 -0.833333
 3.1 -0.889000
 3.2 -0.889000
 3.3 -0.916750
 3.4 -0.083000
 3.5 -0.083000
 3.6 -0.083000
 3.7 -0.083000
 3.8 -0.083000
 3.9 -0.083000
 4.0 -0.083000
 4.1 -0.083000
 4.2 -0.083000
 4.3 -0.008500
 4.4 -0.008500
 4.5 -0.008500
 4.6 -0.008500
 4.7 -0.008500
 4.8 0.011167
 4.9 0.000000
 5.0 0.000000
 5.1 -0.005667
 5.2 -0.005667
 5.3 -0.005667
 5.4 -0.005667
 5.5 -0.005667
 5.6 -0.005667
 5.7 0.004250

ALA 16
 0.0 2.000000
 0.1 2.000000
 0.2 2.000000
 0.3 2.000000
 0.4 2.000000
 0.5 2.000000
 0.6 2.000000
 0.7 2.000000
 0.8 2.000000
 0.9 2.000000
 1.0 2.000000
 1.1 2.000000
 1.2 2.000000
 1.3 2.000000
 1.4 2.000000
 1.5 2.000000
 1.6 2.000000
 1.7 2.000000
 1.8 2.000000
 1.9 2.000000
 2.0 2.000000
 2.1 2.000000
 2.2 2.000000
 2.3 1.166667
 2.4 1.166667
 2.5 1.166667
 2.6 1.166667
 2.7 1.166667
 2.8 0.333333
 2.9 0.333333
 3.0 -0.666667
 3.1 -1.000000
 3.2 -1.000000
 3.3 -1.083250
 3.4 0.083000
 3.5 0.083000
 3.6 0.083000
 3.7 0.083000
 3.8 0.083000
 3.9 0.083000
 4.0 0.083000
 4.1 0.083000
 4.2 0.083000
 4.3 -0.008500
 4.4 -0.008500
 4.5 -0.008500
 4.6 -0.008500
 4.7 -0.008500
 4.8 -0.008333
 4.9 0.000250
 5.0 0.000000
 5.1 0.000000
 5.2 0.000000
 5.3 0.000000
 5.4 0.000000
 5.5 0.000000
 5.6 0.000000
 5.7 0.004250

ALA 17
 0.0 2.000000
 0.1 2.000000
 0.2 2.000000
 0.3 2.000000
 0.4 2.000000
 0.5 2.000000
 0.6 2.000000
 0.7 2.000000
 0.8 2.000000
 0.9 2.000000
 1.0 2.000000
 1.1 2.000000
 1.2 2.000000
 1.3 2.000000
 1.4 2.000000
 1.5 2.000000
 1.6 2.000000
 1.7 2.000000
 1.8 2.000000
 1.9 2.000000
 2.0 2.000000
 2.1 2.000000
 2.2 2.000000
 2.3 1.166667
 2.4 1.166667
 2.5 1.166667
 2.6 1.166667
 2.7 1.166667
 2.8 0.333333
 2.9 0.333333
 3.0 -0.666667
 3.1 -1.055667
 3.2 -1.055667
 3.3 -0.958250
 3.4 -0.125000
 3.5 -0.125000
 3.6 -0.125000
 3.7 -0.125000
 3.8 -0.125000
 3.9 -0.125000
 4.0 -0.125000
 4.1 -0.125000
 4.2 -0.125000
 4.3 0.033500
 4.4 0.033500
 4.5 0.033500
 4.6 0.033500
 4.7 0.033500
 4.8 -0.000167
 4.9 0.008500
 5.0 0.000000
 5.1 0.005667
 5.2 0.005667
 5.3 0.005667
 5.4 0.005667
 5.5 0.005667
 5.6 0.005667
 5.7 0.004000

ALA 18
 0.0 2.000000
 0.1 2.000000
 0.2 2.000000
 0.3 2.000000
 0.4 2.000000
 0.5 2.000000
 0.6 2.000000
 0.7 2.000000
 0.8 2.000000
 0.9 2.000000
 1.0 2.000000
 1.1 2.000000
 1.2 2.000000
 1.3 2.000000
 1.4 2.000000
 1.5 2.000000
 1.6 2.000000
 1.7 2.000000
 1.8 2.000000
 1.9 2.000000
 2.0 2.000000
 2.1 2.000000
 2.2 2.000000
 2.3 1.166667
 2.4 1.166667
 2.5 1.166667
 2.6 1.166667
 2.7 1.166667
 2.8 0.333333
 2.9 0.333333
 3.0 -0.666667
 3.1 -0.889000
 3.2 -0.889000
 3.3 -0.958250
 3.4 -0.208500
 3.5 -0.208500
 3.6 -0.208500
 3.7 -0.208500
 3.8 -0.208500
 3.9 -0.208500
 4.0 -0.208500
 4.1 -0.208500
 4.2 -0.208500
 4.3 -0.008500
 4.4 -0.008500
 4.5 -0.008500
 4.6 -0.008500
 4.7 -0.008500
 4.8 -0.008333
 4.9 0.000000
 5.0 0.000000
 5.1 -0.005667
 5.2 -0.005667
 5.3 -0.005667
 5.4 -0.005667
 5.5 -0.005667
 5.6 -0.005667
 5.7 -0.004250

ALA 19
 0.0 2.000000
 0.1 2.000000
 0.2 2.000000
 0.3 2.000000
 0.4 2.000000
 0.5 2.000000
 0.6 2.000000
 0.7 2.000000
 0.8 2.000000
 0.9 2.000000
 1.0 2.000000
 1.1 2.000000
 1.2 2.000000
 1.3 2.000000
 1.4 2.000000
 1.5 2.000000
 1.6 2.000000
 1.7 2.000000
 1.8 2.000000
 1.9 2.000000
 2.0 2.000000
 2.1 2.000000
 2.2 2.000000
 2.3 1.166667
 2.4 1.166667
 2.5 1.166667
 2.6 1.166667
 2.7 1.166667
 2.8 0.333333
 2.9 0.333333
 3.0 -0.666667
 3.1 -1.000000
 3.2 -1.000000
 3.3 -1.000000
 3.4 -0.417000
 3.5 -0.417000
 3.6 -0.417000
 3.7 -0.417000
 3.8 -0.417000
 3.9 -0.417000
 4.0 -0.417000
 4.1 -0.417000
 4.2 -0.417000
 4.3 -0.008500
 4.4 -0.008500
 4.5 -0.008500
 4.6 -0.008500
 4.7 -0.008500
 4.8 0.005500
 4.9 0.000000
 5.0 0.000000
 5.1 0.000000
 5.2 0.000000
 5.3 0.000000
 5.4 0.000000
 5.5 0.000000
 5.6 0.000000
 5.7 -0.004250

ALA 20
 0.0 2.000000
 0.1 2.000000
 0.2 2.000000
 0.3 2.000000
 0.4 2.000000
 0.5 2.000000
 0.6 2.000000
 0.7 2.000000
 0.8 2.000000
 0.9 2.000000
 1.0 2.000000
 1.1 2.000000
 1.2 2.000000
 1.3 2.000000
 1.4 2.000000
 1.5 2.000000
 1.6 2.000000
 1.7 2.000000
 1.8 2.000000
 1.9 2.000000
 2.0 2.000000
 2.1 2.000000
 2.2 2.000000
 2.3 1.333333
 2.4 1.333333
 2.5 1.333333
 2.6 1.333333
 2.7 1.333333
 2.8 0.500000
 2.9 0.500000
 3.0 -0.666667
 3.1 -1.000000
 3.2 -1.000000
 3.3 -1.000000
 3.4 -0.208500
 3.5 -0.208500
 3.6 -0.208500
 3.7 -0.208500
 3.8 -0.208500
 3.9 -0.208500
 4.0 -0.208500
 4.1 -0.208500
 4.2 -0.208500
 4.3 0.008000
 4.4 0.008000
 4.5 0.008000
 4.6 0.008000
 4.7 0.008000
 4.8 0.002667
 4.9 0.004250
 5.0 0.000000
 5.1 0.000000
 5.2 0.000000
 5.3 0.000000
 5.4 0.000000
 5.5 0.000000
 5.6 0.000000
 5.7 -0.004250

ALA 21
 0.0 2.000000
 0.1 2.000000
 0.2 2.000000
 0.3 2.000000
 0.4 2.000000
 0.5 2.000000
 0.6 2.000000
 0.7 2.000000
 0.8 2.000000
 0.9 2.000000
 1.0 2.000000
 1.1 2.000000
 1.2 2.000000
 1.3 2.000000
 1.4 2.000000
 1.5 2.000000
 1.6 2.000000
 1.7 2.000000
 1.8 2.000000
 1.9 2.000000
 2.0 2.000000
 2.1 2.000000
 2.2 2.000000
 2.3 1.333333
 2.4 1.333333
 2.5 1.333333
 2.6 1.333333
 2.7 1.333333
 2.8 0.500000
 2.9 0.500000
 3.0 -0.666667
 3.1 -1.000000
 3.2 -1.000000
 3.3 -1.083250
 3.4 -0.167000
 3.5 -0.167000
 3.6 -0.167000
 3.7 -0.167000
 3.8 -0.167000
 3.9 -0.167000
 4.0 -0.167000
 4.1 -0.167000
 4.2 -0.167000
 4.3 -0.008500
 4.4 -0.008500
 4.5 -0.008500
 4.6 -0.008500
 4.7 -0.008500
 4.8 -0.008333
 4.9 0.004250
 5.0 0.000000
 5.1 0.000000
 5.2 0.000000
 5.3 0.000000
 5.4 0.000000
 5.5 0.000000
 5.6 0.000000
 5.7 -0.004250

ALA 22
 0.0 2.000000
 0.1 2.000000
 0.2 2.000000
 0.3 2.000000
 0.4 2.000000
 0.5 2.000000
 0.6 2.000000
 0.7 2.000000
 0.8 2.000000
 0.9 2.000000
 1.0 2.000000
 1.1 2.000000
 1.2 2.000000
 1.3 2.000000
 1.4 2.000000
 1.5 2.000000
 1.6 2.000000
 1.7 2.000000
 1.8 2.000000
 1.9 2.000000
 2.0 2.000000
 2.1 2.000000
 2.2 2.000000
 2.3 1.333333
 2.4 1.333333
 2.5 1.333333
 2.6 1.333333
 2.7 1.333333
 2.8 0.500000
 2.9 0.500000
 3.0 -0.500000
 3.1 -0.944333
 3.2 -0.944333
 3.3 -1.000000
 3.4 -0.208500
 3.5 -0.208500
 3.6 -0.208500
 3.7 -0.208500
 3.8 -0.208500
 3.9 -0.208500
 4.0 -0.208500
 4.1 -0.208500
 4.2 -0.208500
 4.3 -0.025000
 4.4 -0.025000
 4.5 -0.025000
 4.6 -0.025000
 4.7 -0.025000
 4.8 0.000167
 4.9 -0.016500
 5.0 0.000000
 5.1 0.005667
 5.2 0.005667
 5.3 0.005667
 5.4 0.005667
 5.5 0.005667
 5.6 0.005667
 5.7 0.016750

ALA 23
 0.0 2.000000
 0.1 2.000000
 0.2 2.000000
 0.3 2.000000
 0.4 2.000000
 0.5 2.000000
 0.6 2.000000
 0.7 2.000000
 0.8 2.000000
 0.9 2.000000
 1.0 2.000000
 1.1 2.000000
 1.2 2.000000
 1.3 2.000000
 1.4 2.000000
 1.5 2.000000
 1.6 2.000000
 1.7 2.000000
 1.8 2.000000
 1.9 2.000000
 2.0 2.000000
 2.1 2.000000
 2.2 2.000000
 2.3 1.333333
 2.4 1.333333
 2.5 1.333333
 2.6 1.333333
 2.7 1.333333
 2.8 0.500000
 2.9 0.500000
 3.0 -0.333333
 3.1 -0.722000
 3.2 -0.722000
 3.3 -1.000000
 3.4 -0.500500
 3.5 -0.500500
 3.6 -0.500500
 3.7 -0.500500
 3.8 -0.500500
 3.9 -0.500500
 4.0 -0.500500
 4.1 -0.500500
 4.2 -0.500500
 4.3 0.083000
 4.4 0.083000
 4.5 0.083000
 4.6 0.083000
 4.7 0.083000
 4.8 0.025333
 4.9 0.021000
 5.0 -0.050000
 5.1 -0.050000
 5.2 -0.050000
 5.3 -0.050000
 5.4 -0.050000
 5.5 -0.050000
 5.6 -0.050000
 5.7 0.058250

ALA 24
 0.0 2.000000
 0.1 2.000000
 0.2 2.000000
 0.3 2.000000
 0.4 2.000000
 0.5 2.000000
 0.6 2.000000
 0.7 2.000000
 0.8 2.000000
 0.9 2.000000
 1.0 2.000000
 1.1 2.000000
 1.2 2.000000
 1.3 2.000000
 1.4 2.000000
 1.5 2.000000
 1.6 2.000000
 1.7 2.000000
 1.8 2.000000
 1.9 2.000000
 2.0 2.000000
 2.1 2.000000
 2.2 2.000000
 2.3 1.333333
 2.4 1.333333
 2.5 1.333333
 2.6 1.333333
 2.7 1.333333
 2.8 0.500000
 2.9 0.500000
 3.0 -0.333333
 3.1 -0.388667
 3.2 -0.388667
 3.3 -0.666500
 3.4 -0.458500
 3.5 -0.458500
 3.6 -0.458500
 3.7 -0.458500
 3.8 -0.458500
 3.9 -0.458500
 4.0 -0.458500
 4.1 -0.458500
 4.2 -0.458500
 4.3 0.024500
 4.4 0.024500
 4.5 0.024500
 4.6 0.024500
 4.7 0.024500
 4.8 0.055333
 4.9 -0.033250
 5.0 0.067000
 5.1 0.066667
 5.2 0.066667
 5.3 0.066667
 5.4 0.066667
 5.5 0.066667
 5.6 0.066667
 5.7 0.120750

ALA 25
 0.0 2.000000
 0.1 2.000000
 0.2 2.000000
 0.3 2.000000
 0.4 2.000000
 0.5 2.000000
 0.6 2.000000
 0.7 2.000000
 0.8 2.000000
 0.9 2.000000
 1.0 2.000000
 1.1 2.000000
 1.2 2.000000
 1.3 2.000000
 1.4 2.000000
 1.5 2.000000
 1.6 2.000000
 1.7 2.000000
 1.8 2.000000
 1.9 2.000000
 2.0 2.000000
 2.1 2.000000
 2.2 2.000000
 2.3 1.166667
 2.4 1.166667
 2.5 1.166667
 2.6 1.166667
 2.7 1.166667
 2.8 0.666667
 2.9 0.666667
 3.0 -0.333333
 3.1 -0.333333
 3.2 -0.333333
 3.3 -0.916500
 3.4 -0.583500
 3.5 -0.583500
 3.6 -0.583500
 3.7 -0.583500
 3.8 -0.583500
 3.9 -0.583500
 4.0 -0.583500
 4.1 -0.583500
 4.2 -0.583500
 4.3 -0.175500
 4.4 -0.175500
 4.5 -0.175500
 4.6 -0.175500
 4.7 -0.175500
 4.8 -0.211333
 4.9 0.108000
 5.0 0.184000
 5.1 0.178333
 5.2 0.178333
 5.3 0.178333
 5.4 0.178333
 5.5 0.178333
 5.6 0.178333
 5.7 0.071250

ALA 26
 0.0 2.000000
 0.1 2.000000
 0.2 2.000000
 0.3 2.000000
 0.4 2.000000
 0.5 2.000000
 0.6 2.000000
 0.7 2.000000
 0.8 2.000000
 0.9 2.000000
 1.0 2.000000
 1.1 2.000000
 1.2 2.000000
 1.3 2.000000
 1.4 2.000000
 1.5 2.000000
 1.6 2.000000
 1.7 2.000000
 1.8 2.000000
 1.9 2.000000
 2.0 2.000000
 2.1 2.000000
 2.2 2.000000
 2.3 1.500000
 2.4 1.500000
 2.5 1.500000
 2.6 1.500000
 2.7 1.500000
 2.8 1.333333
 2.9 1.333333
 3.0 0.833333
 3.1 0.277667
 3.2 0.277667
 3.3 -0.000000
 3.4 0.333500
 3.5 0.333500
 3.6 0.333500
 3.7 0.333500
 3.8 0.333500
 3.9 0.333500
 4.0 0.333500
 4.1 0.333500
 4.2 0.333500
 4.3 0.475000
 4.4 0.475000
 4.5 0.475000
 4.6 0.475000
 4.7 0.475000
 4.8 0.450000
 4.9 0.366500
 5.0 0.300000
 5.1 0.300000
 5.2 0.300000
 5.3 0.300000
 5.4 0.300000
 5.5 0.300000
 5.6 0.300000
 5.7 0.242000

