ATOMS
N -6.071 -8.536 -9.758
CA -4.622 -8.536 -9.758
C -4.099 -7.107 -9.758
O -3.545 -6.647 -8.762
CB -4.061 -9.238 -10.990

N -4.277 -6.405 -10.880
CA -3.824 -5.034 -11.006
C -4.445 -4.176 -9.913
O -3.752 -3.735 -8.999
CB -4.218 -4.448 -12.357

N -5.756 -3.940 -10.010
CA -6.464 -3.138 -9.033
C -6.281 -3.727 -7.641
O -5.597 -3.142 -6.803
CB -7.956 -3.089 -9.340

N -6.895 -4.887 -7.398
CA -6.799 -5.549 -6.112
C -5.339 -5.806 -5.764
O -4.797 -5.179 -4.857
CB -7.531 -6.887 -6.128

N -4.706 -6.731 -6.489
CA -3.316 -7.067 -6.256
C -2.449 -5.822 -6.379
O -1.920 -5.332 -5.384
CB -2.823 -8.097 -7.267

N -2.306 -5.312 -7.605
CA -1.506 -4.130 -7.853
C -2.014 -2.969 -7.011
O -1.346 -2.543 -6.071
CB -1.572 -3.722 -9.321

N -3.199 -2.457 -7.351
CA -3.791 -1.349 -6.627
C -3.933 -1.704 -5.154
O -3.229 -1.153 -4.311
CB -5.173 -1.012 -7.175

N -4.848 -2.626 -4.847
CA -5.079 -3.050 -3.480
C -3.787 -3.571 -2.869
O -3.215 -2.935 -1.987
CB -6.121 -4.162 -3.419

N -3.328 -4.733 -3.340
CA -2.109 -5.335 -2.840
C -0.944 -4.368 -3.001
O -0.431 -3.843 -2.016
CB -1.777 -6.615 -3.598

N -0.529 -4.135 -4.248
CA 0.570 -3.235 -4.534
C 0.278 -1.855 -3.962
O 0.915 -1.434 -2.998
CB 0.788 -3.094 -6.037

N -0.687 -1.152 -4.559
CA -1.059 0.174 -4.108
C -1.463 0.134 -2.641
O -0.748 0.649 -1.785
CB -2.233 0.718 -4.914

N -2.613 -0.480 -2.355
CA -3.108 -0.586 -0.997
C -2.075 -1.273 -0.116
O -1.469 -0.638 0.745
CB -4.399 -1.396 -0.944

N -1.875 -2.575 -0.334
CA -0.919 -3.343 0.438
C 0.465 -2.718 0.328
O 0.973 -2.157 1.296
CB -0.836 -4.781 -0.063

N 1.072 -2.816 -0.857
CA 2.391 -2.262 -1.089
C 2.395 -0.773 -0.778
O 2.997 -0.344 0.204
CB 2.817 -2.449 -2.542

N 1.720 0.016 -1.618
CA 1.648 1.451 -1.430
C 1.074 1.770 -0.057
O 1.788 2.251 0.819
CB 0.757 2.098 -2.485

N -0.221 1.502 0.126
CA -0.885 1.761 1.388
C -0.176 1.022 2.514
O 0.463 1.644 3.359
CB -2.337 1.295 1.349

N -0.291 -0.308 2.522
CA 0.338 -1.124 3.541
C 1.838 -0.867 3.565
O 2.352 -0.275 4.511
CB 0.124 -2.611 3.280

N 2.538 -1.316 2.521
CA 3.972 -1.134 2.426
C 4.319 0.345 2.514
O 4.888 0.792 3.508
CB 4.508 -1.674 1.103

N 3.974 1.104 1.471
CA 4.249 2.526 1.435
C 3.615 3.212 2.636
O 4.318 3.664 3.537
CB 3.687 3.161 0.167

N 2.282 3.289 2.646
CA 1.559 3.918 3.733
C 1.916 3.251 5.053
O 2.586 3.849 5.892
CB 0.052 3.803 3.529

N 1.465 2.007 5.236
CA 1.737 1.265 6.450
C 3.238 1.167 6.678
O 3.769 1.785 7.598
CB 1.171 -0.149 6.367

N 3.921 0.387 5.836
CA 5.355 0.211 5.948
C 6.055 1.561 5.876
O 6.596 2.035 6.873
CB 5.890 -0.667 4.822

N 6.043 2.178 4.692
CA 6.675 3.467 4.494
C 6.097 4.487 5.465
O 6.779 4.918 6.392
CB 6.450 3.976 3.074

N 4.837 4.871 5.249
CA 4.173 5.836 6.103
C 4.186 5.353 7.546
O 4.882 5.921 8.386
CB 2.723 6.039 5.678

N 3.414 4.302 7.832
CA 3.339 3.749 9.169
C 4.727 3.348 9.648
O 5.284 3.981 10.542
CB 2.445 2.513 9.202

N 5.285 2.292 9.049
CA 6.602 1.812 9.414
C 7.627 2.926 9.261
O 8.107 3.389 10.293
OXT 7.898 3.281 8.116
CB 7.026 0.645 8.528

EDGES
1 6 3.003079
1 7 4.344021
1 8 4.655910
1 9 5.385484
1 10 5.186536
1 11 4.613669
1 12 5.460630
1 13 5.258543
1 15 5.779079
1 16 4.423096
1 17 4.769221
1 18 4.892930
1 20 4.245904
1 21 3.975879
1 22 4.691694
1 23 5.648214
1 25 4.116711
1 26 5.404147
2 6 2.432914
2 7 3.802409
2 8 4.366343
2 9 4.937872
2 10 4.861045
2 11 4.740535
2 12 5.749521
2 13 5.510032
2 16 4.904216
2 17 5.191803
2 18 4.890708
2 20 4.935421
2 21 3.735163
2 22 4.015918
2 23 4.848233
2 25 3.103901
2 26 4.515910
2 27 5.722877
2 30 5.715598
3 6 1.335430
3 7 2.435253
3 8 2.955419
3 9 3.473741
3 10 3.720113
3 11 3.583161
3 12 4.676731
3 13 4.546121
3 14 5.166939
3 15 5.585293
3 16 4.279675
3 17 4.796945
3 18 4.379753
3 19 5.312644
3 20 5.000392
3 21 3.346070
3 22 3.588690
3 23 3.973835
3 24 5.199090
3 25 2.968730
3 26 3.327504
3 27 4.383515
3 28 5.386676
3 30 4.246754
3 31 5.312829
4 6 2.253955
4 7 2.777615
4 8 2.870652
4 9 2.928952
4 10 4.267617
4 11 3.711317
4 12 4.572426
4 13 4.155567
4 14 4.509258
4 15 5.696523
4 16 4.022511
4 17 4.337813
4 18 3.593567
4 19 4.355635
4 20 4.783696
4 21 2.553724
4 22 2.551250
4 23 2.749642
4 24 3.972497
4 25 2.204271
4 26 2.157775
4 27 3.364386
4 28 4.351741
4 29 5.377722
4 30 3.572231
4 31 4.434719
4 32 5.717302
4 36 5.761378
4 41 5.754005
4 45 5.458365
5 6 2.843351
5 7 4.210706
5 8 5.189531
5 10 4.983717
5 11 5.648206
5 21 5.192309
5 22 5.261086
5 25 4.085983
5 26 5.472817
6 11 3.003426
6 12 4.343693
6 13 4.656052
6 14 5.386232
6 15 5.186762
6 16 4.613304
6 17 5.461414
6 18 5.259287
6 20 5.779476
6 21 4.423935
6 22 4.768977
6 23 4.892900
6 25 4.246263
6 26 3.975565
6 27 4.692206
6 28 5.647692
6 30 4.116551
6 31 5.403946
7 11 2.433408
7 12 3.802255
7 13 4.366729
7 14 4.938462
7 15 4.861276
7 16 4.740286
7 17 5.750399
7 18 5.510878
7 21 4.905204
7 22 5.191691
7 23 4.890879
7 25 4.935999
7 26 3.734757
7 27 4.016435
7 28 4.847716
7 30 3.103558
7 31 4.515593
7 32 5.723282
7 35 5.716017
8 11 1.335599
8 12 2.434791
8 13 2.955416
8 14 3.473955
8 15 3.719814
8 16 3.582352
8 17 4.676970
8 18 4.546464
8 19 5.166532
8 20 5.585619
8 21 4.280178
8 22 4.796475
8 23 4.379782
8 24 5.312608
8 25 5.000644
8 26 3.345546
8 27 3.589350
8 28 3.973439
8 29 5.199178
8 30 2.968284
8 31 3.327359
8 32 4.383770
8 33 5.387115
8 35 4.247061
8 36 5.313122
9 11 2.253921
9 12 2.777140
9 13 2.870552
9 14 2.928838
9 15 4.266991
9 16 3.710627
9 17 4.572699
9 18 4.156060
9 19 4.509249
9 20 5.697244
9 21 4.023212
9 22 4.337784
9 23 3.594131
9 24 4.356014
9 25 4.784340
9 26 2.553641
9 27 2.552226
9 28 2.749462
9 29 3.972768
9 30 2.203691
9 31 2.157544
9 32 3.364655
9 33 4.352212
9 34 5.377508
9 35 3.572247
9 36 4.435110
9 37 5.717475
9 41 5.761949
9 46 5.754974
9 50 5.458564
10 11 2.851652
10 12 4.220141
10 13 5.197737
10 15 4.992175
10 16 5.652498
10 26 5.194588
10 27 5.267075
10 30 4.092150
10 31 5.482926
11 16 3.002778
11 17 4.344092
11 18 4.656647
11 19 5.385927
11 20 5.187037
11 21 4.614068
11 22 5.461158
11 23 5.259499
11 25 5.779895
11 26 4.423676
11 27 4.769827
11 28 4.892791
11 30 4.245951
11 31 3.975905
11 32 4.692462
11 33 5.648341
11 35 4.117074
11 36 5.404408
12 16 2.432691
12 17 3.802287
12 18 4.366945
12 19 4.937970
12 20 4.861329
12 21 4.740480
12 22 5.749667
12 23 5.510698
12 26 4.904531
12 27 5.192131
12 28 4.890761
12 30 4.935146
12 31 3.735386
12 32 4.016751
12 33 4.848604
12 35 3.104629
12 36 4.516215
12 37 5.723791
12 40 5.716924
13 16 1.334783
13 17 2.434307
13 18 2.955120
13 19 3.472926
13 20 3.719848
13 21 3.582143
13 22 4.676008
13 23 4.545975
13 24 5.166081
13 25 5.585207
13 26 4.279503
13 27 4.796663
13 28 4.379355
13 29 5.312342
13 30 4.999711
13 31 3.346001
13 32 3.589315
13 33 3.973764
13 34 5.198950
13 35 2.969183
13 36 3.327480
13 37 4.383726
13 38 5.386683
13 40 4.247365
13 41 5.313271
14 16 2.254740
14 17 2.777757
14 18 2.871059
14 19 2.928529
14 20 4.268607
14 21 3.711253
14 22 4.572504
14 23 4.155969
14 24 4.508879
14 25 5.697578
14 26 4.022783
14 27 4.337617
14 28 3.593199
14 29 4.354954
14 30 4.783027
14 31 2.553416
14 32 2.550973
14 33 2.748807
14 34 3.971600
14 35 2.203420
14 36 2.157126
14 37 3.364390
14 38 4.351609
14 39 5.376861
14 40 3.573014
14 41 4.435314
14 42 5.716709
14 46 5.761831
14 51 5.753585
14 55 5.457510
15 16 2.851296
15 17 4.220217
15 18 5.197937
15 20 4.992231
15 21 5.652863
15 31 5.194670
15 32 5.266421
15 35 4.092217
15 36 5.482799
16 21 3.003055
16 22 4.343478
16 23 4.656125
16 24 5.385615
16 25 5.186757
16 26 4.613285
16 27 5.460897
16 28 5.258579
16 30 5.778363
16 31 4.423520
16 32 4.769350
16 33 4.892900
16 35 4.246250
16 36 3.976170
16 37 4.692883
16 38 5.648306
16 40 4.117905
16 41 5.405050
17 21 2.433085
17 22 3.802151
17 23 4.366729
17 24 4.937784
17 25 4.861574
17 26 4.740492
17 27 5.749825
17 28 5.510066
17 31 4.904649
17 32 5.191656
17 33 4.890373
17 35 4.935404
17 36 3.735044
17 37 4.016320
17 38 4.847853
17 40 3.104143
17 41 4.516379
17 42 5.722576
17 45 5.716383
18 21 1.334893
18 22 2.434074
18 23 2.954756
18 24 3.472555
18 25 3.719939
18 26 3.582235
18 27 4.675980
18 28 4.545240
18 29 5.165798
18 30 5.584406
18 31 4.279482
18 32 4.796449
18 33 4.378966
18 34 5.311659
18 35 5.000091
18 36 3.345799
18 37 3.588843
18 38 3.973028
18 39 5.198052
18 40 2.968718
18 41 3.327345
18 42 4.382296
18 43 5.386839
18 45 4.246632
18 46 5.312871
19 21 2.253976
19 22 2.777608
19 23 2.871069
19 24 2.928868
19 25 4.268431
19 26 3.711371
19 27 4.572428
19 28 4.155587
19 29 4.509068
19 30 5.696558
19 31 4.022801
19 32 4.337492
19 33 3.593095
19 34 4.354930
19 35 4.783136
19 36 2.553529
19 37 2.551136
19 38 2.749165
19 39 3.971796
19 40 2.203431
19 41 2.158278
19 42 3.364219
19 43 4.352938
19 44 5.377558
19 45 3.573175
19 46 4.435836
19 47 5.717356
19 51 5.761739
19 56 5.754169
19 60 5.457203
20 21 2.852242
20 22 4.220783
20 23 5.198457
20 25 4.992663
20 26 5.653563
20 36 5.195726
20 37 5.267521
20 40 4.092970
20 41 5.484329
21 26 3.003168
21 27 4.343466
21 28 4.655319
21 29 5.385505
21 30 5.186161
21 31 4.613152
21 32 5.460970
21 33 5.258373
21 35 5.778897
21 36 4.423500
21 37 4.768959
21 38 4.892296
21 40 4.245808
21 41 3.975813
21 42 4.691314
21 43 5.648235
21 45 4.117084
21 46 5.404501
22 26 2.433090
22 27 3.801641
22 28 4.365642
22 29 4.937783
22 30 4.860534
22 31 4.739706
22 32 5.749677
22 33 5.509706
22 36 4.904568
22 37 5.191400
22 38 4.890361
22 40 4.935141
22 41 3.735071
22 42 4.015685
22 43 4.848300
22 45 3.104479
22 46 4.516199
22 47 5.722806
22 50 5.716249
23 26 1.335524
23 27 2.434089
23 28 2.954363
23 29 3.473228
23 30 3.719475
23 31 3.581970
23 32 4.676558
23 33 4.545416
23 34 5.165712
23 35 5.584791
23 36 4.279795
23 37 4.796362
23 38 4.379195
23 39 5.311421
23 40 5.000078
23 41 3.345756
23 42 3.588494
23 43 3.973666
23 44 5.198513
23 45 2.968905
23 46 3.327691
23 47 4.383030
23 48 5.386604
23 50 4.247013
23 51 5.312809
24 26 2.254382
24 27 2.777078
24 28 2.870494
24 29 2.929158
24 30 4.267689
24 31 3.710870
24 32 4.572743
24 33 4.155412
24 34 4.508753
24 35 5.696674
24 36 4.022933
24 37 4.337283
24 38 3.593332
24 39 4.354566
24 40 4.783150
24 41 2.553273
24 42 2.551013
24 43 2.749647
24 44 3.972111
24 45 2.203709
24 46 2.158283
24 47 3.364522
24 48 4.352335
24 49 5.378162
24 50 3.573278
24 51 4.435461
24 52 5.717126
24 56 5.761683
24 61 5.753744
24 65 5.458177
25 26 2.852676
25 27 4.220779
25 28 5.197730
25 30 4.992448
25 31 5.653144
25 41 5.195464
25 42 5.266571
25 45 4.092921
25 46 5.483999
26 31 3.002164
26 32 4.343625
26 33 4.655340
26 34 5.385132
26 35 5.185999
26 36 4.613342
26 37 5.460934
26 38 5.258720
26 40 5.779215
26 41 4.423794
26 42 4.769126
26 43 4.893158
26 45 4.246610
26 46 3.976494
26 47 4.692158
26 48 5.647951
26 50 4.117157
26 51 5.404154
27 31 2.432526
27 32 3.802402
27 33 4.365822
27 34 4.937309
27 35 4.860915
27 36 4.739938
27 37 5.749422
27 38 5.509601
27 41 4.904127
27 42 5.190935
27 43 4.890234
27 45 4.934946
27 46 3.735047
27 47 4.015789
27 48 4.847490
27 50 3.103802
27 51 4.515493
27 52 5.722696
27 55 5.715711
28 31 1.334904
28 32 2.435074
28 33 2.954866
28 34 3.473339
28 35 3.719681
28 36 3.582192
28 37 4.676403
28 38 4.545558
28 39 5.165669
28 40 5.585084
28 41 4.279548
28 42 4.796272
28 43 4.379749
28 44 5.312230
28 45 4.999805
28 46 3.346483
28 47 3.589337
28 48 3.973746
28 49 5.199946
28 50 2.969092
28 51 3.327870
28 52 4.383821
28 53 5.387867
28 55 4.247274
28 56 5.313404
29 31 2.253754
29 32 2.777192
29 33 2.870083
29 34 2.928377
29 35 4.267166
29 36 3.710670
29 37 4.572266
29 38 4.155487
29 39 4.508423
29 40 5.696919
29 41 4.022783
29 42 4.337833
29 43 3.594041
29 44 4.355485
29 45 4.783584
29 46 2.554463
29 47 2.551919
29 48 2.749291
29 49 3.973076
29 50 2.204249
29 51 2.157616
29 52 3.364198
29 53 4.352576
29 54 5.377384
29 55 3.572050
29 56 4.435078
29 57 5.716640
29 61 5.761426
29 66 5.753873
29 70 5.458319
30 31 2.851009
30 32 4.220513
30 33 5.197166
30 35 4.991655
30 36 5.652439
30 46 5.195551
30 47 5.266944
30 50 4.092510
30 51 5.483135
31 36 3.002962
31 37 4.344041
31 38 4.655649
31 39 5.385280
31 40 5.187074
31 41 4.613560
31 42 5.460779
31 43 5.259225
31 45 5.778932
31 46 4.424160
31 47 4.769291
31 48 4.892571
31 50 4.246002
31 51 3.975982
31 52 4.692420
31 53 5.648989
31 55 4.117372
31 56 5.404807
32 36 2.432361
32 37 3.802099
32 38 4.365760
32 39 4.937284
32 40 4.861392
32 41 4.740274
32 42 5.749669
32 43 5.510685
32 46 4.905312
32 47 5.191914
32 48 4.890299
32 50 4.935622
32 51 3.735003
32 52 4.016057
32 53 4.848409
32 55 3.103904
32 56 4.515842
32 57 5.722373
32 60 5.715624
33 36 1.334750
33 37 2.434606
33 38 2.954358
33 39 3.472863
33 40 3.720125
33 41 3.582103
33 42 4.676081
33 43 4.546034
33 44 5.165885
33 45 5.584567
33 46 4.279931
33 47 4.796391
33 48 4.379062
33 49 5.312658
33 50 4.999963
33 51 3.345930
33 52 3.588994
33 53 3.974206
33 54 5.199134
33 55 2.968785
33 56 3.327909
33 57 4.383058
33 58 5.386963
33 60 4.246895
33 61 5.312853
34 36 2.253483
34 37 2.776989
34 38 2.870096
34 39 2.928600
34 40 4.267717
34 41 3.710666
34 42 4.572457
34 43 4.156146
34 44 4.509094
34 45 5.696500
34 46 4.023219
34 47 4.337840
34 48 3.593557
34 49 4.356107
34 50 4.783602
34 51 2.554069
34 52 2.551674
34 53 2.750277
34 54 3.972813
34 55 2.203694
34 56 2.158314
34 57 3.364331
34 58 4.352487
34 59 5.378286
34 60 3.572763
34 61 4.435305
34 62 5.717097
34 66 5.761448
34 71 5.754252
34 75 5.458157
35 36 2.851351
35 37 4.220818
35 38 5.197222
35 40 4.992869
35 41 5.653060
35 51 5.194926
35 52 5.266695
35 55 4.092508
35 56 5.483523
36 41 3.003481
36 42 4.343829
36 43 4.656554
36 44 5.385679
36 45 5.186826
36 46 4.614070
36 47 5.461096
36 48 5.258664
36 50 5.779240
36 51 4.423747
36 52 4.768925
36 53 4.893083
36 55 4.245592
36 56 3.976255
36 57 4.691663
36 58 5.648230
36 60 4.116784
36 61 5.404489
37 41 2.432712
37 42 3.801542
37 43 4.366325
37 44 4.937211
37 45 4.860695
37 46 4.740206
37 47 5.749464
37 48 5.509791
37 51 4.904723
37 52 5.191239
37 53 4.890525
37 55 4.934967
37 56 3.735195
37 57 4.015150
37 58 4.847498
37 60 3.103129
37 61 4.515369
37 62 5.722078
37 65 5.716231
38 41 1.335203
38 42 2.434794
38 43 2.955551
38 44 3.473374
38 45 3.719876
38 46 3.582499
38 47 4.676384
38 48 4.545716
38 49 5.166451
38 50 5.585193
38 51 4.279914
38 52 4.796054
38 53 4.379496
38 54 5.312154
38 55 4.999246
38 56 3.346155
38 57 3.588266
38 58 3.973759
38 59 5.199674
38 60 2.968298
38 61 3.327760
38 62 4.383339
38 63 5.387757
38 65 4.248075
38 66 5.313008
39 41 2.253038
39 42 2.776841
39 43 2.870388
39 44 2.928474
39 45 4.266798
39 46 3.710353
39 47 4.572027
39 48 4.155487
39 49 4.509104
39 50 5.696647
39 51 4.023066
39 52 4.337379
39 53 3.593881
39 54 4.355680
39 55 4.782893
39 56 2.554379
39 57 2.551343
39 58 2.749997
39 59 3.973481
39 60 2.204138
39 61 2.158149
39 62 3.364328
39 63 4.353012
39 64 5.377984
39 65 3.573392
39 66 4.435023
39 67 5.717217
39 71 5.761839
39 76 5.754631
39 80 5.458267
40 41 2.851864
40 42 4.219871
40 43 5.197931
40 45 4.991952
40 46 5.653179
40 56 5.195699
40 57 5.266121
40 60 4.091658
40 61 5.483093
41 46 3.002744
41 47 4.343276
41 48 4.655427
41 49 5.385482
41 50 5.186674
41 51 4.613502
41 52 5.460479
41 53 5.258756
41 55 5.778400
41 56 4.423738
41 57 4.768192
41 58 4.892421
41 60 4.245401
41 61 3.975451
41 62 4.691339
41 63 5.648123
41 65 4.117171
41 66 5.403719
42 46 2.432872
42 47 3.802194
42 48 4.366584
42 49 4.938354
42 50 4.861635
42 51 4.740731
42 52 5.749731
42 53 5.510615
42 56 4.905127
42 57 5.191113
42 58 4.890928
42 60 4.935042
42 61 3.735290
42 62 4.016148
42 63 4.848751
42 65 3.104702
42 66 4.516239
42 67 5.723577
42 70 5.716929
43 46 1.334737
43 47 2.434332
43 48 2.954991
43 49 3.473362
43 50 3.720241
43 51 3.582746
43 52 4.676370
43 53 4.546093
43 54 5.165981
43 55 5.584665
43 56 4.280119
43 57 4.796085
43 58 4.379659
43 59 5.312348
43 60 5.000106
43 61 3.345818
43 62 3.588589
43 63 3.973666
43 64 5.198809
43 65 2.968851
43 66 3.327115
43 67 4.383287
43 68 5.386527
43 70 4.247159
43 71 5.313101
44 46 2.253152
44 47 2.777047
44 48 2.870843
44 49 2.929048
44 50 4.267951
44 51 3.711316
44 52 4.572432
44 53 4.155981
44 54 4.509092
44 55 5.696343
44 56 4.023160
44 57 4.337365
44 58 3.594111
44 59 4.355754
44 60 4.783515
44 61 2.553837
44 62 2.551521
44 63 2.750050
44 64 3.972802
44 65 2.204105
44 66 2.158013
44 67 3.364903
44 68 4.352450
44 69 5.377972
44 70 3.573432
44 71 4.435886
44 72 5.717698
44 76 5.762056
44 81 5.754065
44 85 5.465662
45 46 2.851386
45 47 4.220060
45 48 5.197415
45 50 4.992533
45 51 5.652963
45 61 5.194699
45 62 5.266065
45 65 4.092098
45 66 5.482908
46 51 3.003327
46 52 4.343729
46 53 4.656089
46 54 5.385256
46 55 5.186403
46 56 4.613624
46 57 5.460370
46 58 5.258763
46 60 5.778879
46 61 4.423202
46 62 4.768434
46 63 4.892413
46 65 4.245679
46 66 3.975153
46 67 4.691888
46 68 5.647453
46 70 4.116886
46 71 5.404230
47 51 2.433015
47 52 3.802157
47 53 4.366543
47 54 4.937568
47 55 4.860804
47 56 4.740206
47 57 5.749370
47 58 5.510371
47 61 4.904450
47 62 5.191297
47 63 4.890538
47 65 4.935260
47 66 3.734688
47 67 4.016316
47 68 4.847639
47 70 3.104009
47 71 4.516033
47 72 5.723242
47 75 5.716140
48 51 1.334857
48 52 2.434281
48 53 2.955037
48 54 3.473042
48 55 3.719107
48 56 3.582032
48 57 4.676172
48 58 4.546103
48 59 5.166135
48 60 5.585099
48 61 4.279742
48 62 4.796556
48 63 4.379936
48 64 5.312325
48 65 5.000467
48 66 3.345890
48 67 3.589505
48 68 3.973697
48 69 5.199196
48 70 2.969134
48 71 3.327813
48 72 4.383784
48 73 5.387325
48 75 4.247020
48 76 5.313209
49 51 2.254473
49 52 2.777488
49 53 2.870707
49 54 2.928451
49 55 4.267559
49 56 3.710842
49 57 4.572487
49 58 4.155953
49 59 4.508561
49 60 5.697276
49 61 4.022795
49 62 4.337503
49 63 3.593526
49 64 4.354828
49 65 4.783580
49 66 2.553126
49 67 2.551165
49 68 2.748767
49 69 3.971854
49 70 2.203580
49 71 2.157528
49 72 3.364393
49 73 4.352054
49 74 5.376880
49 75 3.572556
49 76 4.435084
49 77 5.717082
49 81 5.761312
49 86 5.753904
49 90 5.457605
50 51 2.851574
50 52 4.220459
50 53 5.198057
50 55 4.991885
50 56 5.653045
50 66 5.195223
50 67 5.267308
50 70 4.092419
50 71 5.483456
51 56 3.003111
51 57 4.343897
51 58 4.656333
51 59 5.385920
51 60 5.187167
51 61 4.613773
51 62 5.461164
51 63 5.259489
51 65 5.779780
51 66 4.423548
51 67 4.769390
51 68 4.892681
51 70 4.246000
51 71 3.975846
51 72 4.692385
51 73 5.648647
51 75 4.116930
51 76 5.404637
52 56 2.432209
52 57 3.801884
52 58 4.366020
52 59 4.937515
52 60 4.861213
52 61 4.739824
52 62 5.749348
52 63 5.510384
52 66 4.904107
52 67 5.191431
52 68 4.890381
52 70 4.935166
52 71 3.734689
52 72 4.016250
52 73 4.848454
52 75 3.103830
52 76 4.515815
52 77 5.723186
52 80 5.715660
53 56 1.334651
53 57 2.434576
53 58 2.954627
53 59 3.472897
53 60 3.720323
53 61 3.581993
53 62 4.676078
53 63 4.545993
53 64 5.165534
53 65 5.585377
53 66 4.279180
53 67 4.796127
53 68 4.379222
53 69 5.311695
53 70 5.000009
53 71 3.345436
53 72 3.588778
53 73 3.973653
53 74 5.198297
53 75 2.968170
53 76 3.327203
53 77 4.383384
53 78 5.386923
53 80 4.246398
53 81 5.312769
54 56 2.253390
54 57 2.777727
54 58 2.870640
54 59 2.928670
54 60 4.268385
54 61 3.710755
54 62 4.572421
54 63 4.156059
54 64 4.508663
54 65 5.697186
54 66 4.022413
54 67 4.337241
54 68 3.593686
54 69 4.355134
54 70 4.783292
54 71 2.553351
54 72 2.551479
54 73 2.749965
54 74 3.972218
54 75 2.203322
54 76 2.158068
54 77 3.365003
54 78 4.352897
54 79 5.377479
54 80 3.572701
54 81 4.435645
54 82 5.717447
54 86 5.762001
54 91 5.753768
54 95 5.457992
55 56 2.850980
55 57 4.220063
55 58 5.197100
55 60 4.992139
55 61 5.652293
55 71 5.194481
55 72 5.266660
55 75 4.092009
55 76 5.483101
56 61 3.003017
56 62 4.343645
56 63 4.656309
56 64 5.385306
56 65 5.187446
56 66 4.613039
56 67 5.460613
56 68 5.258597
56 70 5.778999
56 71 4.423129
56 72 4.768701
56 73 4.892573
56 75 4.244983
56 76 3.975594
56 77 4.692346
56 78 5.648197
56 80 4.116603
56 81 5.404294
57 61 2.432279
57 62 3.801578
57 63 4.366621
57 64 4.937656
57 65 4.861313
57 66 4.739715
57 67 5.749473
57 68 5.510530
57 71 4.904858
57 72 5.191955
57 73 4.891161
57 75 4.935203
57 76 3.735725
57 77 4.017258
57 78 4.848650
57 80 3.104242
57 81 4.516208
57 82 5.723443
57 85 5.730548
58 61 1.335188
58 62 2.434780
58 63 2.955801
58 64 3.473543
58 65 3.720752
58 66 3.582393
58 67 4.676538
58 68 4.546333
58 69 5.166297
58 70 5.585706
58 71 4.280134
58 72 4.796613
58 73 4.379444
58 74 5.311833
58 75 4.999603
58 76 3.346118
58 77 3.589328
58 78 3.973679
58 79 5.198650
58 80 2.968079
58 81 3.327600
58 82 4.383882
58 83 5.387594
58 85 4.261298
58 86 5.313698
59 61 2.254118
59 62 2.777368
59 63 2.870652
59 64 2.928195
59 65 4.268255
59 66 3.710360
59 67 4.571710
59 68 4.155508
59 69 4.508245
59 70 5.696831
59 71 4.022587
59 72 4.337077
59 73 3.592842
59 74 4.354291
59 75 4.782643
59 76 2.553481
59 77 2.551413
59 78 2.748965
59 79 3.971542
59 80 2.203345
59 81 2.157386
59 82 3.364381
59 83 4.352136
59 84 5.377227
59 85 3.585611
59 86 4.435077
59 87 5.716315
59 91 5.760893
59 96 5.753706
59 100 5.457708
60 61 2.851792
60 62 4.220324
60 63 5.198477
60 65 4.992931
60 66 5.652947
60 76 5.196055
60 77 5.268118
60 80 4.092820
60 81 5.483846
61 66 3.002735
61 67 4.343587
61 68 4.655882
61 69 5.385461
61 70 5.187100
61 71 4.613671
61 72 5.460899
61 73 5.258551
61 75 5.778508
61 76 4.423714
61 77 4.769306
61 78 4.892455
61 80 4.245331
61 81 3.975560
61 82 4.692376
61 83 5.648525
61 85 4.130169
61 86 5.404690
62 66 2.432866
62 67 3.802156
62 68 4.366481
62 69 4.937997
62 70 4.861824
62 71 4.740711
62 72 5.749900
62 73 5.509977
62 76 4.904954
62 77 5.191770
62 78 4.890302
62 80 4.934743
62 81 3.734791
62 82 4.016543
62 83 4.848686
62 85 3.114585
62 86 4.516466
62 87 5.723085
62 90 5.716652
63 66 1.335020
63 67 2.434194
63 68 2.954854
63 69 3.473079
63 70 3.720372
63 71 3.582834
63 72 4.676603
63 73 4.545465
63 74 5.165498
63 75 5.584988
63 76 4.280164
63 77 4.796618
63 78 4.379164
63 79 5.311686
63 80 4.999781
63 81 3.345635
63 82 3.588918
63 83 3.973600
63 84 5.198702
63 85 2.973556
63 86 3.327489
63 87 4.382888
63 88 5.386453
63 90 4.246929
63 91 5.312929
64 66 2.253773
64 67 2.776684
64 68 2.870369
64 69 2.928482
64 70 4.268002
64 71 3.710975
64 72 4.572129
64 73 4.154773
64 74 4.508017
64 75 5.696283
64 76 4.022787
64 77 4.337206
64 78 3.593016
64 79 4.354730
64 80 4.782804
64 81 2.553345
64 82 2.551537
64 83 2.749670
64 84 3.972378
64 85 2.205260
64 86 2.158039
64 87 3.364139
64 88 4.351924
64 89 5.377432
64 90 3.573061
64 91 4.435172
64 92 5.716816
64 96 5.761501
64 101 5.753656
64 105 5.457683
65 66 2.851688
65 67 4.220375
65 68 5.197562
65 70 4.992802
65 71 5.653527
65 81 5.194899
65 82 5.266948
65 85 4.099530
65 86 5.483353
66 71 3.003206
66 72 4.343661
66 73 4.655255
66 74 5.384805
66 75 5.186232
66 76 4.613379
66 77 5.460660
66 78 5.258459
66 80 5.778238
66 81 4.423288
66 82 4.769070
66 83 4.892795
66 85 4.249176
66 86 3.976184
66 87 4.692250
66 88 5.647882
66 90 4.117264
66 91 5.404405
67 71 2.432975
67 72 3.801934
67 73 4.365379
67 74 4.936724
67 75 4.860902
67 76 4.739880
67 77 5.749107
67 78 5.509606
67 81 4.904137
67 82 5.191026
67 83 4.889944
67 85 4.934496
67 86 3.734786
67 87 4.015865
67 88 4.847189
67 90 3.103594
67 91 4.515467
67 92 5.722559
67 95 5.715425
68 71 1.335570
68 72 2.435013
68 73 2.954950
68 74 3.473245
68 75 3.720152
68 76 3.582778
68 77 4.676656
68 78 4.546353
68 79 5.166167
68 80 5.585032
68 81 4.280283
68 82 4.796688
68 83 4.379581
68 84 5.312568
68 85 5.000305
68 86 3.346446
68 87 3.589271
68 88 3.973533
68 89 5.199430
68 90 2.968961
68 91 3.327818
68 92 4.383844
68 93 5.387395
68 95 4.247193
68 96 5.313792
69 71 2.253888
69 72 2.777010
69 73 2.869677
69 74 2.928128
69 75 4.267515
69 76 3.710704
69 77 4.571959
69 78 4.155717
69 79 4.508583
69 80 5.696394
69 81 4.023104
69 82 4.337540
69 83 3.593485
69 84 4.355575
69 85 4.780711
69 86 2.554203
69 87 2.551864
69 88 2.749274
69 89 3.972756
69 90 2.204591
69 91 2.157898
69 92 3.364486
69 93 4.352204
69 94 5.377545
69 95 3.572463
69 96 4.435457
69 97 5.717196
69 101 5.761532
69 106 5.753917
69 110 5.458910
70 71 2.851913
70 72 4.220557
70 73 5.197426
70 75 4.992200
70 76 5.653147
70 86 5.195719
70 87 5.267283
70 90 4.092204
70 91 5.483304
71 76 3.002867
71 77 4.343626
71 78 4.656208
71 79 5.385254
71 80 5.186345
71 81 4.613968
71 82 5.461209
71 83 5.259002
71 85 5.782625
71 86 4.424327
71 87 4.769480
71 88 4.892491
71 90 4.246514
71 91 3.975699
71 92 4.692201
71 93 5.648182
71 95 4.116593
71 96 5.404634
72 76 2.432467
72 77 3.801751
72 78 4.366481
72 79 4.937205
72 80 4.860803
72 81 4.740475
72 82 5.749571
72 83 5.509923
72 86 4.904976
72 87 5.191525
72 88 4.890052
72 90 4.935718
72 91 3.734499
72 92 4.016099
72 93 4.847945
72 95 3.103551
72 96 4.515969
72 97 5.722812
72 100 5.715838
73 76 1.335042
73 77 2.434294
73 78 2.955003
73 79 3.472500
73 80 3.719863
73 81 3.582255
73 82 4.675739
73 83 4.544926
73 84 5.165456
73 85 5.588491
73 86 4.279343
73 87 4.795509
73 88 4.378435
73 89 5.311526
73 90 4.999909
73 91 3.344898
73 92 3.588624
73 93 3.973449
73 94 5.198808
73 95 2.968640
73 96 3.327587
73 97 4.383290
73 98 5.386504
73 100 4.246995
73 101 5.312711
74 76 2.253293
74 77 2.776471
74 78 2.870673
74 79 2.928425
74 80 4.267372
74 81 3.710921
74 82 4.571915
74 83 4.155110
74 84 4.508840
74 85 5.697759
74 86 4.022784
74 87 4.337111
74 88 3.593302
74 89 4.355388
74 90 4.783794
74 91 2.553294
74 92 2.551784
74 93 2.750080
74 94 3.973033
74 95 2.204406
74 96 2.158566
74 97 3.364926
74 98 4.352372
74 99 5.378265
74 100 3.573024
74 101 4.435511
74 102 5.716901
74 106 5.761465
74 111 5.754171
74 115 5.458470
75 76 2.851144
75 77 4.220173
75 78 5.197910
75 80 4.991713
75 81 5.653069
75 91 5.194907
75 92 5.267224
75 95 4.092429
75 96 5.483727
76 81 3.003634
76 82 4.344028
76 83 4.656003
76 84 5.385748
76 85 5.194565
76 86 4.614025
76 87 5.460746
76 88 5.258592
76 90 5.779701
76 91 4.423285
76 92 4.768958
76 93 4.892760
76 95 4.245754
76 96 3.976025
76 97 4.692111
76 98 5.648106
76 100 4.116982
76 101 5.404602
77 81 2.433013
77 82 3.801889
77 83 4.365827
77 84 4.937266
77 85 4.869510
77 86 4.740100
77 87 5.748819
77 88 5.509496
77 91 4.903919
77 92 5.190895
77 93 4.890082
77 95 4.934980
77 96 3.734600
77 97 4.015571
77 98 4.847466
77 100 3.103484
77 101 4.515542
77 102 5.722302
77 105 5.715389
78 81 1.334987
78 82 2.433976
78 83 2.954508
78 84 3.472895
78 85 3.724976
78 86 3.582191
78 87 4.675680
78 88 4.545696
78 89 5.165756
78 90 5.585624
78 91 4.279845
78 92 4.796549
78 93 4.379802
78 94 5.312507
78 95 5.000650
78 96 3.346413
78 97 3.589290
78 98 3.973843
78 99 5.199178
78 100 2.969204
78 101 3.327520
78 102 4.383003
78 103 5.386587
78 105 4.246323
78 106 5.312656
79 81 2.253750
79 82 2.776792
79 83 2.870223
79 84 2.928820
79 85 4.269214
79 86 3.710724
79 87 4.571745
79 88 4.155738
79 89 4.508739
79 90 5.697428
79 91 4.022843
79 92 4.337453
79 93 3.593947
79 94 4.355813
79 95 4.783757
79 96 2.554047
79 97 2.551895
79 98 2.750144
79 99 3.973065
79 100 2.204337
79 101 2.158449
79 102 3.364669
79 103 4.352461
79 104 5.377605
79 105 3.572699
79 106 4.435464
79 107 5.717349
79 111 5.761809
79 116 5.754781
79 120 5.459065
80 81 2.851606
80 82 4.220432
80 83 5.197646
80 85 5.004210
80 86 5.653011
80 96 5.195518
80 97 5.267106
80 100 4.092650
80 101 5.483696
81 86 3.003216
81 87 4.343347
81 88 4.656025
81 89 5.385558
81 90 5.187477
81 91 4.613954
81 92 5.461202
81 93 5.259300
81 95 5.779660
81 96 4.424264
81 97 4.769497
81 98 4.893188
81 100 4.246412
81 101 3.975998
81 102 4.692153
81 103 5.648168
81 105 4.116643
81 106 5.404310
82 86 2.432543
82 87 3.801221
82 88 4.365896
82 89 4.937068
82 90 4.861609
82 91 4.740188
82 92 5.749231
82 93 5.509868
82 96 4.904562
82 97 5.191288
82 98 4.890486
82 100 4.935308
82 101 3.734477
82 102 4.015819
82 103 4.847623
82 105 3.103351
82 106 4.515311
82 107 5.722426
82 110 5.716163
83 86 1.334742
83 87 2.433632
83 88 2.954472
83 89 3.472467
83 90 3.720429
83 91 3.582202
83 92 4.675711
83 93 4.545218
83 94 5.165379
83 95 5.584800
83 96 4.279490
83 97 4.796070
83 98 4.379287
83 99 5.311788
83 100 4.999999
83 101 3.345332
83 102 3.588711
83 103 3.973402
83 104 5.198745
83 105 2.968437
83 106 3.326988
83 107 4.382928
83 108 5.386928
83 110 4.247205
83 111 5.312643
84 86 2.253525
84 87 2.776600
84 88 2.870801
84 89 2.928446
84 90 4.268489
84 91 3.711351
84 92 4.572306
84 93 4.155714
84 94 4.508831
84 95 5.697250
84 96 4.023086
84 97 4.337670
84 98 3.593958
84 99 4.355375
84 100 4.783765
84 101 2.553413
84 102 2.551381
84 103 2.749591
84 104 3.972538
84 105 2.203491
84 106 2.157691
84 107 3.364398
84 108 4.352738
84 109 5.378353
84 110 3.573210
84 111 4.435476
84 112 5.717620
84 116 5.762047
84 121 5.753765
84 125 5.457754
85 86 2.842622
85 87 4.209269
85 88 5.188711
85 90 4.983649
85 91 5.647673
85 101 5.191353
85 102 5.260613
85 105 4.085000
85 106 5.471595
86 91 3.003497
86 92 4.343717
86 93 4.655742
86 94 5.385263
86 95 5.187007
86 96 4.613804
86 97 5.460965
86 98 5.258840
86 100 5.779310
86 101 4.423221
86 102 4.768669
86 103 4.892437
86 105 4.245267
86 106 3.975188
86 107 4.691647
86 108 5.648225
86 110 4.117245
86 111 5.404286
87 91 2.433243
87 92 3.801896
87 93 4.365692
87 94 4.937088
87 95 4.861207
87 96 4.739982
87 97 5.749219
87 98 5.509672
87 101 4.903777
87 102 5.190665
87 103 4.890078
87 105 4.934299
87 106 3.734186
87 107 4.015744
87 108 4.848135
87 110 3.104453
87 111 4.515877
87 112 5.722939
87 115 5.715985
88 91 1.335273
88 92 2.434318
88 93 2.954689
88 94 3.473081
88 95 3.719904
88 96 3.582447
88 97 4.676525
88 98 4.545962
88 99 5.166448
88 100 5.585273
88 101 4.279818
88 102 4.796376
88 103 4.379856
88 104 5.312547
88 105 4.999955
88 106 3.346020
88 107 3.589374
88 108 3.974342
88 109 5.200164
88 110 2.969688
88 111 3.328025
88 112 4.383836
88 113 5.387564
88 115 4.247225
88 116 5.313495
89 91 2.254353
89 92 2.777122
89 93 2.870072
89 94 2.928161
89 95 4.268119
89 96 3.710699
89 97 4.572170
89 98 4.155297
89 99 4.508648
89 100 5.696794
89 101 4.022330
89 102 4.336807
89 103 3.593331
89 104 4.355033
89 105 4.782829
89 106 2.553174
89 107 2.551323
89 108 2.749668
89 109 3.973102
89 110 2.204378
89 111 2.157980
89 112 3.364698
89 113 4.352534
89 114 5.377473
89 115 3.572962
89 116 4.435304
89 117 5.717271
89 121 5.761055
89 126 5.754154
89 131 5.458301
90 91 2.852694
90 92 4.221055
90 93 5.198128
90 95 4.992731
90 96 5.653963
90 106 5.195535
90 107 5.267320
90 110 4.093279
90 111 5.484072
91 96 3.002951
91 97 4.343670
91 98 4.655717
91 99 5.385797
91 100 5.186719
91 101 4.613644
91 102 5.460818
91 103 5.259136
91 105 5.779069
91 106 4.423813
91 107 4.769501
91 108 4.893203
91 110 4.246963
91 111 3.976063
91 112 4.692302
91 113 5.648350
91 115 4.116864
91 116 5.404474
92 96 2.432649
92 97 3.801916
92 98 4.365597
92 99 4.937686
92 100 4.861108
92 101 4.740002
92 102 5.748956
92 103 5.509814
92 106 4.904254
92 107 5.191303
92 108 4.890331
92 110 4.935575
92 111 3.734647
92 112 4.016023
92 113 4.847837
92 115 3.103743
92 116 4.515680
92 117 5.722945
92 120 5.716021
93 96 1.335260
93 97 2.434950
93 98 2.954659
93 99 3.473636
93 100 3.720443
93 101 3.582531
93 102 4.675927
93 103 4.545538
93 104 5.165413
93 105 5.584785
93 106 4.279516
93 107 4.796139
93 108 4.379155
93 109 5.312613
93 110 5.000086
93 111 3.345366
93 112 3.588982
93 113 3.973561
93 114 5.198930
93 115 2.968630
93 116 3.327662
93 117 4.383700
93 118 5.386838
93 120 4.247512
93 121 5.312901
94 96 2.253842
94 97 2.777591
94 98 2.870266
94 99 2.929176
94 100 4.268271
94 101 3.711046
94 102 4.571907
94 103 4.155393
94 104 4.508188
94 105 5.696620
94 106 4.022653
94 107 4.337222
94 108 3.593146
94 109 4.355665
94 110 4.783301
94 111 2.553007
94 112 2.551491
94 113 2.749428
94 114 3.972413
94 115 2.203891
94 116 2.158044
94 117 3.364961
94 118 4.352267
94 119 5.378192
94 120 3.573308
94 121 4.435232
94 122 5.717088
94 126 5.761911
95 96 2.852341
95 97 4.221112
95 98 5.197840
95 100 4.992838
95 101 5.653650
95 111 5.195445
95 112 5.267325
95 115 4.092559
95 116 5.483915
96 101 3.003184
96 102 4.343273
96 103 4.655518
96 104 5.384746
96 105 5.186522
96 106 4.613461
96 107 5.460826
96 108 5.258746
96 110 5.779496
96 111 4.423297
96 112 4.769197
96 113 4.892463
96 115 4.245866
96 116 3.975721
96 117 4.691901
96 118 5.647593
96 120 4.117038
96 121 5.403905
97 101 2.433057
97 102 3.801603
97 103 4.365784
97 104 4.936802
97 105 4.860966
97 106 4.740212
97 107 5.749582
97 108 5.510165
97 111 4.904441
97 112 5.191915
97 113 4.890504
97 115 4.935537
97 116 3.735204
97 117 4.016045
97 118 4.847610
97 120 3.104281
97 121 4.515560
97 122 5.722504
97 125 5.715679
98 101 1.335824
98 102 2.434717
98 103 2.954888
98 104 3.472721
98 105 3.720433
98 106 3.582682
98 107 4.676467
98 108 4.545850
98 109 5.166571
98 110 5.585406
98 111 4.279460
98 112 4.796584
98 113 4.379292
98 114 5.312304
98 115 4.999922
98 116 3.345902
98 117 3.588701
98 118 3.973204
98 119 5.199514
98 120 2.968976
98 121 3.327378
98 122 4.383422
98 123 5.387500
98 125 4.247197
98 126 5.313931
99 101 2.253872
99 102 2.776548
99 103 2.869847
99 104 2.927460
99 105 4.267535
99 106 3.710904
99 107 4.572258
99 108 4.155618
99 109 4.509219
99 110 5.696979
99 111 4.022821
99 112 4.338231
99 113 3.593952
99 114 4.355917
99 115 4.784114
99 116 2.554395
99 117 2.551717
99 118 2.749133
99 119 3.973013
99 120 2.204692
99 121 2.157404
99 122 3.363887
99 123 4.352289
99 124 5.377651
99 125 3.572237
99 126 4.435707
99 127 5.716827
99 130 5.786721
100 101 2.852373
100 102 4.220534
100 103 5.197624
100 105 4.992465
100 106 5.653359
100 116 5.195695
100 117 5.266992
100 120 4.092938
100 121 5.483416
101 106 3.002721
101 107 4.343347
101 108 4.655815
101 109 5.385881
101 110 5.186742
101 111 4.613378
101 112 5.461343
101 113 5.259113
101 115 5.779397
101 116 4.424144
101 117 4.769297
101 118 4.892408
101 120 4.246758
101 121 3.975530
101 122 4.692007
101 123 5.648422
101 125 4.116502
101 126 5.404868
102 106 2.432640
102 107 3.801690
102 108 4.366030
102 109 4.937784
102 110 4.861113
102 111 4.739807
102 112 5.749659
102 113 5.510092
102 116 4.904655
102 117 5.191199
102 118 4.889843
102 120 4.935510
102 121 3.734384
102 122 4.016170
102 123 4.848319
102 125 3.103590
102 126 4.516396
102 127 5.723000
102 131 5.716293
103 106 1.335610
103 107 2.434856
103 108 2.955322
103 109 3.473847
103 110 3.720403
103 111 3.582505
103 112 4.676839
103 113 4.546169
103 114 5.166283
103 115 5.585360
103 116 4.280007
103 117 4.796291
103 118 4.378895
103 119 5.312299
103 120 5.000161
103 121 3.345283
103 122 3.589151
103 123 3.974265
103 124 5.199539
103 125 2.968357
103 126 3.328284
103 127 4.383859
103 128 5.387884
103 130 5.315302
103 131 4.247814
104 106 2.254363
104 107 2.777656
104 108 2.870759
104 109 2.929173
104 110 4.268152
104 111 3.710844
104 112 4.572612
104 113 4.155728
104 114 4.508905
104 115 5.696913
104 116 4.022663
104 117 4.336916
104 118 3.592662
104 119 4.355021
104 120 4.782994
104 121 2.552659
104 122 2.551517
104 123 2.750133
104 124 3.973006
104 125 2.203583
104 126 2.158867
104 127 3.365186
104 128 4.353345
104 129 5.352951
104 130 4.422101
104 131 3.573870
105 106 2.851624
105 107 4.220310
105 108 5.197945
105 110 4.992425
105 111 5.653047
105 121 5.195063
105 122 5.267431
105 125 4.092254
105 126 5.484214
106 111 3.003215
106 112 4.344178
106 113 4.656460
106 114 5.385839
106 115 5.187042
106 116 4.614096
106 117 5.461355
106 118 5.258848
106 120 5.779729
106 121 4.423606
106 122 4.769765
106 123 4.893721
106 125 4.245987
106 126 3.976542
106 127 4.692597
106 128 5.649034
106 130 5.421270
106 131 4.117579
107 111 2.433099
107 112 3.802375
107 113 4.366695
107 114 4.937688
107 115 4.861494
107 116 4.740519
107 117 5.749937
107 118 5.510021
107 121 4.904408
107 122 5.191969
107 123 4.891334
107 125 4.935162
107 126 3.735192
107 127 4.016387
107 128 4.848626
107 130 4.537838
107 131 3.104351
108 111 1.335174
108 112 2.434576
108 113 2.955023
108 114 3.472734
108 115 3.720142
108 116 3.582283
108 117 4.676439
108 118 4.545473
108 119 5.165813
108 120 5.585151
108 121 4.279474
108 122 4.796650
108 123 4.380061
108 124 5.312476
108 125 5.000068
108 126 3.345921
108 127 3.588823
108 128 3.973995
108 129 5.202132
108 130 3.372336
108 131 2.969007
109 111 2.254555
109 112 2.777860
109 113 2.871196
109 114 2.928573
109 115 4.268630
109 116 3.711382
109 117 4.572902
109 118 4.155737
109 119 4.508654
109 120 5.697383
109 121 4.022946
109 122 4.337910
109 123 3.594128
109 124 4.355436
109 125 4.783673
109 126 2.553379
109 127 2.550774
109 128 2.749434
109 129 3.976536
109 130 2.189239
109 131 2.203639
110 111 2.852075
110 112 4.220636
110 113 5.198078
110 115 4.992650
110 116 5.653369
110 126 5.195116
110 127 5.266768
110 130 5.519892
110 131 4.092221
111 116 3.002821
111 117 4.343821
111 118 4.655576
111 119 5.385500
111 120 5.186706
111 121 4.613309
111 122 5.461061
111 123 5.259533
111 125 5.779094
111 126 4.423913
111 127 4.769038
111 128 4.893293
111 130 4.047395
111 131 4.246325
112 116 2.432999
112 117 3.802768
112 118 4.366557
112 119 4.938079
112 120 4.861619
112 121 4.740632
112 122 5.750134
112 123 5.511132
112 126 4.905176
112 127 5.191412
112 128 4.891142
112 130 3.827429
112 131 4.935589
113 116 1.334808
113 117 2.434876
113 118 2.955070
113 119 3.473445
113 120 3.719939
113 121 3.582653
113 122 4.676625
113 123 4.546615
113 124 5.166520
113 125 5.585602
113 126 4.280470
113 127 4.796379
113 128 4.380324
113 129 5.343715
113 130 3.424301
113 131 5.000597
114 116 2.253890
114 117 2.778035
114 118 2.871339
114 119 2.929275
114 120 4.268205
114 121 3.711641
114 122 4.572952
114 123 4.156578
114 124 4.509489
114 125 5.697691
114 126 4.023377
114 127 4.337171
114 128 3.594208
114 129 4.395364
114 130 2.627567
114 131 4.783517
115 116 2.851915
115 117 4.221276
115 118 5.198135
115 120 4.992726
115 121 5.653507
115 130 5.291644
116 121 3.003428
116 122 4.343879
116 123 4.656483
116 124 5.385885
116 125 5.187296
116 126 4.614320
116 127 5.460763
116 128 5.259588
116 130 4.485255
116 131 5.779502
117 121 2.432833
117 122 3.801510
117 123 4.366244
117 124 4.937618
117 125 4.861287
117 126 4.740822
117 127 5.749377
117 128 5.511005
117 130 4.945282
118 121 1.335058
118 122 2.434000
118 123 2.954845
118 124 3.473328
118 125 3.720083
118 126 3.582810
118 127 4.676020
118 128 4.546651
118 129 5.174703
118 130 4.289176
118 131 5.585265
119 121 2.254573
119 122 2.776963
119 123 2.870017
119 124 2.928061
119 125 4.268406
119 126 3.711013
119 127 4.571550
119 128 4.155800
119 129 4.521979
119 130 4.017307
119 131 5.696760
120 121 2.852081
120 122 4.220265
120 123 5.197922
120 125 4.992848
120 126 5.653980
121 126 3.003636
121 127 4.343520
121 128 4.656693
121 129 5.377206
121 130 4.607532
121 131 5.186965
122 126 2.433961
122 127 3.802521
122 128 4.367234
122 129 4.911904
122 130 4.702373
122 131 4.862064
123 126 1.336152
123 127 2.435093
123 128 2.955986
123 129 3.441236
123 130 3.522322
123 131 3.721023
124 126 2.254278
124 127 2.777421
124 128 2.871173
124 129 2.895133
124 130 3.634346
124 131 4.268449
125 126 2.852692
125 127 4.221018
125 128 5.198767
125 130 5.612881
125 131 4.992921

RESIDUES
ALA 1
 0.0 5.000000
 0.1 5.000000
 0.2 5.000000
 0.3 5.000000
 0.4 5.000000
 0.5 5.000000
 0.6 5.000000
 0.7 5.000000
 0.8 5.000000
 0.9 5.000000
 1.0 5.000000
 1.1 5.000000
 1.2 5.000000
 1.3 4.500000
 1.4 4.500000
 1.5 4.500000
 1.6 4.500000
 1.7 4.500000
 1.8 4.500000
 1.9 4.500000
 2.0 4.500000
 2.1 4.500000
 2.2 3.928571
 2.3 3.166667
 2.4 2.500000
 2.5 2.500000
 2.6 1.633000
 2.7 1.333000
 2.8 0.867000
 2.9 0.129667
 3.0 -0.950200
 3.1 -1.708000
 3.2 -1.708000
 3.3 -1.833250
 3.4 -1.333000
 3.5 -1.416500
 3.6 -0.388667
 3.7 0.708400
 3.8 0.791750
 3.9 0.791750
 4.0 1.014083
 4.1 0.666875
 4.2 0.573500
 4.3 1.089091
 4.4 0.605750
 4.5 0.604000
 4.6 0.766600
 4.7 0.500091
 4.8 -0.029000
 4.9 -1.096000
 5.0 -2.085429
 5.1 -2.085429
 5.2 -0.751389
 5.3 -0.337643
 5.4 -1.108100
 5.5 0.506000
 5.6 0.896875
 5.7 2.180933

ALA 2
 0.0 5.000000
 0.1 5.000000
 0.2 5.000000
 0.3 5.000000
 0.4 5.000000
 0.5 5.000000
 0.6 5.000000
 0.7 5.000000
 0.8 5.000000
 0.9 5.000000
 1.0 5.000000
 1.1 5.000000
 1.2 5.000000
 1.3 4.250000
 1.4 4.250000
 1.5 4.250000
 1.6 4.250000
 1.7 4.250000
 1.8 4.250000
 1.9 4.250000
 2.0 4.250000
 2.1 4.250000
 2.2 3.428571
 2.3 2.333333
 2.4 1.000000
 2.5 1.000000
 2.6 -0.333600
 2.7 -0.833000
 2.8 -1.433000
 2.9 -3.037000
 3.0 -5.183100
 3.1 -6.375000
 3.2 -6.375000
 3.3 -6.375250
 3.4 -5.033200
 3.5 -5.166500
 3.6 -2.166667
 3.7 0.433400
 3.8 0.667500
 3.9 0.667500
 4.0 1.374750
 4.1 1.770000
 4.2 1.675250
 4.3 1.647273
 4.4 -1.810100
 4.5 -2.015600
 4.6 -0.762600
 4.7 0.063727
 4.8 -0.738727
 4.9 -4.377765
 5.0 -8.446000
 5.1 -8.446000
 5.2 -5.781444
 5.3 -2.439429
 5.4 -3.709400
 5.5 -0.546643
 5.6 1.038500
 5.7 3.126933

ALA 3
 0.0 5.000000
 0.1 5.000000
 0.2 5.000000
 0.3 5.000000
 0.4 5.000000
 0.5 5.000000
 0.6 5.000000
 0.7 5.000000
 0.8 5.000000
 0.9 5.000000
 1.0 5.000000
 1.1 5.000000
 1.2 5.000000
 1.3 4.250000
 1.4 4.250000
 1.5 4.250000
 1.6 4.250000
 1.7 4.250000
 1.8 4.250000
 1.9 4.250000
 2.0 4.250000
 2.1 4.250000
 2.2 3.285714
 2.3 2.500000
 2.4 0.875000
 2.5 0.875000
 2.6 -0.467000
 2.7 -0.833000
 2.8 -1.333000
 2.9 -3.037000
 3.0 -5.166400
 3.1 -6.250000
 3.2 -6.250000
 3.3 -6.375250
 3.4 -5.066600
 3.5 -5.208250
 3.6 -1.548167
 3.7 2.233200
 3.8 2.667500
 3.9 2.667500
 4.0 3.423583
 4.1 3.561875
 4.2 3.159250
 4.3 1.929364
 4.4 -1.580050
 4.5 -2.269300
 4.6 -0.552600
 4.7 0.570273
 4.8 -1.000545
 4.9 -4.193235
 5.0 -8.718714
 5.1 -8.718714
 5.2 -4.006556
 5.3 -2.570214
 5.4 -5.893200
 5.5 -4.258929
 5.6 -2.549500
 5.7 3.319533

ALA 4
 0.0 5.000000
 0.1 5.000000
 0.2 5.000000
 0.3 5.000000
 0.4 5.000000
 0.5 5.000000
 0.6 5.000000
 0.7 5.000000
 0.8 5.000000
 0.9 5.000000
 1.0 5.000000
 1.1 5.000000
 1.2 5.000000
 1.3 4.000000
 1.4 4.000000
 1.5 4.000000
 1.6 4.000000
 1.7 4.000000
 1.8 4.000000
 1.9 4.000000
 2.0 4.000000
 2.1 4.000000
 2.2 3.357143
 2.3 2.500000
 2.4 0.750000
 2.5 0.750000
 2.6 -0.367000
 2.7 -0.833000
 2.8 -1.233000
 2.9 -3.074000
 3.0 -5.166400
 3.1 -6.375000
 3.2 -6.375000
 3.3 -6.375250
 3.4 -5.000000
 3.5 -5.249750
 3.6 -1.520250
 3.7 2.366400
 3.8 2.833500
 3.9 2.833500
 4.0 3.659583
 4.1 4.020000
 4.2 3.377667
 4.3 1.950091
 4.4 -1.105900
 4.5 -1.600700
 4.6 -0.724200
 4.7 -0.160727
 4.8 -1.478818
 4.9 -3.979176
 5.0 -7.382714
 5.1 -7.382714
 5.2 -3.055389
 5.3 -2.012500
 5.4 -5.380400
 5.5 0.578143
 5.6 0.194500
 5.7 6.562867

ALA 5
 0.0 5.000000
 0.1 5.000000
 0.2 5.000000
 0.3 5.000000
 0.4 5.000000
 0.5 5.000000
 0.6 5.000000
 0.7 5.000000
 0.8 5.000000
 0.9 5.000000
 1.0 5.000000
 1.1 5.000000
 1.2 5.000000
 1.3 4.250000
 1.4 4.250000
 1.5 4.250000
 1.6 4.250000
 1.7 4.250000
 1.8 4.250000
 1.9 4.250000
 2.0 4.250000
 2.1 4.250000
 2.2 3.285714
 2.3 1.833333
 2.4 0.250000
 2.5 0.250000
 2.6 -1.334000
 2.7 -1.834000
 2.8 -2.667000
 2.9 -4.056444
 3.0 -6.450800
 3.1 -7.918000
 3.2 -7.918000
 3.3 -7.792000
 3.4 -6.200200
 3.5 -6.416000
 3.6 -2.742833
 3.7 1.116900
 3.8 1.500250
 3.9 1.500250
 4.0 2.096750
 4.1 1.541125
 4.2 1.101000
 4.3 1.144091
 4.4 -1.625650
 4.5 -0.883000
 4.6 -0.643200
 4.7 -0.682455
 4.8 -1.888636
 4.9 -4.167412
 5.0 -6.416857
 5.1 -6.416857
 5.2 -0.142444
 5.3 0.769929
 5.4 -4.019000
 5.5 1.071571
 5.6 0.592500
 5.7 10.518000

ALA 6
 0.0 5.000000
 0.1 5.000000
 0.2 5.000000
 0.3 5.000000
 0.4 5.000000
 0.5 5.000000
 0.6 5.000000
 0.7 5.000000
 0.8 5.000000
 0.9 5.000000
 1.0 5.000000
 1.1 5.000000
 1.2 5.000000
 1.3 4.250000
 1.4 4.250000
 1.5 4.250000
 1.6 4.250000
 1.7 4.250000
 1.8 4.250000
 1.9 4.250000
 2.0 4.250000
 2.1 4.250000
 2.2 2.857143
 2.3 1.333333
 2.4 -0.125000
 2.5 -0.125000
 2.6 -1.334200
 2.7 -2.334000
 2.8 -2.600000
 2.9 -3.686111
 3.0 -5.617600
 3.1 -6.751000
 3.2 -6.751000
 3.3 -6.416750
 3.4 -4.133200
 3.5 -4.082500
 3.6 0.410333
 3.7 3.908900
 3.8 5.000000
 3.9 5.000000
 4.0 6.618417
 4.1 6.312500
 4.2 6.013750
 4.3 5.595727
 4.4 -0.296950
 4.5 -0.233800
 4.6 0.101800
 4.7 -0.102000
 4.8 -2.774636
 4.9 -7.671941
 5.0 -12.550143
 5.1 -12.550143
 5.2 -3.951278
 5.3 -1.186000
 5.4 -5.820600
 5.5 2.693714
 5.6 -0.398125
 5.7 8.345667

ALA 7
 0.0 5.000000
 0.1 5.000000
 0.2 5.000000
 0.3 5.000000
 0.4 5.000000
 0.5 5.000000
 0.6 5.000000
 0.7 5.000000
 0.8 5.000000
 0.9 5.000000
 1.0 5.000000
 1.1 5.000000
 1.2 5.000000
 1.3 4.000000
 1.4 4.000000
 1.5 4.000000
 1.6 4.000000
 1.7 4.000000
 1.8 4.000000
 1.9 4.000000
 2.0 4.000000
 2.1 4.000000
 2.2 2.785714
 2.3 1.166667
 2.4 -0.125000
 2.5 -0.125000
 2.6 -1.534200
 2.7 -1.834000
 2.8 -2.600000
 2.9 -3.686222
 3.0 -5.567600
 3.1 -6.626000
 3.2 -6.626000
 3.3 -6.458500
 3.4 -4.033400
 3.5 -4.082500
 3.6 0.458917
 3.7 3.892300
 3.8 5.000000
 3.9 5.000000
 4.0 6.660000
 4.1 6.312500
 4.2 5.984500
 4.3 5.627455
 4.4 -0.295200
 4.5 0.044700
 4.6 0.007800
 4.7 -0.408182
 4.8 -2.811636
 4.9 -7.352471
 5.0 -12.266857
 5.1 -12.266857
 5.2 -3.937889
 5.3 -2.026429
 5.4 -6.835300
 5.5 4.855857
 5.6 9.941125
 5.7 23.734733

ALA 8
 0.0 5.000000
 0.1 5.000000
 0.2 5.000000
 0.3 5.000000
 0.4 5.000000
 0.5 5.000000
 0.6 5.000000
 0.7 5.000000
 0.8 5.000000
 0.9 5.000000
 1.0 5.000000
 1.1 5.000000
 1.2 5.000000
 1.3 4.000000
 1.4 4.000000
 1.5 4.000000
 1.6 4.000000
 1.7 4.000000
 1.8 4.000000
 1.9 4.000000
 2.0 4.000000
 2.1 4.000000
 2.2 2.714286
 2.3 1.000000
 2.4 -0.125000
 2.5 -0.125000
 2.6 -1.401000
 2.7 -1.834000
 2.8 -2.600000
 2.9 -3.704667
 3.0 -5.551000
 3.1 -6.876000
 3.2 -6.876000
 3.3 -6.458500
 3.4 -4.000000
 3.5 -3.999250
 3.6 0.285333
 3.7 3.975500
 3.8 5.000000
 3.9 5.000000
 4.0 6.680833
 4.1 6.333375
 4.2 5.992917
 4.3 5.618364
 4.4 -0.405300
 4.5 0.066000
 4.6 -0.046400
 4.7 -0.522091
 4.8 -2.958182
 4.9 -7.475529
 5.0 -12.114143
 5.1 -12.114143
 5.2 -4.061111
 5.3 -1.993000
 5.4 -6.748300
 5.5 4.814143
 5.6 9.591500
 5.7 23.766533

ALA 9
 0.0 5.000000
 0.1 5.000000
 0.2 5.000000
 0.3 5.000000
 0.4 5.000000
 0.5 5.000000
 0.6 5.000000
 0.7 5.000000
 0.8 5.000000
 0.9 5.000000
 1.0 5.000000
 1.1 5.000000
 1.2 5.000000
 1.3 4.000000
 1.4 4.000000
 1.5 4.000000
 1.6 4.000000
 1.7 4.000000
 1.8 4.000000
 1.9 4.000000
 2.0 4.000000
 2.1 4.000000
 2.2 2.857143
 2.3 1.000000
 2.4 -0.125000
 2.5 -0.125000
 2.6 -1.467600
 2.7 -1.667000
 2.8 -2.600000
 2.9 -3.649111
 3.0 -5.451000
 3.1 -6.626000
 3.2 -6.626000
 3.3 -6.583500
 3.4 -4.099800
 3.5 -3.999250
 3.6 0.195000
 3.7 4.050500
 3.8 5.000000
 3.9 5.000000
 4.0 6.715583
 4.1 6.312500
 4.2 5.987167
 4.3 5.621364
 4.4 -0.345200
 4.5 0.022200
 4.6 -0.017400
 4.7 -0.441364
 4.8 -2.924818
 4.9 -7.427412
 5.0 -12.047714
 5.1 -12.047714
 5.2 -4.072611
 5.3 -1.988000
 5.4 -6.856900
 5.5 5.803000
 5.6 11.153625
 5.7 25.368200

ALA 10
 0.0 5.000000
 0.1 5.000000
 0.2 5.000000
 0.3 5.000000
 0.4 5.000000
 0.5 5.000000
 0.6 5.000000
 0.7 5.000000
 0.8 5.000000
 0.9 5.000000
 1.0 5.000000
 1.1 5.000000
 1.2 5.000000
 1.3 4.000000
 1.4 4.000000
 1.5 4.000000
 1.6 4.000000
 1.7 4.000000
 1.8 4.000000
 1.9 4.000000
 2.0 4.000000
 2.1 4.000000
 2.2 2.857143
 2.3 1.166667
 2.4 -0.250000
 2.5 -0.250000
 2.6 -1.467600
 2.7 -2.334000
 2.8 -2.600000
 2.9 -3.593556
 3.0 -5.501000
 3.1 -6.751000
 3.2 -6.751000
 3.3 -6.333750
 3.4 -4.100000
 3.5 -3.999250
 3.6 0.201833
 3.7 3.983800
 3.8 5.000000
 3.9 5.000000
 4.0 6.667000
 4.1 6.312500
 4.2 6.009583
 4.3 5.583545
 4.4 -0.488600
 4.5 0.007500
 4.6 -0.010800
 4.7 -0.456182
 4.8 -2.840182
 4.9 -7.329235
 5.0 -12.033429
 5.1 -12.033429
 5.2 -3.989611
 5.3 -2.031214
 5.4 -6.632700
 5.5 6.005429
 5.6 11.483750
 5.7 25.237200

ALA 11
 0.0 5.000000
 0.1 5.000000
 0.2 5.000000
 0.3 5.000000
 0.4 5.000000
 0.5 5.000000
 0.6 5.000000
 0.7 5.000000
 0.8 5.000000
 0.9 5.000000
 1.0 5.000000
 1.1 5.000000
 1.2 5.000000
 1.3 4.000000
 1.4 4.000000
 1.5 4.000000
 1.6 4.000000
 1.7 4.000000
 1.8 4.000000
 1.9 4.000000
 2.0 4.000000
 2.1 4.000000
 2.2 2.785714
 2.3 1.166667
 2.4 -0.250000
 2.5 -0.250000
 2.6 -1.534200
 2.7 -1.667000
 2.8 -2.500000
 2.9 -3.519556
 3.0 -5.551000
 3.1 -6.751000
 3.2 -6.751000
 3.3 -6.416750
 3.4 -4.033200
 3.5 -3.999250
 3.6 0.292167
 3.7 3.833900
 3.8 5.000000
 3.9 5.000000
 4.0 6.618250
 4.1 6.312500
 4.2 5.966583
 4.3 5.660727
 4.4 -0.511050
 4.5 0.084600
 4.6 -0.004000
 4.7 -0.447636
 4.8 -2.782818
 4.9 -7.398529
 5.0 -12.281000
 5.1 -12.281000
 5.2 -3.833556
 5.3 -1.872071
 5.4 -6.899200
 5.5 5.976714
 5.6 11.366875
 5.7 25.422467

ALA 12
 0.0 5.000000
 0.1 5.000000
 0.2 5.000000
 0.3 5.000000
 0.4 5.000000
 0.5 5.000000
 0.6 5.000000
 0.7 5.000000
 0.8 5.000000
 0.9 5.000000
 1.0 5.000000
 1.1 5.000000
 1.2 5.000000
 1.3 4.000000
 1.4 4.000000
 1.5 4.000000
 1.6 4.000000
 1.7 4.000000
 1.8 4.000000
 1.9 4.000000
 2.0 4.000000
 2.1 4.000000
 2.2 2.714286
 2.3 1.166667
 2.4 -0.250000
 2.5 -0.250000
 2.6 -1.567600
 2.7 -2.167000
 2.8 -2.500000
 2.9 -3.593556
 3.0 -5.584300
 3.1 -6.876000
 3.2 -6.876000
 3.3 -6.500250
 3.4 -4.066600
 3.5 -3.957750
 3.6 0.160250
 3.7 3.958900
 3.8 5.000000
 3.9 5.000000
 4.0 6.590417
 4.1 6.229000
 4.2 6.152417
 4.3 5.589545
 4.4 -0.476850
 4.5 0.066100
 4.6 0.039200
 4.7 -0.546091
 4.8 -2.875455
 4.9 -7.458412
 5.0 -11.525857
 5.1 -11.525857
 5.2 -4.504167
 5.3 -1.817786
 5.4 -6.737200
 5.5 5.094643
 5.6 11.182875
 5.7 25.483600

ALA 13
 0.0 5.000000
 0.1 5.000000
 0.2 5.000000
 0.3 5.000000
 0.4 5.000000
 0.5 5.000000
 0.6 5.000000
 0.7 5.000000
 0.8 5.000000
 0.9 5.000000
 1.0 5.000000
 1.1 5.000000
 1.2 5.000000
 1.3 4.000000
 1.4 4.000000
 1.5 4.000000
 1.6 4.000000
 1.7 4.000000
 1.8 4.000000
 1.9 4.000000
 2.0 4.000000
 2.1 4.000000
 2.2 2.928571
 2.3 1.333333
 2.4 -0.250000
 2.5 -0.250000
 2.6 -1.434200
 2.7 -2.001000
 2.8 -2.533400
 2.9 -3.575000
 3.0 -5.351000
 3.1 -6.376000
 3.2 -6.376000
 3.3 -6.458250
 3.4 -4.066600
 3.5 -3.957750
 3.6 -0.061917
 3.7 4.067200
 3.8 5.083500
 3.9 5.083500
 4.0 6.625333
 4.1 6.416750
 4.2 5.945667
 4.3 5.588091
 4.4 -0.281100
 4.5 0.074000
 4.6 0.016000
 4.7 -0.470818
 4.8 -2.797545
 4.9 -7.323235
 5.0 -11.905143
 5.1 -11.905143
 5.2 -4.687833
 5.3 -1.774929
 5.4 -6.757700
 5.5 5.669643
 5.6 11.681500
 5.7 25.809267

ALA 14
 0.0 5.000000
 0.1 5.000000
 0.2 5.000000
 0.3 5.000000
 0.4 5.000000
 0.5 5.000000
 0.6 5.000000
 0.7 5.000000
 0.8 5.000000
 0.9 5.000000
 1.0 5.000000
 1.1 5.000000
 1.2 5.000000
 1.3 4.250000
 1.4 4.250000
 1.5 4.250000
 1.6 4.250000
 1.7 4.250000
 1.8 4.250000
 1.9 4.250000
 2.0 4.250000
 2.1 4.250000
 2.2 2.928571
 2.3 1.333333
 2.4 -0.125000
 2.5 -0.125000
 2.6 -1.534200
 2.7 -2.334000
 2.8 -2.600000
 2.9 -3.741556
 3.0 -5.501000
 3.1 -6.751000
 3.2 -6.751000
 3.3 -6.375500
 3.4 -4.033400
 3.5 -3.999250
 3.6 0.160250
 3.7 4.042000
 3.8 5.000000
 3.9 5.000000
 4.0 6.666917
 4.1 6.250000
 4.2 6.126083
 4.3 5.545636
 4.4 -0.436900
 4.5 0.101100
 4.6 0.015800
 4.7 -0.442182
 4.8 -2.873909
 4.9 -7.371529
 5.0 -12.245000
 5.1 -12.245000
 5.2 -4.607000
 5.3 -1.722286
 5.4 -6.613800
 5.5 5.336571
 5.6 11.946000
 5.7 25.367133

ALA 15
 0.0 5.000000
 0.1 5.000000
 0.2 5.000000
 0.3 5.000000
 0.4 5.000000
 0.5 5.000000
 0.6 5.000000
 0.7 5.000000
 0.8 5.000000
 0.9 5.000000
 1.0 5.000000
 1.1 5.000000
 1.2 5.000000
 1.3 4.250000
 1.4 4.250000
 1.5 4.250000
 1.6 4.250000
 1.7 4.250000
 1.8 4.250000
 1.9 4.250000
 2.0 4.250000
 2.1 4.250000
 2.2 2.857143
 2.3 1.166667
 2.4 -0.250000
 2.5 -0.250000
 2.6 -1.567600
 2.7 -1.667000
 2.8 -2.700000
 2.9 -3.630556
 3.0 -5.551000
 3.1 -6.751000
 3.2 -6.751000
 3.3 -6.166750
 3.4 -4.099800
 3.5 -3.999250
 3.6 0.194833
 3.7 3.917200
 3.8 5.000000
 3.9 5.000000
 4.0 6.625417
 4.1 6.250000
 4.2 6.009583
 4.3 5.559182
 4.4 -0.556100
 4.5 0.015800
 4.6 0.009200
 4.7 -0.413182
 4.8 -2.833636
 4.9 -7.360647
 5.0 -12.066714
 5.1 -12.066714
 5.2 -3.935444
 5.3 -1.967357
 5.4 -6.810700
 5.5 5.979500
 5.6 11.393500
 5.7 26.630467

ALA 16
 0.0 5.000000
 0.1 5.000000
 0.2 5.000000
 0.3 5.000000
 0.4 5.000000
 0.5 5.000000
 0.6 5.000000
 0.7 5.000000
 0.8 5.000000
 0.9 5.000000
 1.0 5.000000
 1.1 5.000000
 1.2 5.000000
 1.3 4.000000
 1.4 4.000000
 1.5 4.000000
 1.6 4.000000
 1.7 4.000000
 1.8 4.000000
 1.9 4.000000
 2.0 4.000000
 2.1 4.000000
 2.2 2.785714
 2.3 1.166667
 2.4 -0.375000
 2.5 -0.375000
 2.6 -1.467600
 2.7 -2.168000
 2.8 -2.700000
 2.9 -3.649111
 3.0 -5.534300
 3.1 -6.876000
 3.2 -6.876000
 3.3 -6.292000
 3.4 -4.133400
 3.5 -3.999250
 3.6 0.236667
 3.7 3.950500
 3.8 5.000000
 3.9 5.000000
 4.0 6.667000
 4.1 6.375000
 4.2 5.955167
 4.3 5.580364
 4.4 -0.616800
 4.5 -0.018400
 4.6 -0.007400
 4.7 -0.493909
 4.8 -2.823818
 4.9 -7.492588
 5.0 -11.933571
 5.1 -11.933571
 5.2 -4.866778
 5.3 -1.650571
 5.4 -6.571300
 5.5 6.001643
 5.6 11.437750
 5.7 26.522600

ALA 17
 0.0 5.000000
 0.1 5.000000
 0.2 5.000000
 0.3 5.000000
 0.4 5.000000
 0.5 5.000000
 0.6 5.000000
 0.7 5.000000
 0.8 5.000000
 0.9 5.000000
 1.0 5.000000
 1.1 5.000000
 1.2 5.000000
 1.3 4.000000
 1.4 4.000000
 1.5 4.000000
 1.6 4.000000
 1.7 4.000000
 1.8 4.000000
 1.9 4.000000
 2.0 4.000000
 2.1 4.000000
 2.2 2.785714
 2.3 1.333333
 2.4 -0.250000
 2.5 -0.250000
 2.6 -1.567600
 2.7 -1.667000
 2.8 -2.633400
 2.9 -3.612111
 3.0 -5.484300
 3.1 -6.626000
 3.2 -6.626000
 3.3 -6.333250
 3.4 -4.066600
 3.5 -4.124000
 3.6 0.090917
 3.7 3.983800
 3.8 4.958250
 3.9 4.958250
 4.0 6.715583
 4.1 6.291750
 4.2 5.876167
 4.3 5.492455
 4.4 -0.496150
 4.5 0.036300
 4.6 -0.036400
 4.7 -0.456909
 4.8 -2.752455
 4.9 -7.464235
 5.0 -12.047857
 5.1 -12.047857
 5.2 -4.493056
 5.3 -2.028000
 5.4 -6.721100
 5.5 5.297429
 5.6 11.364375
 5.7 25.668400

ALA 18
 0.0 5.000000
 0.1 5.000000
 0.2 5.000000
 0.3 5.000000
 0.4 5.000000
 0.5 5.000000
 0.6 5.000000
 0.7 5.000000
 0.8 5.000000
 0.9 5.000000
 1.0 5.000000
 1.1 5.000000
 1.2 5.000000
 1.3 4.000000
 1.4 4.000000
 1.5 4.000000
 1.6 4.000000
 1.7 4.000000
 1.8 4.000000
 1.9 4.000000
 2.0 4.000000
 2.1 4.000000
 2.2 2.928571
 2.3 1.333333
 2.4 -0.250000
 2.5 -0.250000
 2.6 -1.534200
 2.7 -2.168000
 2.8 -2.633400
 2.9 -3.612000
 3.0 -5.501000
 3.1 -6.751000
 3.2 -6.751000
 3.3 -6.375500
 3.4 -4.033200
 3.5 -4.040750
 3.6 0.250667
 3.7 3.900400
 3.8 4.958250
 3.9 4.958250
 4.0 6.680917
 4.1 6.312500
 4.2 5.892917
 4.3 5.489636
 4.4 -0.450200
 4.5 0.056900
 4.6 0.033000
 4.7 -0.404182
 4.8 -2.802545
 4.9 -7.281765
 5.0 -12.300000
 5.1 -12.300000
 5.2 -4.281556
 5.3 -1.704071
 5.4 -6.769700
 5.5 6.085071
 5.6 10.409875
 5.7 25.318000

ALA 19
 0.0 5.000000
 0.1 5.000000
 0.2 5.000000
 0.3 5.000000
 0.4 5.000000
 0.5 5.000000
 0.6 5.000000
 0.7 5.000000
 0.8 5.000000
 0.9 5.000000
 1.0 5.000000
 1.1 5.000000
 1.2 5.000000
 1.3 4.000000
 1.4 4.000000
 1.5 4.000000
 1.6 4.000000
 1.7 4.000000
 1.8 4.000000
 1.9 4.000000
 2.0 4.000000
 2.1 4.000000
 2.2 2.857143
 2.3 1.333333
 2.4 -0.125000
 2.5 -0.125000
 2.6 -1.634200
 2.7 -1.833000
 2.8 -2.500000
 2.9 -3.630556
 3.0 -5.501000
 3.1 -6.751000
 3.2 -6.751000
 3.3 -6.250250
 3.4 -4.166600
 3.5 -3.957750
 3.6 0.243667
 3.7 3.917100
 3.8 4.916500
 3.9 4.916500
 4.0 6.611333
 4.1 6.312500
 4.2 6.022000
 4.3 5.534909
 4.4 -0.407700
 4.5 0.054700
 4.6 0.066000
 4.7 -0.507182
 4.8 -2.779000
 4.9 -7.157529
 5.0 -12.004857
 5.1 -12.004857
 5.2 -3.982444
 5.3 -1.972429
 5.4 -6.722100
 5.5 4.246286
 5.6 9.338375
 5.7 23.311133

ALA 20
 0.0 5.000000
 0.1 5.000000
 0.2 5.000000
 0.3 5.000000
 0.4 5.000000
 0.5 5.000000
 0.6 5.000000
 0.7 5.000000
 0.8 5.000000
 0.9 5.000000
 1.0 5.000000
 1.1 5.000000
 1.2 5.000000
 1.3 4.250000
 1.4 4.250000
 1.5 4.250000
 1.6 4.250000
 1.7 4.250000
 1.8 4.250000
 1.9 4.250000
 2.0 4.250000
 2.1 4.250000
 2.2 2.928571
 2.3 1.333333
 2.4 0.000000
 2.5 0.000000
 2.6 -1.400800
 2.7 -2.167000
 2.8 -2.500000
 2.9 -3.667667
 3.0 -5.501000
 3.1 -6.876000
 3.2 -6.876000
 3.3 -6.291750
 3.4 -4.166600
 3.5 -3.957750
 3.6 0.146250
 3.7 3.967100
 3.8 5.000000
 3.9 5.000000
 4.0 6.569750
 4.1 6.375000
 4.2 6.020583
 4.3 5.535000
 4.4 -0.364400
 4.5 0.047300
 4.6 0.059000
 4.7 -0.397636
 4.8 -2.760273
 4.9 -7.286294
 5.0 -12.021714
 5.1 -12.021714
 5.2 -4.027722
 5.3 -1.785786
 5.4 -6.853400
 5.5 4.400857
 5.6 9.643875
 5.7 23.382333

ALA 21
 0.0 5.000000
 0.1 5.000000
 0.2 5.000000
 0.3 5.000000
 0.4 5.000000
 0.5 5.000000
 0.6 5.000000
 0.7 5.000000
 0.8 5.000000
 0.9 5.000000
 1.0 5.000000
 1.1 5.000000
 1.2 5.000000
 1.3 4.500000
 1.4 4.500000
 1.5 4.500000
 1.6 4.500000
 1.7 4.500000
 1.8 4.500000
 1.9 4.500000
 2.0 4.500000
 2.1 4.500000
 2.2 2.857143
 2.3 1.333333
 2.4 0.000000
 2.5 0.000000
 2.6 -1.634200
 2.7 -2.001000
 2.8 -2.500000
 2.9 -3.686111
 3.0 -5.634300
 3.1 -6.876000
 3.2 -6.876000
 3.3 -6.166750
 3.4 -4.066600
 3.5 -3.957750
 3.6 0.111500
 3.7 3.925500
 3.8 4.916500
 3.9 4.916500
 4.0 6.569750
 4.1 6.083250
 4.2 6.047000
 4.3 5.535091
 4.4 -0.596900
 4.5 -0.458000
 4.6 -0.034000
 4.7 -0.441636
 4.8 -2.874273
 4.9 -7.860000
 5.0 -12.933571
 5.1 -12.933571
 5.2 -4.666278
 5.3 -2.127714
 5.4 -8.327500
 5.5 -2.001071
 5.6 -8.049625
 5.7 -0.416933

ALA 22
 0.0 5.000000
 0.1 5.000000
 0.2 5.000000
 0.3 5.000000
 0.4 5.000000
 0.5 5.000000
 0.6 5.000000
 0.7 5.000000
 0.8 5.000000
 0.9 5.000000
 1.0 5.000000
 1.1 5.000000
 1.2 5.000000
 1.3 4.250000
 1.4 4.250000
 1.5 4.250000
 1.6 4.250000
 1.7 4.250000
 1.8 4.250000
 1.9 4.250000
 2.0 4.250000
 2.1 4.250000
 2.2 3.000000
 2.3 1.500000
 2.4 0.000000
 2.5 0.000000
 2.6 -1.934000
 2.7 -2.834000
 2.8 -3.067000
 2.9 -4.482444
 3.0 -6.517600
 3.1 -8.084000
 3.2 -8.084000
 3.3 -7.916750
 3.4 -6.499400
 3.5 -6.041250
 3.6 -2.652583
 3.7 1.792100
 3.8 2.333250
 3.9 2.333250
 4.0 3.492917
 4.1 3.624125
 4.2 2.816583
 4.3 2.795545
 4.4 -0.420850
 4.5 -1.365600
 4.6 -1.076400
 4.7 -0.915727
 4.8 -2.159818
 4.9 -4.509000
 5.0 -6.935714
 5.1 -6.935714
 5.2 -0.189444
 5.3 0.918286
 5.4 -5.628300
 5.5 -2.875143
 5.6 -5.574250
 5.7 1.387600

ALA 23
 0.0 5.000000
 0.1 5.000000
 0.2 5.000000
 0.3 5.000000
 0.4 5.000000
 0.5 5.000000
 0.6 5.000000
 0.7 5.000000
 0.8 5.000000
 0.9 5.000000
 1.0 5.000000
 1.1 5.000000
 1.2 5.000000
 1.3 4.000000
 1.4 4.000000
 1.5 4.000000
 1.6 4.000000
 1.7 4.000000
 1.8 4.000000
 1.9 4.000000
 2.0 4.000000
 2.1 4.000000
 2.2 3.428571
 2.3 2.500000
 2.4 1.000000
 2.5 1.000000
 2.6 -0.234000
 2.7 -1.001000
 2.8 -1.067000
 2.9 -2.519556
 3.0 -4.601600
 3.1 -5.543000
 3.2 -5.543000
 3.3 -5.209250
 3.4 -4.199800
 3.5 -4.249750
 3.6 -1.763667
 3.7 1.450300
 3.8 1.833000
 3.9 1.833000
 4.0 3.139167
 4.1 3.625875
 4.2 3.412750
 4.3 3.065182
 4.4 -0.388600
 4.5 -0.694700
 4.6 -0.226000
 4.7 -0.423182
 4.8 -1.390636
 4.9 -2.749765
 5.0 -4.084000
 5.1 -4.084000
 5.2 0.954833
 5.3 1.667286
 5.4 -2.937000
 5.5 -2.185500
 5.6 -5.755250
 5.7 -1.314333

ALA 24
 0.0 5.000000
 0.1 5.000000
 0.2 5.000000
 0.3 5.000000
 0.4 5.000000
 0.5 5.000000
 0.6 5.000000
 0.7 5.000000
 0.8 5.000000
 0.9 5.000000
 1.0 5.000000
 1.1 5.000000
 1.2 5.000000
 1.3 4.000000
 1.4 4.000000
 1.5 4.000000
 1.6 4.000000
 1.7 4.000000
 1.8 4.000000
 1.9 4.000000
 2.0 4.000000
 2.1 4.000000
 2.2 3.500000
 2.3 2.500000
 2.4 0.875000
 2.5 0.875000
 2.6 -0.000600
 2.7 -0.167000
 2.8 -0.667000
 2.9 -2.204667
 3.0 -4.434600
 3.1 -5.376000
 3.2 -5.376000
 3.3 -5.000250
 3.4 -4.032400
 3.5 -4.582500
 3.6 -2.097250
 3.7 1.234100
 3.8 1.625250
 3.9 1.625250
 4.0 2.507917
 4.1 2.541875
 4.2 2.266500
 4.3 2.733182
 4.4 -0.067600
 4.5 -0.209800
 4.6 0.247400
 4.7 0.144909
 4.8 -0.561091
 4.9 -1.982294
 5.0 -3.070143
 5.1 -3.070143
 5.2 0.212722
 5.3 0.803857
 5.4 -4.096500
 5.5 -5.361929
 5.6 -6.750250
 5.7 -4.812533

ALA 25
 0.0 5.000000
 0.1 5.000000
 0.2 5.000000
 0.3 5.000000
 0.4 5.000000
 0.5 5.000000
 0.6 5.000000
 0.7 5.000000
 0.8 5.000000
 0.9 5.000000
 1.0 5.000000
 1.1 5.000000
 1.2 5.000000
 1.3 4.250000
 1.4 4.250000
 1.5 4.250000
 1.6 4.250000
 1.7 4.250000
 1.8 4.250000
 1.9 4.250000
 2.0 4.250000
 2.1 4.250000
 2.2 3.357143
 2.3 2.500000
 2.4 1.000000
 2.5 1.000000
 2.6 -0.167200
 2.7 0.000000
 2.8 -0.767000
 2.9 -2.278778
 3.0 -4.417900
 3.1 -5.376000
 3.2 -5.376000
 3.3 -5.084000
 3.4 -4.165800
 3.5 -4.749250
 3.6 -3.076250
 3.7 -0.574300
 3.8 -0.374750
 3.9 -0.374750
 4.0 0.521583
 4.1 0.395375
 4.2 0.421500
 4.3 0.584545
 4.4 -1.150900
 4.5 -0.359300
 4.6 0.197800
 4.7 0.106545
 4.8 -0.588455
 4.9 -2.242118
 5.0 -3.721286
 5.1 -3.721286
 5.2 -0.058944
 5.3 1.351786
 5.4 -1.046800
 5.5 -1.242357
 5.6 -3.362625
 5.7 -2.964133

ALA 26
 0.0 6.000000
 0.1 6.000000
 0.2 6.000000
 0.3 6.000000
 0.4 6.000000
 0.5 6.000000
 0.6 6.000000
 0.7 6.000000
 0.8 6.000000
 0.9 6.000000
 1.0 6.000000
 1.1 6.000000
 1.2 6.000000
 1.3 5.750000
 1.4 5.750000
 1.5 5.750000
 1.6 5.750000
 1.7 5.750000
 1.8 5.750000
 1.9 5.750000
 2.0 5.750000
 2.1 5.750000
 2.2 4.714286
 2.3 3.666667
 2.4 3.125000
 2.5 3.125000
 2.6 1.866400
 2.7 0.833000
 2.8 0.867000
 2.9 0.111111
 3.0 -0.550600
 3.1 -1.375000
 3.2 -1.375000
 3.3 -1.417000
 3.4 -1.366600
 3.5 -1.541750
 3.6 -0.659750
 3.7 0.375400
 3.8 0.542500
 3.9 0.542500
 4.0 1.159500
 4.1 1.582250
 4.2 1.355000
 4.3 1.907091
 4.4 1.614800
 4.5 0.835000
 4.6 0.769200
 4.7 0.649273
 4.8 0.008727
 4.9 -0.928000
 5.0 -1.864286
 5.1 -1.864286
 5.2 -0.784722
 5.3 -0.579286
 5.4 -2.306200
 5.5 -2.302714
 5.6 -2.726500
 5.7 -1.560267

