ATOMS
N -10.502 -12.587 -12.097
CA -9.053 -12.587 -12.097
C -8.530 -11.157 -12.097
O -7.637 -10.822 -11.322
CB -8.492 -13.288 -13.329
HA -8.696 -13.097 -11.202
H1 -10.839 -12.116 -11.270
H2 -10.839 -13.539 -12.103
H3 -10.839 -12.106 -12.919
HB1 -8.850 -14.317 -13.357
HB2 -8.821 -12.765 -14.227
HB3 -7.403 -13.284 -13.285

N -9.089 -10.316 -12.970
CA -8.679 -8.930 -13.068
C -8.833 -8.242 -11.719
O -7.926 -7.546 -11.269
CB -9.526 -8.178 -14.089
H -9.819 -10.656 -13.580
HA -7.633 -8.888 -13.372
HB1 -9.196 -7.140 -14.141
HB2 -9.414 -8.644 -15.068
HB3 -10.573 -8.211 -13.788

N -9.986 -8.440 -11.075
CA -10.254 -7.841 -9.784
C -9.181 -8.249 -8.784
O -8.651 -7.407 -8.063
CB -11.608 -8.287 -9.242
H -10.691 -9.025 -11.501
HA -10.252 -6.756 -9.887
HB1 -11.783 -7.822 -8.272
HB2 -12.394 -7.987 -9.936
HB3 -11.616 -9.372 -9.132

N -8.864 -9.545 -8.744
CA -7.858 -10.059 -7.837
C -6.533 -9.345 -8.065
O -5.886 -8.915 -7.113
CB -7.640 -11.554 -8.048
H -9.338 -10.186 -9.364
HA -8.183 -9.888 -6.810
HB1 -6.880 -11.912 -7.354
HB2 -8.575 -12.085 -7.870
HB3 -7.310 -11.731 -9.071

N -6.132 -9.222 -9.332
CA -4.889 -8.563 -9.681
C -4.879 -7.143 -9.134
O -3.896 -6.715 -8.533
CB -4.709 -8.495 -11.194
H -6.711 -9.598 -10.069
HA -4.057 -9.118 -9.247
HB1 -3.769 -7.996 -11.426
HB2 -4.695 -9.505 -11.603
HB3 -5.536 -7.936 -11.633

N -5.977 -6.413 -9.344
CA -6.091 -5.047 -8.874
C -5.684 -4.963 -7.409
O -5.251 -3.912 -6.944
CB -7.523 -4.540 -9.003
H -6.751 -6.825 -9.846
HA -5.432 -4.410 -9.464
HB1 -7.579 -3.512 -8.642
HB2 -7.827 -4.574 -10.049
HB3 -8.187 -5.169 -8.410

N -5.824 -6.076 -6.685
CA -5.472 -6.125 -5.280
C -4.084 -5.539 -5.069
O -3.775 -5.047 -3.986
CB -5.471 -7.560 -4.764
H -6.187 -6.908 -7.129
HA -6.196 -5.541 -4.711
HB1 -5.312 -7.558 -3.686
HB2 -4.670 -8.119 -5.248
HB3 -6.429 -8.028 -4.990

N -3.247 -5.593 -6.108
CA -1.898 -5.069 -6.033
C -1.914 -3.663 -5.452
O -0.928 -3.220 -4.867
CB -1.255 -5.010 -7.414
H -3.564 -6.011 -6.971
HA -1.300 -5.714 -5.389
HB1 -0.243 -4.613 -7.328
HB2 -1.845 -4.361 -8.062
HB3 -1.217 -6.012 -7.841

N -3.039 -2.962 -5.614
CA -3.180 -1.612 -5.107
C -2.735 -1.550 -3.653
O -2.320 -0.497 -3.174
CB -4.630 -1.145 -5.185
H -3.814 -3.385 -6.105
HA -2.557 -0.941 -5.700
HB1 -4.706 -0.128 -4.798
HB2 -5.257 -1.808 -4.590
HB3 -4.962 -1.164 -6.223

N -2.822 -2.683 -2.953
CA -2.429 -2.754 -1.560
C -1.053 -2.132 -1.372
O -0.729 -1.656 -0.286
CB -2.371 -4.200 -1.079
H -3.172 -3.515 -3.407
HA -3.154 -2.207 -0.957
HB1 -2.074 -4.224 -0.030
HB2 -3.354 -4.659 -1.188
HB3 -1.644 -4.752 -1.675

N -0.245 -2.136 -2.434
CA 1.090 -1.574 -2.383
C 1.026 -0.115 -1.954
O 1.783 0.311 -1.084
CB 1.767 -1.643 -3.748
H -0.573 -2.543 -3.298
HA 1.685 -2.133 -1.661
HB1 2.767 -1.215 -3.680
HB2 1.179 -1.082 -4.474
HB3 1.838 -2.684 -4.065

N 0.121 0.650 -2.568
CA -0.038 2.054 -2.249
C -0.333 2.224 -0.765
O 0.273 3.062 -0.102
CB -1.187 2.671 -3.039
H -0.471 0.238 -3.275
HA 0.885 2.582 -2.491
HB1 -1.283 3.725 -2.780
HB2 -0.985 2.576 -4.106
HB3 -2.114 2.151 -2.798

N -1.268 1.424 -0.246
CA -1.639 1.487 1.153
C -0.415 1.267 2.029
O -0.189 2.012 2.980
CB -2.672 0.419 1.495
H -1.729 0.755 -0.847
HA -2.059 2.470 1.366
HB1 -2.932 0.490 2.551
HB2 -2.256 -0.568 1.289
HB3 -3.566 0.570 0.890

N 0.375 0.240 1.707
CA 1.571 -0.074 2.463
C 2.500 1.131 2.496
O 3.009 1.496 3.554
CB 2.324 -1.244 1.839
H 0.132 -0.334 0.912
HA 1.289 -0.335 3.483
HB1 3.216 -1.457 2.427
HB2 1.680 -2.123 1.823
HB3 2.613 -0.987 0.820

N 2.721 1.748 1.333
CA 3.586 2.906 1.232
C 3.098 4.006 2.164
O 3.888 4.596 2.897
CB 3.603 3.456 -0.191
H 2.271 1.397 0.499
HA 4.598 2.620 1.516
HB1 4.260 4.324 -0.237
HB2 2.594 3.748 -0.479
HB3 3.968 2.688 -0.873

N 1.792 4.279 2.133
CA 1.204 5.304 2.973
C 1.503 5.016 4.437
O 2.280 5.730 5.065
CB -0.309 5.359 2.794
H 1.195 3.757 1.508
HA 1.630 6.271 2.706
HB1 -0.549 5.939 1.902
HB2 -0.761 5.832 3.666
HB3 -0.700 4.348 2.686

N 0.882 3.965 4.978
CA 1.082 3.587 6.362
C 2.560 3.339 6.628
O 3.205 4.116 7.328
CB 0.314 2.314 6.700
H 0.254 3.419 4.406
HA 0.734 4.395 7.007
HB1 -0.727 2.561 6.909
HB2 0.361 1.626 5.855
HB3 0.758 1.843 7.577

N 3.094 2.251 6.067
CA 4.489 1.905 6.245
C 5.376 3.051 5.780
O 6.012 3.715 6.596
CB 4.853 0.661 5.440
H 2.508 1.652 5.503
HA 4.678 1.714 7.301
HB1 5.614 0.092 5.974
HB2 3.965 0.043 5.306
HB3 5.239 0.959 4.465

N 5.415 3.282 4.466
CA 6.221 4.344 3.899
C 5.831 5.681 4.512
O 6.598 6.263 5.276
CB 6.027 4.434 2.389
H 4.868 2.699 3.849
HA 7.272 4.147 4.112
HB1 6.996 4.374 1.893
HB2 5.550 5.382 2.140
HB3 5.396 3.611 2.054

N 4.634 6.167 4.175
CA 4.146 7.430 4.692
C 4.136 7.404 6.213
O 4.934 8.086 6.852
CB 2.728 7.710 4.207
H 4.051 5.638 3.542
HA 4.804 8.231 4.353
HB1 2.695 8.686 3.722
HB2 2.046 7.705 5.058
HB3 2.428 6.941 3.496

N 3.229 6.613 6.791
CA 3.118 6.501 8.232
C 4.447 6.058 8.826
O 4.914 6.637 9.805
CB 2.055 5.479 8.622
H 2.602 6.078 6.208
HA 2.848 7.472 8.645
HB1 1.334 5.943 9.296
HB2 2.529 4.635 9.124
HB3 1.542 5.128 7.727

N 5.056 5.030 8.230
CA 6.326 4.515 8.700
C 7.368 5.625 8.712
O 8.090 5.789 9.693
CB 6.831 3.393 7.800
H 4.618 4.599 7.429
HA 6.202 4.132 9.713
HB1 7.568 2.797 8.339
HB2 7.292 3.821 6.910
HB3 5.995 2.759 7.507

N 7.444 6.385 7.618
CA 8.394 7.473 7.506
C 8.196 8.461 8.647
O 9.161 8.873 9.288
CB 8.219 8.222 6.189
H 6.821 6.197 6.846
HA 9.406 7.070 7.555
HB1 8.794 9.148 6.217
HB2 7.165 8.453 6.040
HB3 8.574 7.600 5.367

N 6.941 8.839 8.899
CA 6.621 9.773 9.959
C 7.140 9.251 11.291
O 7.766 9.991 12.048
CB 5.114 9.974 10.078
H 6.193 8.462 8.335
HA 7.093 10.732 9.744
HB1 4.903 10.680 10.881
HB2 4.637 9.019 10.299
HB3 4.724 10.366 9.138

N 6.880 7.973 11.575
CA 7.320 7.358 12.811
C 8.831 7.482 12.948
O 9.263 7.866 14.032
OXT 9.506 7.188 11.964
CB 6.954 5.878 12.849
H 6.360 7.419 10.910
HA 6.843 7.864 13.651
HB1 5.874 5.767 12.752
HB2 7.447 5.362 12.025
HB3 7.281 5.447 13.795

EDGES
1 13 2.813563
1 14 4.199978
1 15 4.669847
1 17 4.935577
1 18 2.528743
1 19 4.851741
1 21 5.055476
1 22 4.691897
1 23 4.302133
1 28 3.616460
1 32 4.513141
1 33 4.814501
1 37 5.064833
1 38 3.819553
1 41 4.672565
1 42 4.480879
2 13 2.433283
2 14 3.802153
2 15 4.366956
2 17 4.861180
2 18 2.552412
2 19 4.162286
2 21 4.950193
2 22 4.931456
2 23 4.371794
2 28 3.965615
2 32 5.069164
2 33 4.531235
2 34 5.095725
2 37 4.411129
2 38 3.649016
2 41 4.283459
2 42 3.595478
2 48 4.304866
3 13 1.334875
3 14 2.434044
3 15 2.954982
3 16 3.753628
3 17 3.719479
3 18 2.027760
3 19 2.752925
3 20 4.556071
3 21 3.990422
3 22 3.963868
3 23 3.247539
3 24 4.395225
3 25 4.456033
3 27 5.085470
3 28 3.093632
3 32 4.636900
3 33 3.735333
3 34 4.450257
3 35 4.850606
3 37 4.164626
3 38 3.010813
3 40 5.078245
3 41 4.327902
3 42 3.312786
3 43 4.140031
3 44 5.081611
3 47 4.743595
3 48 3.138794
3 51 4.204803
3 52 4.422010
3 58 5.195966
4 13 2.253940
4 14 2.777399
4 15 2.871311
4 16 3.289150
4 17 4.267944
4 18 3.144399
4 19 2.818310
4 20 4.892276
4 21 4.683367
4 22 4.638812
4 23 3.354510
4 24 4.254468
4 25 3.930103
4 26 4.828199
4 27 5.149900
4 28 3.547981
4 29 5.042797
4 32 4.767708
4 33 3.127674
4 34 3.574386
4 35 3.742779
4 36 4.941491
4 37 3.354834
4 38 2.670517
4 39 4.639894
4 40 4.184038
4 41 3.793589
4 42 2.449533
4 43 2.963971
4 44 3.917584
4 45 5.092048
4 47 3.742258
4 48 1.981328
4 49 4.475002
4 50 4.791505
4 51 3.235555
4 52 3.583283
4 53 5.109537
4 58 4.351963
5 13 3.052552
5 14 4.369812
5 18 2.958269
5 19 4.483272
5 21 5.043901
5 28 5.133260
5 38 5.104835
5 42 4.685289
6 13 3.318770
6 14 4.565757
6 15 4.884371
6 18 3.588105
6 19 4.853303
6 23 4.834033
6 28 4.544294
6 32 5.165939
6 33 4.322811
6 34 4.610305
6 37 3.666565
6 38 3.502046
6 40 4.416920
6 41 3.484395
6 42 2.885847
6 43 5.008655
6 48 4.179344
7 13 3.031914
7 14 4.248411
7 15 4.385603
7 17 5.017826
7 18 2.916865
7 19 5.011669
7 22 4.654042
7 23 3.778705
7 24 4.563556
7 25 4.887008
7 27 4.400612
7 28 3.103151
7 31 4.609362
7 32 3.564310
7 33 4.109908
7 34 4.990300
7 37 4.575011
7 38 3.100119
7 41 4.084930
7 42 4.175843
7 48 4.982279
8 13 3.768543
8 14 5.180705
8 18 3.396118
8 28 4.556370
8 32 5.176336
8 38 4.582328
8 41 5.015785
8 42 4.991566
9 13 2.503837
9 14 3.843797
9 15 4.516031
9 17 4.303725
9 18 1.892041
9 19 4.564994
9 21 4.316743
9 22 3.999618
9 23 4.191360
9 28 3.394877
9 32 4.734961
9 38 4.310154
10 13 4.026772
10 18 3.793628
11 13 2.765768
11 14 4.008824
11 15 5.171821
11 17 4.642913
11 18 2.421259
11 19 4.144092
11 21 4.247537
11 22 4.899096
11 28 4.991550
12 13 3.427951
12 14 4.542310
12 18 3.581964
12 19 4.402872
12 42 4.492021
12 48 4.940457
12 51 4.944009
13 23 2.813363
13 24 4.199220
13 25 4.669427
13 27 4.935604
13 28 2.528052
13 29 4.850882
13 31 5.054940
13 32 4.691174
13 33 4.301644
13 38 3.616924
13 42 4.513232
13 43 4.814118
13 47 5.065039
13 48 3.819190
13 51 4.672649
13 52 4.480600
14 23 2.433187
14 24 3.801474
14 25 4.366740
14 27 4.861149
14 28 2.551991
14 29 4.161654
14 31 4.949737
14 32 4.930865
14 33 4.371433
14 38 3.966287
14 42 5.069100
14 43 4.531023
14 44 5.096132
14 47 4.411576
14 48 3.648733
14 51 4.283586
14 52 3.595234
14 58 4.304590
15 23 1.335421
15 24 2.433982
15 25 2.955567
15 26 3.754555
15 27 3.719970
15 28 2.027998
15 29 2.752813
15 30 4.556392
15 31 3.990593
15 32 3.964159
15 33 3.247983
15 34 4.395684
15 35 4.456268
15 37 5.086141
15 38 3.095188
15 42 4.637300
15 43 3.735448
15 44 4.451025
15 45 4.850169
15 47 4.164974
15 48 3.010668
15 50 5.078431
15 51 4.328010
15 52 3.312286
15 53 4.140363
15 54 5.081399
15 57 4.774679
15 58 3.138589
15 61 4.153933
15 62 4.561812
16 23 2.253990
16 24 2.777019
16 25 2.871317
16 26 3.289891
16 27 4.267896
16 28 3.144279
16 29 2.818563
16 30 4.892304
16 31 4.683417
16 32 4.638658
16 33 3.354321
16 34 4.254223
16 35 3.929690
16 36 4.827846
16 37 5.149825
16 38 3.548573
16 39 5.043183
16 42 4.767063
16 43 3.127200
16 44 3.574829
16 45 3.742305
16 46 4.941372
16 47 3.354894
16 48 2.669631
16 49 4.639917
16 50 4.184232
16 51 3.793231
16 52 2.448815
16 53 2.964442
16 54 3.917684
16 55 5.157330
16 57 3.785921
16 58 1.981261
16 59 4.394605
16 60 4.826458
16 61 3.214185
16 62 3.727215
16 68 4.535501
17 23 3.060137
17 24 4.379107
17 28 2.961820
17 29 4.495104
17 31 5.050675
17 38 5.137415
17 48 5.108916
17 52 4.691546
18 23 3.348667
18 24 4.745847
18 28 2.782586
18 31 5.199319
18 32 4.966142
18 33 5.053043
18 38 4.269299
18 48 4.806886
19 23 3.318663
19 24 4.565040
19 25 4.884093
19 28 3.587586
19 29 4.852815
19 33 4.833776
19 38 4.544875
19 42 5.165809
19 43 4.322749
19 44 4.610709
19 47 3.667139
19 48 3.501998
19 50 4.417361
19 51 3.484522
19 52 2.885799
19 53 5.009266
19 58 4.179302
20 23 3.422639
20 24 4.538085
20 28 3.571813
20 29 4.399899
20 52 4.507691
20 58 4.952199
20 61 5.020257
21 23 4.038917
21 28 3.807805
22 23 2.785207
22 24 4.033693
22 25 5.194143
22 27 4.662952
22 28 2.430409
22 29 4.175867
22 31 4.266629
22 32 4.910612
22 38 4.999763
23 33 2.813089
23 34 4.199308
23 35 4.669297
23 37 4.935934
23 38 2.529020
23 39 4.851571
23 41 5.054599
23 42 4.691234
23 43 4.301498
23 48 3.616438
23 52 4.513079
23 53 4.814267
23 57 5.056635
23 58 3.818886
23 61 4.545318
23 62 4.586727
24 33 2.432553
24 34 3.801467
24 35 4.366099
24 37 4.861385
24 38 2.552348
24 39 4.162202
24 41 4.949139
24 42 4.930274
24 43 4.370623
24 48 3.964987
24 52 5.068269
24 53 4.530509
24 54 5.095597
24 57 4.354873
24 58 3.647891
24 61 4.078461
24 62 3.646910
24 68 4.945706
25 33 1.334805
25 34 2.433770
25 35 2.954671
25 36 3.754041
25 37 3.720135
25 38 2.028058
25 39 2.752999
25 40 4.555993
25 41 3.989678
25 42 3.963248
25 43 3.247065
25 44 4.395961
25 45 4.455664
25 47 5.086000
25 48 3.093853
25 52 4.636895
25 53 3.734985
25 54 4.450731
25 55 4.991736
25 57 4.068612
25 58 3.010070
25 60 5.002573
25 61 4.115722
25 62 3.257961
25 63 4.516324
25 68 3.674417
25 72 4.692204
26 33 2.253924
26 34 2.777234
26 35 2.870849
26 36 3.289649
26 37 4.268484
26 38 3.144425
26 39 2.818580
26 40 4.892254
26 41 4.682596
26 42 4.638030
26 43 3.354094
26 44 4.255221
26 45 3.929977
26 46 4.828021
26 47 5.150366
26 48 3.547974
26 49 5.043234
26 52 4.767386
26 53 3.127183
26 54 3.575041
26 55 3.899223
26 56 5.002718
26 57 3.221129
26 58 2.669796
26 59 4.615926
26 60 4.081109
26 61 3.556552
26 62 2.311785
26 63 3.415022
26 64 4.415275
26 67 4.584671
26 68 2.681912
26 69 4.554655
26 71 4.927426
26 72 3.842688
27 33 3.059429
27 34 4.379099
27 38 2.962091
27 39 4.495381
27 41 5.050374
27 48 5.136464
27 58 5.108102
27 62 4.702913
28 33 3.348041
28 34 4.745518
28 38 2.783038
28 41 5.198578
28 42 4.965732
28 43 5.052509
28 48 4.268413
28 58 4.806519
29 33 3.318360
29 34 4.565473
29 35 4.884011
29 38 3.588011
29 39 4.853670
29 43 4.833589
29 48 4.544092
29 52 5.165421
29 53 4.322976
29 54 4.610940
29 57 3.624852
29 58 3.501920
29 60 4.383890
29 61 3.266189
29 62 2.994048
29 68 4.914661
30 33 3.422291
30 34 4.538614
30 38 3.571972
30 39 4.400659
30 62 4.470869
31 33 4.038456
31 38 3.808139
32 33 2.784596
32 34 4.033802
32 35 5.193853
32 37 4.663127
32 38 2.430165
32 39 4.176533
32 41 4.266227
32 42 4.910218
32 48 4.998807
33 43 2.813165
33 44 4.200347
33 45 4.669254
33 47 4.936499
33 48 2.528605
33 49 4.852070
33 51 5.055298
33 52 4.691565
33 53 4.301650
33 57 5.188004
33 58 3.616293
33 62 4.440637
33 63 5.051242
33 68 4.090027
33 72 4.724725
34 43 2.432009
34 44 3.801751
34 45 4.365742
34 47 4.861249
34 48 2.551461
34 49 4.161872
34 51 4.949166
34 52 4.930358
34 53 4.370644
34 58 3.964882
34 62 4.934437
34 63 4.618284
34 67 4.624511
34 68 3.636249
34 71 4.542011
34 72 3.777884
35 43 1.334623
35 44 2.434279
35 45 2.954197
35 46 3.753624
35 47 3.720231
35 48 2.027735
35 49 2.753040
35 50 4.555855
35 51 3.990149
35 52 3.963573
35 53 3.246783
35 54 4.395754
35 55 4.511437
35 57 4.994794
35 58 3.093523
35 62 4.504855
35 63 3.618486
35 64 4.387522
35 67 3.900086
35 68 2.633397
35 69 5.082647
35 70 4.884655
35 71 3.592956
35 72 3.346779
35 78 4.596450
36 43 2.253603
36 44 2.777145
36 45 2.870274
36 46 3.288845
36 47 4.268055
36 48 3.144050
36 49 2.817873
36 50 4.891648
36 51 4.682593
36 52 4.638032
36 53 3.353453
36 54 4.254947
36 55 3.968214
36 56 5.045968
36 57 5.039097
36 58 3.547621
36 59 5.101798
36 62 4.583593
36 63 2.871750
36 64 3.363835
36 65 4.338492
36 67 2.743365
36 68 2.029509
36 69 4.153261
36 70 3.730316
36 71 2.364423
36 72 2.364053
36 73 4.360049
36 78 3.720896
37 43 3.059566
37 44 4.379586
37 48 2.961996
37 49 4.495507
37 51 5.050688
37 58 5.136786
37 68 4.953896
37 72 4.821884
38 43 3.347948
38 44 4.746390
38 48 2.782786
38 51 5.199455
38 52 4.966494
38 53 5.052945
38 58 4.268631
38 68 5.066489
39 43 3.318229
39 44 4.566038
39 45 4.883894
39 48 3.587752
39 49 4.853426
39 53 4.833551
39 58 4.544215
39 62 4.982868
39 63 4.484624
39 64 4.883707
39 67 4.118330
39 68 3.600858
39 70 4.840549
39 71 4.232065
39 72 3.138235
40 43 3.421708
40 44 4.538151
40 48 3.571328
40 49 4.399911
40 68 5.056767
40 71 4.868900
40 72 4.569174
41 43 4.037631
41 48 3.807265
42 43 2.784041
42 44 4.033555
42 45 5.192637
42 47 4.663049
42 48 2.429916
42 49 4.176213
42 51 4.266653
42 52 4.910493
42 58 4.998194
43 53 2.813299
43 54 4.200246
43 55 4.694434
43 57 4.895329
43 58 2.528432
43 59 4.864439
43 61 4.999102
43 62 4.636800
43 63 4.122959
43 64 5.142540
43 67 4.905689
43 68 3.195439
43 71 4.475836
43 72 4.512960
43 78 4.741252
44 53 2.433067
44 54 3.802408
44 55 4.330590
44 57 4.856148
44 58 2.552433
44 59 4.193966
44 61 4.967835
44 62 4.900151
44 63 4.004424
44 64 5.064833
44 67 5.051893
44 68 3.307043
44 71 4.460559
44 72 4.966216
44 73 4.927818
44 78 3.951257
44 82 4.834954
45 53 1.335142
45 54 2.435110
45 55 2.894141
45 56 3.920950
45 57 3.712614
45 58 2.027918
45 59 2.807846
45 60 4.551508
45 61 4.015930
45 62 3.919658
45 63 2.833569
45 64 4.030048
45 65 4.441741
45 67 4.429588
45 68 2.405434
45 69 4.885061
45 71 4.012138
45 72 4.512035
45 73 3.771286
45 74 4.775357
45 77 4.543288
45 78 2.772944
45 81 4.253688
45 82 4.044905
45 88 4.942836
46 53 2.253772
46 54 2.777864
46 55 2.744052
46 56 3.495391
46 57 4.255191
46 58 3.144375
46 59 2.922171
46 60 4.882169
46 61 4.725981
46 62 4.562667
46 63 2.746017
46 64 3.662497
46 65 3.663006
46 66 4.844799
46 67 4.171332
46 68 2.693909
46 69 4.612587
46 70 5.119484
46 71 3.655341
46 72 4.548946
46 73 2.749675
46 74 3.598794
46 75 4.768185
46 77 3.336775
46 78 1.745189
46 79 4.198327
46 80 4.383473
46 81 3.157492
46 82 2.854840
46 83 4.831151
46 88 4.121991
47 53 3.060237
47 54 4.379615
47 58 2.962392
47 59 4.494759
47 61 5.138793
47 68 4.607307
47 78 5.031402
48 53 3.347926
48 54 4.745948
48 58 2.782240
48 61 5.146497
48 62 4.954483
48 63 4.964142
48 68 4.019238
49 53 3.318559
49 54 4.566106
49 55 4.825909
49 58 3.588076
49 59 4.909478
49 63 4.351999
49 64 5.166949
49 67 4.952176
49 68 3.729199
49 71 4.167226
49 72 4.993649
49 73 4.789055
49 78 3.882869
49 82 4.437305
50 53 3.422846
50 54 4.538831
50 58 3.572109
50 59 4.412982
50 68 5.049225
50 78 4.881524
50 82 4.827130
51 53 4.038201
51 58 3.807438
52 53 2.784516
52 54 4.033166
52 55 5.167476
52 57 4.732640
52 58 2.429797
52 59 4.141021
52 61 4.365865
52 62 5.007177
52 68 4.665469
53 63 2.684634
53 64 4.105370
53 65 4.756359
53 67 4.748478
53 68 2.279331
53 69 4.719432
53 71 4.625570
53 72 4.665817
53 73 4.312423
53 78 3.408123
53 81 4.788283
53 82 5.007735
53 88 4.933404
54 63 2.433485
54 64 3.802904
54 65 4.329912
54 67 4.857126
54 68 2.552952
54 69 4.193522
54 71 4.960272
54 72 4.907755
54 73 4.004648
54 74 5.064880
54 77 5.051719
54 78 3.307028
54 81 4.377037
54 82 5.074859
54 83 4.928441
54 88 3.951498
54 92 4.835301
55 63 1.335120
55 64 2.434713
55 65 2.892642
55 66 3.920238
55 67 3.712924
55 68 2.028407
55 69 2.806320
55 70 4.553366
55 71 3.957076
55 72 3.975023
55 73 2.833455
55 74 4.029691
55 75 4.442156
55 77 4.429252
55 78 2.405109
55 79 4.885065
55 81 3.940398
55 82 4.608808
55 83 3.771213
55 84 4.774769
55 87 4.542490
55 88 2.772616
55 91 4.252425
55 92 4.044784
55 98 4.941948
56 63 2.253510
56 64 2.777608
56 65 2.743108
56 66 3.495220
56 67 4.255432
56 68 3.144255
56 69 2.921122
56 70 4.889949
56 71 4.573054
56 72 4.706087
56 73 2.746029
56 74 3.662128
56 75 3.663828
56 76 4.845732
56 77 4.170674
56 78 2.693046
56 79 4.612551
56 80 5.071383
56 81 3.612805
56 82 4.635490
56 83 2.750335
56 84 3.599112
56 85 4.768646
56 87 3.337066
56 88 1.745457
56 89 4.199049
56 90 4.384176
56 91 3.157241
56 92 2.855673
56 93 4.831000
56 98 4.121919
57 63 3.258684
57 64 4.536469
57 68 3.302150
57 69 4.602629
57 78 4.686848
57 88 4.846557
57 92 5.067987
58 63 3.378202
58 64 4.793141
58 68 2.776162
58 72 5.013146
58 78 4.368660
59 63 3.263750
59 64 4.522022
59 65 4.733685
59 68 3.501750
59 69 4.945085
59 73 4.175698
59 74 4.969426
59 77 4.691463
59 78 3.502524
59 81 3.851568
59 82 4.792365
59 83 4.758745
59 88 3.866708
59 92 4.611019
60 63 3.672053
60 64 4.750817
60 68 3.969842
60 69 4.634899
60 78 5.015722
60 87 5.123489
60 88 4.541775
60 91 4.971318
60 92 4.267711
61 63 4.193389
61 68 4.082102
62 63 3.063012
62 64 4.252301
62 67 5.136814
62 68 2.943651
62 69 4.217234
62 72 4.791748
62 78 4.914450
63 73 2.684613
63 74 4.105195
63 75 4.757201
63 77 4.748006
63 78 2.278952
63 79 4.719877
63 81 4.546405
63 82 4.750251
63 83 4.312802
63 88 3.408516
63 91 4.788146
63 92 5.008416
63 98 4.933266
64 73 2.432947
64 74 3.802055
64 75 4.330172
64 77 4.855952
64 78 2.552046
64 79 4.193613
64 81 4.899627
64 82 4.967546
64 83 4.004449
64 84 5.064619
64 87 5.051573
64 88 3.307142
64 91 4.377078
64 92 5.075517
64 93 4.927960
64 98 3.950978
64 101 4.835240
65 73 1.335292
65 74 2.434911
65 75 2.893953
65 76 3.921594
65 77 3.712426
65 78 2.027508
65 79 2.807789
65 80 4.551246
65 81 3.919037
65 82 4.015894
65 83 2.833722
65 84 4.029887
65 85 4.442632
65 87 4.429312
65 88 2.405392
65 89 4.885846
65 91 3.940270
65 92 4.609037
65 93 3.771848
65 94 4.775807
65 97 4.543940
65 98 2.773187
65 101 4.045919
65 102 4.253493
65 108 4.943640
66 73 2.253838
66 74 2.777377
66 75 2.743708
66 76 3.495640
66 77 4.254757
66 78 3.143890
66 79 2.922144
66 80 4.881838
66 81 4.561718
66 82 4.726057
66 83 2.745779
66 84 3.661952
66 85 3.663536
66 86 4.845500
66 87 4.170639
66 88 2.693311
66 89 4.613085
66 90 5.071752
66 91 3.612791
66 92 4.635820
66 93 2.750235
66 94 3.599311
66 95 4.768596
66 97 3.337555
66 98 1.745243
66 99 4.198343
66 100 4.384138
66 101 2.855974
66 102 3.157358
66 103 4.831514
66 108 4.122640
67 73 3.259080
67 74 4.536714
67 78 3.302559
67 79 4.603866
67 88 4.687703
67 98 4.846532
67 101 5.068063
68 73 3.378649
68 74 4.793606
68 78 2.776635
68 81 5.119635
68 82 5.100065
68 88 4.369352
69 73 3.263574
69 74 4.521424
69 75 4.734077
69 78 3.500846
69 79 4.945749
69 83 4.175320
69 84 4.968915
69 87 4.690613
69 88 3.502213
69 91 3.851188
69 92 4.792393
69 93 4.758425
69 98 3.866480
69 101 4.611553
70 73 3.740526
70 74 4.833107
70 78 4.029881
70 79 4.732514
70 88 5.050692
70 97 5.169342
70 98 4.582935
70 101 4.298601
70 102 5.037061
71 73 3.024104
71 74 4.195558
71 77 5.100947
71 78 2.938644
71 79 4.142560
71 82 4.804821
71 88 4.886506
71 98 5.179778
72 73 4.159841
72 78 4.025031
73 83 2.685044
73 84 4.105466
73 85 4.757627
73 87 4.748613
73 88 2.279641
73 89 4.720558
73 91 4.546499
73 92 4.750841
73 93 4.313091
73 98 3.408682
73 101 5.009012
73 102 4.788359
73 108 4.934458
74 83 2.432466
74 84 3.801559
74 85 4.329934
74 87 4.855997
74 88 2.551881
74 89 4.193513
74 91 4.898903
74 92 4.967215
74 93 4.004144
74 94 5.064476
74 97 5.051832
74 98 3.306640
74 101 5.075634
74 102 4.376890
74 103 4.928255
74 108 3.951775
74 112 4.849633
75 83 1.335391
75 84 2.434827
75 85 2.893996
75 86 3.921438
75 87 3.713256
75 88 2.028224
75 89 2.807888
75 90 4.551835
75 91 3.919148
75 92 4.016186
75 93 2.833702
75 94 4.029785
75 95 4.442036
75 97 4.429486
75 98 2.405513
75 99 4.884932
75 101 4.609481
75 102 3.940121
75 103 3.771686
75 104 4.775636
75 107 4.531421
75 108 2.773517
75 111 4.145443
75 112 4.118217
75 118 4.694612
76 83 2.254084
76 84 2.777547
76 85 2.743710
76 86 3.495517
76 87 4.255767
76 88 3.144657
76 89 2.922562
76 90 4.882470
76 91 4.561876
76 92 4.726418
76 93 2.745724
76 94 3.661476
76 95 3.662567
76 96 4.844714
76 97 4.170323
76 98 2.693355
76 99 4.611870
76 100 5.071282
76 101 4.635864
76 102 3.612277
76 103 2.749733
76 104 3.598874
76 105 4.684518
76 107 3.316944
76 108 1.745312
76 109 4.276421
76 110 4.368297
76 111 3.027366
76 112 2.929378
76 113 4.621980
76 118 3.834198
77 83 3.258368
77 84 4.535888
77 88 3.301907
77 89 4.603234
77 98 4.686786
77 108 4.846924
77 112 5.117883
78 83 3.378383
78 84 4.793032
78 88 2.776388
78 91 5.118654
78 92 5.099737
78 98 4.368727
79 83 3.263166
79 84 4.521098
79 85 4.734112
79 88 3.501013
79 89 4.945533
79 93 4.175828
79 94 4.969656
79 97 4.692050
79 98 3.502615
79 101 4.793782
79 102 3.851957
79 103 4.758901
79 108 3.867305
79 112 4.558609
80 83 3.671677
80 84 4.750243
80 88 3.969352
80 89 4.635576
80 98 5.015863
80 107 5.067287
80 108 4.542543
80 111 4.757663
80 112 4.324208
81 83 3.061951
81 84 4.251029
81 87 5.135758
81 88 2.942683
81 89 4.216917
81 92 4.828915
81 98 4.913824
82 83 4.193055
82 88 4.081572
83 93 2.684372
83 94 4.104909
83 95 4.756854
83 97 4.748167
83 98 2.279111
83 99 4.719205
83 101 4.750633
83 102 4.545970
83 103 4.312901
83 108 3.408896
83 111 4.756629
83 112 5.124628
83 118 4.722875
84 93 2.432061
84 94 3.801233
84 95 4.329521
84 97 4.855616
84 98 2.551759
84 99 4.192517
84 101 4.967197
84 102 4.898726
84 103 4.004214
84 104 5.065029
84 107 5.130366
84 108 3.306916
84 111 4.436493
84 113 4.739174
84 117 5.156817
84 118 3.757314
84 121 4.833153
84 122 4.541806
84 128 5.084849
85 93 1.334638
85 94 2.433907
85 95 2.893235
85 96 3.920709
85 97 3.712206
85 98 2.027982
85 99 2.806355
85 100 4.551190
85 101 4.015628
85 102 3.918618
85 103 2.833630
85 104 4.030397
85 105 4.369319
85 107 4.503962
85 108 2.405477
85 109 4.883068
85 111 4.026470
85 112 4.729485
85 113 3.764832
85 114 4.715277
85 117 4.537636
85 118 2.909557
85 121 4.504618
85 122 3.848905
85 123 4.754410
85 128 3.768116
85 131 5.061337
85 132 5.081713
86 93 2.253762
86 94 2.776855
86 95 2.743304
86 96 3.495012
86 97 4.254860
86 98 3.144601
86 99 2.921429
86 100 4.882190
86 101 4.726055
86 102 4.561689
86 103 2.745823
86 104 3.662473
86 105 3.581905
86 106 4.674994
86 107 4.283265
86 108 2.693232
86 109 4.583196
86 110 5.162279
86 111 3.778257
86 112 4.781821
86 113 2.764295
86 114 3.545525
86 115 4.141895
86 117 3.367215
86 118 1.992292
86 119 4.496527
86 120 4.365305
86 121 3.477668
86 122 2.682483
86 123 3.656519
86 124 4.808632
86 127 4.771008
86 128 2.707714
86 131 4.464024
86 132 4.382591
86 138 4.768047
87 93 3.258241
87 94 4.535847
87 98 3.302113
87 99 4.602435
87 108 4.687688
87 118 4.781011
87 122 4.784521
88 93 3.378161
88 94 4.793059
88 98 2.776377
88 101 5.100153
88 102 5.118837
88 108 4.369473
89 93 3.263556
89 94 4.521388
89 95 4.734140
89 98 3.501650
89 99 4.945221
89 103 4.176138
89 104 4.970290
89 107 4.795840
89 108 3.503179
89 111 3.934546
89 112 5.002729
89 113 4.417283
89 117 4.690881
89 118 3.409115
89 121 4.169090
89 122 4.263604
90 93 3.671717
90 94 4.750289
90 98 3.969862
90 99 4.635108
90 108 5.016365
90 117 4.828234
90 118 4.515386
90 121 4.651486
90 122 3.989023
90 128 5.025198
91 93 3.061800
91 94 4.251282
91 97 5.135930
91 98 2.942883
91 99 4.216693
91 101 4.829411
91 108 4.914198
92 93 4.192834
92 98 4.081808
93 103 2.685051
93 104 4.105913
93 105 4.732835
93 107 4.772059
93 108 2.279611
93 109 4.720679
93 111 4.569972
93 112 4.790840
93 113 4.462999
93 118 3.763393
93 122 4.888031
93 123 5.158509
93 128 4.177287
93 131 4.773693
93 132 5.089616
94 103 2.432212
94 104 3.801722
94 105 4.365385
94 107 4.860872
94 108 2.551451
94 109 4.161831
94 111 4.929974
94 112 4.948456
94 113 4.371016
94 118 3.965735
94 122 5.068619
94 123 4.531026
94 124 5.096131
94 127 4.411349
94 128 3.648486
94 131 3.595181
94 132 4.283018
94 138 4.304173
95 103 1.334438
95 104 2.434324
95 105 2.954531
95 106 3.754210
95 107 3.719798
95 108 2.027017
95 109 2.753210
95 110 4.556331
95 111 3.963171
95 112 3.989340
95 113 3.247802
95 114 4.395674
95 115 4.456634
95 117 5.085829
95 118 3.094678
95 122 4.637164
95 123 3.736206
95 124 4.451537
95 125 4.850469
95 127 4.165147
95 128 3.011207
95 130 5.078923
95 131 3.312737
95 132 4.328119
95 133 4.140750
95 134 5.082122
95 137 4.743753
95 138 3.139058
95 141 4.204449
95 142 4.422154
95 148 5.196485
96 103 2.253566
96 104 2.777210
96 105 2.870005
96 106 3.288774
96 107 4.267977
96 108 3.143764
96 109 2.818785
96 110 4.892416
96 111 4.637810
96 112 4.682640
96 113 3.353753
96 114 4.253816
96 115 3.929460
96 116 4.826736
96 117 5.148952
96 118 3.547946
96 119 5.042585
96 122 4.766720
96 123 3.127063
96 124 3.574531
96 125 3.741891
96 126 4.940909
96 127 3.354525
96 128 2.669764
96 129 4.639168
96 130 4.184148
96 131 2.448693
96 132 3.792970
96 133 2.964065
96 134 3.917873
96 135 5.092478
96 137 3.742483
96 138 1.980962
96 139 4.474676
96 140 4.791972
96 141 3.235622
96 142 3.583261
96 143 5.109880
96 148 4.351670
97 103 3.258220
97 104 4.535947
97 108 3.301880
97 109 4.589373
97 128 5.001801
97 131 4.337289
97 138 5.017474
98 103 3.378713
98 104 4.793819
98 108 2.776953
98 111 5.097958
98 112 5.120901
98 118 4.625779
98 128 5.183507
99 103 3.263258
99 104 4.521692
99 105 4.779422
99 108 3.500677
99 109 4.890502
99 113 4.635018
99 118 4.306929
99 122 4.843867
99 123 4.152912
99 124 4.515857
99 127 3.624983
99 128 3.288794
99 130 4.430480
99 131 2.921856
99 132 3.360488
99 133 5.053568
99 138 4.218896
100 103 3.672084
100 104 4.750790
100 108 3.969709
100 109 4.600274
100 127 4.923482
100 128 5.057366
100 131 3.890915
100 132 5.104400
100 138 4.570109
100 141 4.684050
101 103 4.193319
101 108 4.082097
101 131 4.906874
102 103 3.062146
102 104 4.251553
102 107 5.059460
102 108 2.942932
102 109 4.235752
102 112 4.702451
102 131 5.163884
103 113 2.813131
103 114 4.199187
103 115 4.669358
103 117 4.935650
103 118 2.528682
103 119 4.851770
103 121 5.054318
103 122 4.690845
103 123 4.302031
103 128 3.616449
103 131 4.512591
103 133 4.814318
103 137 5.064973
103 138 3.819038
103 141 4.672028
103 142 4.480723
104 113 2.432974
104 114 3.801674
104 115 4.366653
104 117 4.861593
104 118 2.552593
104 119 4.162454
104 121 4.949430
104 122 4.930869
104 123 4.372063
104 128 3.966144
104 131 5.068662
104 133 4.530996
104 134 5.095594
104 137 4.411002
104 138 3.648615
104 141 4.282515
104 142 3.594900
104 148 4.304361
105 113 1.334633
105 114 2.433862
105 115 2.954915
105 116 3.753697
105 117 3.719730
105 118 2.027476
105 119 2.753554
105 120 4.556244
105 121 3.989575
105 122 3.963167
105 123 3.247802
105 124 4.395689
105 125 4.455412
105 127 5.084876
105 128 3.093925
105 131 4.636139
105 133 3.735338
105 134 4.450685
105 135 4.850535
105 137 4.164888
105 138 3.010175
105 140 5.078408
105 141 4.327298
105 142 3.312707
105 143 4.141034
105 144 5.082385
105 147 4.743537
105 148 3.139009
105 151 4.422332
105 152 4.204846
105 158 5.196767
106 113 2.253757
106 114 2.776925
106 115 2.870329
106 116 3.288225
106 117 4.267614
106 118 3.144253
106 119 2.818420
106 120 4.892052
106 121 4.682364
106 122 4.637888
106 123 3.354044
106 124 4.254084
106 125 3.928856
106 126 4.826829
106 127 5.148779
106 128 3.547880
106 129 5.042296
106 131 4.766266
106 133 3.126849
106 134 3.574126
106 135 3.742043
106 136 4.941492
106 137 3.354793
106 138 2.669427
106 139 4.638840
106 140 4.184069
106 141 3.792837
106 142 2.449269
106 143 2.964237
106 144 3.917740
106 145 5.092323
106 147 3.741774
106 148 1.980765
106 149 4.473892
106 150 4.791358
106 151 3.582836
106 152 3.235564
106 153 5.108248
106 158 4.351910
107 113 3.059341
107 114 4.378680
107 118 2.961509
107 119 4.495397
107 121 5.049914
107 128 5.136947
107 138 5.109042
107 142 4.691767
108 113 3.348102
108 114 4.745423
108 118 2.782965
108 121 5.198728
108 122 4.965714
108 123 5.053199
108 128 4.268553
108 138 4.806330
109 113 3.318710
109 114 4.565681
109 115 4.884525
109 118 3.588171
109 119 4.853877
109 123 4.834737
109 128 4.545166
109 131 5.165579
109 133 4.323269
109 134 4.610841
109 137 3.667239
109 138 3.502647
109 140 4.417316
109 141 3.484018
109 142 2.886150
109 143 5.009939
109 148 4.179700
110 113 3.422877
110 114 4.538959
110 118 3.572097
110 119 4.401460
110 142 4.508403
110 148 4.953040
110 152 4.955306
111 113 2.784246
111 114 4.033139
111 115 5.193502
111 117 4.662852
111 118 2.429506
111 119 4.176556
111 121 4.266062
111 122 4.909696
111 128 4.998616
112 113 4.037902
112 118 3.807055
113 123 2.814264
113 124 4.200477
113 125 4.669089
113 127 4.935806
113 128 2.528906
113 129 4.851923
113 131 4.691493
113 132 5.055505
113 133 4.302121
113 138 3.616459
113 142 4.513134
113 143 4.814915
113 147 5.064394
113 148 3.819293
113 151 4.480765
113 152 4.671817
114 123 2.433477
114 124 3.802406
114 125 4.366095
114 127 4.860938
114 128 2.551957
114 129 4.162418
114 131 4.930705
114 132 4.949986
114 133 4.371625
114 138 3.965270
114 142 5.068949
114 143 4.531715
114 144 5.096728
114 147 4.411105
114 148 3.648922
114 151 3.595825
114 152 4.282916
114 158 4.305293
115 123 1.335510
115 124 2.434652
115 125 2.954490
115 126 3.753759
115 127 3.719751
115 128 2.028177
115 129 2.753317
115 130 4.556030
115 131 3.963850
115 132 3.990868
115 133 3.247815
115 134 4.396135
115 135 4.455857
115 137 5.086009
115 138 3.093852
115 142 4.636988
115 143 3.735652
115 144 4.451033
115 145 4.850394
115 147 4.164060
115 148 3.010389
115 150 5.077837
115 151 3.312356
115 152 4.327304
115 153 4.139693
115 154 5.081477
115 157 4.742919
115 158 3.138694
115 160 4.578293
115 162 4.068841
116 123 2.253544
116 124 2.776940
116 125 2.869936
116 126 3.288566
116 127 4.267187
116 128 3.144086
116 129 2.818459
116 130 4.891382
116 131 4.637631
116 132 4.683167
116 133 3.353590
116 134 4.254236
116 135 3.929109
116 136 4.827462
116 137 5.149342
116 138 3.546955
116 139 5.042231
116 142 4.766559
116 143 3.127063
116 144 3.574893
116 145 3.742528
116 146 4.941192
116 147 3.354409
116 148 2.669350
116 149 4.638848
116 150 4.184141
116 151 2.449442
116 152 3.793065
116 153 2.963727
116 154 3.917774
116 155 5.092498
116 157 3.741891
116 158 1.981214
116 159 4.474818
116 160 3.601226
116 161 4.789559
116 162 3.220787
116 163 5.195449
116 168 4.522154
117 123 3.059807
117 124 4.379386
117 128 2.961365
117 129 4.494976
117 132 5.050830
117 138 5.136165
117 148 5.108648
117 151 4.691427
118 123 3.349126
118 124 4.746726
118 128 2.782991
118 131 4.966483
118 132 5.199661
118 133 5.053320
118 138 4.268696
118 148 4.806758
119 123 3.319096
119 124 4.565998
119 125 4.883608
119 128 3.587988
119 129 4.853466
119 133 4.834074
119 138 4.544279
119 142 5.165895
119 143 4.323127
119 144 4.610977
119 147 3.666251
119 148 3.502188
119 150 4.416526
119 151 2.885893
119 152 3.483396
119 153 5.008376
119 158 4.179561
120 123 3.422862
120 124 4.539148
120 128 3.571597
120 129 4.400741
120 151 4.508465
120 158 4.952621
121 123 4.038167
121 128 3.806660
122 123 2.785130
122 124 4.034467
122 125 5.193071
122 127 4.662728
122 128 2.429700
122 129 4.176563
122 131 4.910875
122 132 4.267225
122 138 4.998384
123 133 2.813452
123 134 4.200310
123 135 4.669287
123 137 4.936387
123 138 2.528147
123 139 4.851574
123 141 5.054965
123 142 4.691635
123 143 4.302364
123 148 3.616666
123 151 4.513348
123 153 4.813966
123 157 5.064139
123 158 3.819133
123 160 5.051345
123 162 4.179596
124 133 2.432719
124 134 3.802226
124 135 4.365971
124 137 4.861515
124 138 2.551580
124 139 4.161943
124 141 4.949420
124 142 4.930626
124 143 4.371512
124 148 3.965339
124 151 5.068909
124 153 4.530720
124 154 5.095541
124 157 4.410688
124 158 3.648353
124 160 4.644287
124 161 5.095594
124 162 3.378925
124 168 4.230612
124 171 5.111568
125 133 1.335108
125 134 2.435330
125 135 2.955302
125 136 3.755242
125 137 3.720664
125 138 2.027338
125 139 2.753931
125 140 4.556615
125 141 3.990434
125 142 3.963708
125 143 3.248118
125 144 4.396536
125 145 4.456626
125 147 5.085710
125 148 3.093929
125 151 4.636756
125 153 3.735480
125 154 4.450805
125 155 4.850999
125 157 4.164244
125 158 3.010588
125 160 4.675646
125 161 4.861966
125 162 3.163137
125 163 4.202144
125 164 5.137927
125 167 4.842096
125 168 3.275484
125 170 5.058278
125 171 3.920374
125 178 4.556405
126 133 2.253577
126 134 2.777820
126 135 2.870738
126 136 3.289823
126 137 4.268324
126 138 3.143785
126 139 2.818848
126 140 4.892218
126 141 4.682952
126 142 4.637974
126 143 3.354162
126 144 4.255040
126 145 3.930173
126 146 4.827616
126 147 5.149722
126 148 3.547561
126 149 5.042651
126 151 4.766914
126 153 3.127468
126 154 3.574600
126 155 3.742957
126 156 4.926125
126 157 3.354311
126 158 2.669694
126 159 4.639280
126 160 4.088155
126 161 3.923032
126 162 2.409243
126 163 2.992199
126 164 3.941318
126 165 4.756662
126 167 3.765981
126 168 2.051676
126 169 4.769418
126 170 4.003484
126 171 2.952477
126 172 4.696571
126 173 4.512735
126 178 3.710652
126 181 5.151985
126 188 5.176908
127 133 3.059607
127 134 4.379854
127 138 2.961303
127 139 4.495573
127 141 5.050668
127 148 5.136317
127 158 5.108434
127 162 4.554592
127 168 5.102489
128 133 3.348874
128 134 4.746930
128 138 2.782683
128 141 5.199333
128 142 4.966530
128 143 5.053805
128 148 4.268944
128 158 4.807058
128 162 5.143013
129 133 3.318665
129 134 4.566426
129 135 4.884087
129 138 3.587341
129 139 4.853743
129 143 4.834333
129 148 4.544438
129 151 5.166016
129 153 4.323306
129 154 4.610984
129 157 3.667152
129 158 3.502149
129 160 3.821172
129 161 4.275260
129 162 2.667614
129 163 4.891937
129 168 3.936009
129 171 5.169125
130 133 3.422146
130 134 4.539036
130 138 3.571189
130 139 4.400692
130 162 4.459172
130 168 4.708573
130 171 4.801121
131 133 2.783837
131 134 4.033391
131 135 5.192590
131 137 4.662175
131 138 2.428874
131 139 4.175518
131 141 4.265592
131 142 4.909448
131 148 4.997905
132 133 4.038300
132 138 3.806955
132 162 5.070785
133 143 2.813833
133 144 4.200441
133 145 4.669725
133 147 4.936096
133 148 2.528385
133 149 4.851248
133 151 4.691335
133 152 5.055567
133 153 4.301498
133 158 3.616807
133 162 4.357721
133 163 4.983183
133 168 4.171964
133 171 4.373454
133 178 4.577450
133 181 5.087210
134 143 2.432917
134 144 3.802103
134 145 4.366638
134 147 4.861444
134 148 2.551693
134 149 4.161391
134 151 4.930474
134 152 4.950066
134 153 4.371081
134 158 3.966102
134 162 4.976068
134 163 4.807647
134 167 5.023421
134 168 4.208419
134 171 3.982432
134 173 4.551260
134 174 5.170560
134 177 4.491579
134 178 3.619205
134 181 3.718545
134 182 4.304569
134 188 4.525564
135 143 1.334953
135 144 2.434690
135 145 2.955242
135 146 3.754140
135 147 3.720511
135 148 2.027611
135 149 2.753021
135 150 4.556549
135 151 3.963351
135 152 3.991170
135 153 3.246989
135 154 4.395574
135 155 4.455863
135 157 5.084808
135 158 3.094357
135 162 4.541496
135 163 4.099976
135 164 4.794645
135 165 4.685327
135 167 4.883820
135 168 3.731965
135 171 4.012883
135 173 3.789364
135 174 4.313954
135 175 4.768903
135 177 3.797979
135 178 3.051812
135 180 4.782573
135 181 3.350533
135 182 3.377672
135 183 4.123703
135 184 5.112496
135 187 4.833320
135 188 3.145895
135 192 3.838304
135 198 4.879833
136 143 2.253728
136 144 2.777177
136 145 2.870561
136 146 3.288509
136 147 4.268426
136 148 3.144435
136 149 2.818109
136 150 4.892266
136 151 4.637760
136 152 4.683895
136 153 3.353419
136 154 4.253992
136 155 3.929138
136 156 4.554264
136 157 5.148737
136 158 3.548075
136 159 5.041961
136 162 4.758572
136 163 3.556384
136 164 3.996308
136 165 3.612164
136 166 4.598466
136 167 4.222495
136 168 3.466101
136 169 5.050053
136 170 5.133025
136 171 3.510471
136 172 4.622979
136 173 2.625342
136 174 3.098251
136 175 3.602192
136 176 4.816195
136 177 2.766687
136 178 2.018400
136 179 4.107687
136 180 3.822779
136 181 2.468734
136 182 2.468034
136 183 3.132152
136 184 4.306631
136 185 5.137672
136 187 4.370056
136 188 2.233857
136 189 5.050974
136 190 5.190181
136 191 4.853563
136 192 3.524343
136 193 4.984426
136 198 4.271074
136 222 5.112492
137 143 3.060345
137 144 4.379908
137 148 2.961974
137 149 4.495097
137 152 5.051565
137 158 5.137529
137 177 4.795004
137 178 4.673924
137 181 4.045904
137 182 4.499590
137 188 5.104830
138 143 3.348863
138 144 4.746590
138 148 2.782490
138 151 4.965788
138 152 5.199385
138 153 5.052347
138 158 4.268661
138 162 5.075473
138 168 5.129126
139 143 3.318435
139 144 4.565883
139 145 4.884314
139 148 3.587256
139 149 4.852896
139 153 4.833684
139 158 4.544659
139 162 5.149934
139 163 4.570632
139 164 4.869659
139 165 5.000474
139 167 4.279827
139 168 4.001958
139 170 4.918185
139 171 3.214512
139 172 4.667599
139 173 4.077067
139 174 4.783957
139 177 4.186163
139 178 3.084563
139 180 5.009295
139 181 3.259937
139 182 4.270979
139 188 4.706204
140 143 3.422555
140 144 4.538799
140 148 3.571488
140 149 4.400202
140 173 5.197475
140 177 4.030367
140 178 4.430454
140 180 4.553132
140 181 3.331613
140 182 3.752736
140 188 4.692923
141 143 4.038369
141 148 3.806922
141 181 4.695111
142 143 2.784790
142 144 4.033847
142 145 5.193420
142 147 4.662882
142 148 2.429704
142 149 4.175535
142 151 4.909988
142 152 4.267071
142 158 4.998960
142 181 4.797187
142 182 4.895796
143 153 2.812295
143 154 4.199527
143 155 4.668850
143 157 4.935052
143 158 2.528909
143 159 4.851076
143 162 4.504870
143 163 4.645755
143 168 4.280381
143 171 5.102251
143 173 4.775238
143 177 4.753361
143 178 4.176540
143 181 4.498810
143 182 4.095396
143 183 4.407548
143 184 5.057032
143 187 4.388550
143 188 3.441550
143 190 5.048277
143 191 4.675516
143 192 3.338598
143 198 4.666978
144 153 2.432153
144 154 3.802027
144 155 4.366121
144 156 4.936851
144 157 4.860872
144 158 2.552892
144 159 4.161951
144 160 5.171674
144 162 4.750082
144 163 4.739790
144 168 4.630299
144 173 4.903908
144 174 5.191106
144 175 4.889727
144 177 4.934833
144 178 4.579961
144 181 4.993785
144 182 4.120134
144 183 3.734350
144 184 4.015465
144 185 4.847582
144 187 3.103533
144 188 2.921483
144 189 4.839533
144 190 3.770947
144 191 3.288212
144 192 2.109220
144 193 4.515936
144 198 3.607790
144 202 4.769474
145 153 1.334588
145 154 2.434445
145 155 2.954768
145 156 3.472334
145 157 3.719564
145 158 2.028237
145 159 2.753001
145 160 4.135909
145 161 4.525722
145 162 3.848929
145 163 3.582029
145 164 4.675791
145 165 4.545506
145 166 5.166280
145 168 3.668715
145 171 5.174848
145 173 4.279422
145 174 4.796211
145 175 4.379128
145 177 5.000123
145 178 4.127752
145 181 5.131201
145 182 4.377521
145 183 3.345425
145 184 3.588537
145 185 3.973414
145 186 5.198903
145 187 2.968644
145 188 2.771349
145 189 4.608347
145 190 3.924700
145 191 2.811807
145 192 2.334294
145 193 3.327663
145 194 4.383248
145 197 4.246218
145 198 2.338914
145 199 5.054976
145 200 4.948957
145 201 4.812956
145 202 3.292013
145 208 4.570901
146 153 2.253309
146 154 2.776850
146 155 2.869882
146 156 2.927771
146 157 4.267035
146 158 3.144120
146 159 2.817919
146 160 4.741376
146 161 4.871577
146 162 4.599540
146 163 3.710089
146 164 4.571427
146 165 4.154996
146 166 4.508952
146 168 4.107112
146 169 5.184613
146 173 4.022233
146 174 4.337256
146 175 3.593447
146 176 4.355472
146 177 4.783545
146 178 4.166866
146 181 5.151604
146 182 4.184686
146 183 2.553446
146 184 2.551548
146 185 2.749673
146 186 3.972736
146 187 2.204457
146 188 2.337801
146 189 3.623435
146 190 3.273677
146 191 1.988238
146 192 1.988703
146 193 2.158203
146 194 3.364542
146 195 4.352267
146 197 3.571932
146 198 1.236268
146 199 4.021470
146 200 4.339582
146 201 4.210554
146 202 2.826557
146 203 4.434615
146 208 3.848745
146 218 4.590418
146 228 5.173035
147 153 3.059089
147 154 4.379635
147 158 2.962375
147 159 4.495505
147 183 5.000127
147 184 4.936656
147 187 3.672691
147 188 4.300567
147 190 4.086347
147 191 3.596366
147 192 2.877308
147 198 4.347081
148 153 3.347435
148 154 4.745926
148 158 2.783066
148 162 4.724215
148 168 4.839568
148 178 5.016095
148 182 4.972929
148 187 5.186811
148 188 4.434198
148 192 4.133454
149 153 3.317621
149 154 4.565736
149 155 4.883859
149 158 3.587930
149 159 4.853342
149 173 4.807263
149 174 4.783989
149 175 4.355771
149 177 4.393231
149 178 4.604486
149 181 4.626631
149 182 3.444765
149 183 3.131810
149 184 3.359315
149 185 4.457132
149 187 2.468758
149 188 2.349900
149 189 4.027558
149 190 2.994837
149 191 2.987361
149 192 1.381423
149 193 4.433146
149 198 3.675896
150 153 3.421980
150 154 4.539123
150 158 3.572218
150 159 4.401018
150 183 4.953584
150 184 4.577381
150 185 5.182904
150 187 3.167059
150 188 4.439109
150 190 3.467722
150 191 2.904065
150 192 2.654721
150 193 4.796068
150 198 4.006385
150 202 4.913268
151 153 2.783471
151 154 4.033552
151 155 5.192799
151 157 4.662109
151 158 2.430113
151 159 4.176009
151 160 4.510886
151 162 4.607349
151 187 4.525650
151 188 5.000306
151 190 5.039431
151 191 4.273997
151 192 3.779691
151 198 4.675830
151 202 5.101316
152 153 4.037610
152 158 3.808077
152 187 4.234223
152 188 4.807016
152 190 4.434201
152 191 4.340337
152 192 3.385032
153 163 3.003452
153 164 4.343663
153 165 4.656012
153 167 5.186829
153 168 2.876034
153 169 4.988857
153 171 4.789515
153 173 4.613496
153 178 4.332515
153 183 4.423011
153 184 4.768545
153 185 4.892726
153 187 4.245561
153 188 3.860419
153 191 3.916532
153 192 3.666235
153 193 3.976339
153 194 4.692398
153 197 4.116957
153 198 2.989188
153 200 4.770952
153 201 4.511942
153 202 3.057533
153 208 4.527486
154 163 2.432412
154 164 3.801091
154 165 4.365660
154 166 4.937749
154 167 4.860322
154 168 2.551316
154 169 4.161771
154 170 5.171548
154 171 4.748079
154 173 4.739804
154 178 4.630164
154 183 4.904085
154 184 5.191278
154 185 4.890785
154 187 4.935513
154 188 4.580207
154 191 4.425798
154 192 4.613423
154 193 3.735569
154 194 4.016242
154 195 4.848116
154 197 3.103896
154 198 2.922452
154 199 4.840633
154 200 3.771207
154 201 3.289527
154 202 2.109852
154 203 4.515665
154 208 3.608144
154 212 4.769249
155 163 1.335261
155 164 2.434113
155 165 2.954667
155 166 3.473426
155 167 3.719636
155 168 2.027652
155 169 2.753525
155 170 4.136509
155 171 3.847985
155 172 4.525766
155 173 3.582374
155 174 4.675829
155 175 4.545878
155 176 5.165749
155 178 3.669179
155 183 4.279175
155 184 4.795889
155 185 4.379433
155 187 4.999960
155 188 4.127646
155 191 4.667802
155 192 4.775789
155 193 3.346133
155 194 3.588575
155 195 3.973589
155 196 5.198931
155 197 2.968360
155 198 2.771320
155 199 4.608675
155 200 3.924409
155 201 2.812688
155 202 2.333823
155 203 3.327281
155 204 4.383546
155 207 4.246563
155 208 2.339249
155 209 5.054525
155 210 4.949522
155 211 4.813087
155 212 3.292137
155 213 5.197197
155 218 4.339260
156 163 2.253264
156 164 2.776664
156 165 2.870235
156 166 2.929469
156 167 4.267017
156 168 3.143196
156 169 2.818458
156 170 4.741829
156 171 4.598856
156 172 4.871899
156 173 3.710801
156 174 4.571948
156 175 4.156138
156 176 4.509103
156 178 4.107787
156 179 5.184434
156 183 4.022404
156 184 4.337284
156 185 3.594136
156 186 4.355885
156 187 4.783367
156 188 4.166937
156 191 4.401094
156 192 4.823457
156 193 2.554288
156 194 2.551683
156 195 2.750439
156 196 3.973389
156 197 2.203921
156 198 2.337613
156 199 3.623882
156 200 3.273196
156 201 1.988826
156 202 1.987507
156 203 2.158556
156 204 3.365498
156 205 4.352998
156 207 3.572936
156 208 1.237432
156 209 4.021640
156 210 4.340696
156 211 4.211473
156 212 2.827241
156 213 4.267716
156 218 3.511965
156 228 4.900075
157 163 2.851591
157 164 4.219655
157 165 5.197222
157 167 4.991692
157 168 2.584398
157 169 4.445955
157 170 4.993671
157 171 4.873798
157 193 5.195505
157 197 4.092327
157 198 4.432487
157 200 4.577568
157 201 4.021870
157 202 3.238317
157 208 4.543818
158 163 3.490291
158 164 4.858290
158 168 3.065637
158 171 4.912548
158 173 5.163208
158 178 4.702661
158 183 5.175306
158 187 4.958096
158 188 4.482251
158 191 4.691063
158 192 4.238848
158 193 4.974707
158 197 5.026022
158 198 3.978951
158 202 3.950986
159 163 3.322518
159 164 4.568424
159 165 4.984336
159 168 3.594062
159 169 4.777111
159 183 5.133999
159 184 5.119947
159 185 4.610655
159 187 4.775842
159 188 4.954824
159 191 4.059197
159 192 4.656550
159 193 3.345563
159 194 3.408480
159 195 4.456767
159 197 2.351452
159 198 2.638338
159 199 4.077804
159 200 2.828198
159 201 2.785914
159 202 1.307595
159 203 4.400112
159 208 3.639511
159 212 5.150207
160 163 3.925075
160 168 3.642146
160 197 4.380433
160 198 4.892872
160 200 4.624062
160 201 4.451193
160 202 3.522410
161 163 2.811847
161 164 3.962965
161 165 5.100739
161 167 4.768344
161 168 2.720367
161 169 3.932210
161 170 4.606262
161 171 4.872478
161 197 3.999086
161 198 4.817505
161 200 4.482453
161 201 3.650348
161 202 3.380607
161 203 5.127932
161 208 4.222801
161 212 4.721350
162 163 2.811170
162 164 4.155433
162 167 4.612759
162 168 2.175214
162 169 4.552978
162 170 4.585611
162 171 4.310170
162 178 5.049274
162 197 5.036633
162 198 4.996883
162 201 4.943314
162 202 4.142962
162 208 5.128410
163 173 3.002776
163 174 4.342734
163 175 4.655603
163 177 5.186396
163 178 2.875669
163 179 4.987278
163 181 4.999456
163 183 4.612670
163 188 4.331927
163 193 4.423926
163 194 4.768828
163 195 4.892899
163 197 4.245843
163 198 3.860516
163 201 3.917767
163 202 3.666472
163 203 3.975837
163 204 4.692495
163 207 4.116657
163 208 2.989326
163 210 4.770945
163 211 4.511189
163 212 3.056987
163 218 4.512987
164 173 2.433118
164 174 3.801376
164 175 4.366286
164 176 4.937210
164 177 4.861276
164 178 2.552564
164 179 4.161858
164 181 4.689004
164 183 4.739486
164 188 4.630066
164 193 4.904699
164 194 5.190919
164 195 4.890665
164 197 4.934822
164 198 4.579734
164 201 4.425792
164 202 4.612482
164 203 3.735014
164 204 4.016664
164 205 4.847717
164 207 3.103867
164 208 2.922190
164 209 4.839842
164 210 3.771286
164 211 3.289492
164 212 2.109385
164 213 4.622158
164 218 3.829612
164 222 5.112160
165 173 1.335523
165 174 2.433945
165 175 2.954980
165 176 3.472564
165 177 3.720333
165 178 2.028373
165 179 2.753085
165 180 4.505290
165 181 3.819074
165 182 4.185691
165 183 3.581692
165 184 4.675509
165 185 4.545532
165 186 5.165571
165 188 3.668693
165 193 4.279751
165 194 4.795808
165 195 4.379523
165 197 4.999511
165 198 4.126970
165 201 4.668089
165 202 4.775066
165 203 3.345625
165 204 3.589209
165 205 3.973026
165 206 5.148927
165 207 2.968276
165 208 2.771333
165 209 4.607919
165 210 3.924553
165 211 2.812578
165 212 2.333377
165 213 3.414074
165 214 4.456334
165 217 4.429214
165 218 2.542551
165 219 4.838413
165 221 4.764837
165 222 3.592808
165 228 5.135349
166 173 2.254033
166 174 2.776701
166 175 2.871197
166 176 2.928459
166 177 4.268193
166 178 3.144476
166 179 2.817812
166 180 4.881513
166 181 4.610359
166 182 4.722348
166 183 3.710889
166 184 4.572339
166 185 4.156315
166 186 4.509186
166 188 4.108150
166 189 5.184989
166 193 4.023686
166 194 4.337807
166 195 3.594570
166 196 4.356250
166 197 4.783828
166 198 4.167253
166 201 4.401943
166 202 4.823751
166 203 2.554203
166 204 2.552060
166 205 2.749169
166 206 3.925768
166 207 2.203340
166 208 2.338259
166 209 3.622799
166 210 3.272857
166 211 1.987952
166 212 1.987187
166 213 2.252821
166 214 3.432525
166 215 4.639300
166 217 3.727384
166 218 1.496683
166 219 3.830208
166 220 4.668795
166 221 4.118898
166 222 3.107666
166 223 4.816802
166 228 4.199802
167 173 2.851852
167 174 4.219589
167 175 5.197443
167 177 4.992247
167 178 2.585477
167 179 4.445863
167 181 4.520009
167 203 5.194892
167 207 4.091747
167 208 4.432235
167 210 4.577036
167 211 4.021075
167 212 3.237485
167 218 4.927178
168 173 3.491238
168 174 4.858945
168 178 3.066955
168 181 5.096950
168 183 5.163167
168 188 4.702940
168 193 5.175835
168 197 4.957112
168 198 4.481927
168 201 4.691073
168 202 4.237790
168 203 4.973981
168 207 5.026117
168 208 3.978767
168 212 3.950780
169 173 3.324144
169 174 4.569548
169 175 4.985983
169 178 3.596268
169 179 4.778005
169 193 5.135193
169 194 5.119785
169 195 4.610653
169 197 4.775485
169 198 4.955175
169 201 4.059069
169 202 4.656058
169 203 3.345326
169 204 3.408712
169 205 4.456534
169 207 2.351238
169 208 2.638241
169 209 4.076760
169 210 2.827689
169 211 2.785913
169 212 1.307116
169 213 4.536368
169 218 3.912180
170 173 3.924934
170 178 3.642574
170 207 4.380481
170 208 4.893151
170 210 4.624220
170 211 4.450757
170 212 3.522353
171 173 2.811558
171 174 4.155758
171 177 4.613189
171 178 2.175819
171 179 4.553586
171 181 3.974432
171 182 5.115845
171 188 5.048605
171 207 5.037016
171 208 4.996698
171 211 4.943750
171 212 4.142843
172 173 2.811309
172 174 3.962124
172 175 5.100431
172 177 4.767905
172 178 2.720378
172 179 3.931821
172 181 4.322301
172 207 3.999341
172 208 4.817647
172 210 4.482938
172 211 3.650331
172 212 3.380589
172 218 4.745212
173 183 3.002200
173 184 4.342695
173 185 4.655544
173 187 5.186103
173 188 2.875292
173 189 4.987236
173 192 4.822134
173 193 4.613710
173 198 4.331656
173 203 4.423737
173 204 4.769728
173 205 4.892437
173 207 4.245884
173 208 3.861072
173 211 3.917643
173 212 3.666256
173 213 4.031235
173 214 4.743860
173 217 4.274649
173 218 3.112993
173 219 5.146955
173 220 5.047452
173 221 4.560565
173 222 3.278333
174 183 2.432786
174 184 3.801613
174 185 4.366054
174 186 4.937510
174 187 4.861072
174 188 2.552429
174 189 4.161892
174 192 4.614929
174 193 4.740313
174 198 4.629616
174 203 4.904180
174 204 5.191438
174 205 4.889860
174 207 4.934365
174 208 4.579964
174 211 4.425284
174 212 4.611818
174 213 3.745309
174 214 4.026623
174 217 3.180744
174 218 2.945528
174 219 4.463286
174 220 3.828935
174 221 3.459782
174 222 2.142428
174 228 4.921452
175 183 1.334720
175 184 2.433934
175 185 2.954953
175 186 3.473362
175 187 3.719593
175 188 2.027493
175 189 2.752863
175 190 4.414012
175 191 4.325903
175 192 3.767901
175 193 3.582743
175 194 4.676781
175 195 4.546834
175 196 5.166795
175 198 3.668356
175 203 4.280137
175 204 4.797225
175 205 4.379864
175 207 5.000119
175 208 4.128073
175 211 4.668704
175 212 4.775384
175 213 3.165650
175 214 3.401793
175 215 4.380658
175 217 2.512845
175 218 2.385387
175 219 4.161649
175 220 3.379033
175 221 2.353902
175 222 1.857674
175 223 4.332485
175 228 3.622388
176 183 2.254063
176 184 2.777252
176 185 2.870709
176 186 2.928839
176 187 4.268025
176 188 3.144360
176 189 2.818595
176 190 4.849819
176 191 4.779986
176 192 4.584761
176 193 3.711122
176 194 4.572570
176 195 4.156295
176 196 4.509242
176 198 4.107355
176 199 5.185033
176 203 4.022626
176 204 4.337456
176 205 3.593296
176 206 4.476759
176 207 4.782700
176 208 4.166823
176 211 4.400963
176 212 4.822513
176 213 2.305020
176 214 2.272754
176 215 3.156627
176 216 4.267431
176 217 1.491329
176 218 1.848941
176 219 3.150504
176 220 2.510360
176 221 1.322207
176 222 1.320661
176 223 3.197500
176 224 4.541430
176 227 5.034833
176 228 2.622462
176 229 4.867745
176 231 4.907870
176 232 4.813264
176 238 5.058744
177 183 2.852045
177 184 4.220260
177 185 5.197891
177 187 4.992235
177 188 2.585527
177 189 4.446048
177 192 4.523532
177 213 5.187819
177 217 4.116541
177 218 4.418053
177 220 4.509759
177 221 4.253848
177 222 3.158838
178 183 3.490404
178 184 4.858606
178 188 3.066191
178 192 4.906509
178 193 5.164173
178 198 4.702613
178 203 5.175935
178 207 4.957751
178 208 4.482782
178 211 4.691521
178 212 4.238149
178 213 5.033857
178 217 5.195731
178 218 4.104435
178 222 4.171407
179 183 3.322502
179 184 4.568518
179 185 4.984478
179 188 3.594806
179 189 4.776824
179 203 5.134190
179 204 5.120130
179 205 4.609699
179 207 4.774976
179 208 4.954687
179 211 4.058789
179 212 4.655252
179 213 3.464359
179 214 3.538178
179 215 4.952064
179 217 2.775509
179 218 2.888461
179 219 3.739926
179 220 3.256138
179 221 3.380137
179 222 1.693798
179 228 4.989666
180 183 3.534086
180 184 4.770071
180 188 3.445082
180 189 4.760151
180 217 3.963832
180 218 4.839637
180 220 4.090033
180 221 4.194904
180 222 3.099700
181 183 3.646810
181 184 5.056460
181 188 3.161106
181 192 5.035265
181 217 5.065224
181 218 5.068597
181 222 4.042519
182 183 2.329658
182 184 3.569721
182 185 4.759197
182 187 4.123875
182 188 1.882737
182 189 3.797505
182 190 4.622170
182 191 5.006523
182 192 3.587572
182 198 4.914907
182 217 4.425047
182 218 4.735033
182 220 4.879586
182 221 4.287642
182 222 3.614595
183 193 3.002976
183 194 4.343655
183 195 4.656043
183 197 5.185965
183 198 2.874893
183 199 4.987854
183 202 4.821965
183 203 4.613001
183 208 4.331876
183 213 4.165583
183 214 4.502995
183 217 3.623939
183 218 3.339022
183 220 4.457663
183 221 3.128384
183 222 3.139683
183 223 4.866267
183 228 4.017270
184 193 2.432709
184 194 3.802351
184 195 4.366397
184 196 4.937524
184 197 4.860645
184 198 2.551624
184 199 4.162064
184 202 4.614506
184 203 4.739630
184 208 4.629838
184 213 4.537112
184 214 4.805192
184 215 5.110923
184 217 4.061318
184 218 3.885297
184 220 4.890932
184 221 3.238316
184 222 3.947273
184 223 4.415017
184 227 4.926965
184 228 3.532480
184 231 4.728520
184 232 4.277051
185 193 1.335131
185 194 2.435288
185 195 2.955530
185 196 3.473361
185 197 3.720010
185 198 2.027597
185 199 2.753636
185 200 4.414592
185 201 4.326768
185 202 3.768324
185 203 3.582299
185 204 4.676662
185 205 4.546227
185 208 3.668851
185 213 3.853304
185 214 4.375377
185 215 4.472751
185 217 4.128667
185 218 3.339309
185 220 5.097112
185 221 3.368163
185 222 4.187482
185 223 3.569961
185 224 4.329465
185 227 3.869309
185 228 2.587260
185 229 4.895896
185 230 4.868930
185 231 3.434869
185 232 3.455088
185 238 4.741343
186 193 2.253600
186 194 2.777634
186 195 2.870765
186 196 2.928481
186 197 4.267724
186 198 3.143977
186 199 2.818402
186 200 4.849665
186 201 4.779915
186 202 4.584428
186 203 3.710510
186 204 4.572196
186 205 4.155878
186 206 4.846398
186 208 4.107416
186 209 5.184047
186 213 3.553051
186 214 3.853993
186 215 3.578553
186 216 4.686217
186 217 3.829068
186 218 3.365220
186 219 4.938112
186 220 4.726100
186 221 3.019099
186 222 4.197498
186 223 2.493103
186 224 3.108475
186 225 4.329948
186 227 2.701646
186 228 1.587131
186 229 3.705395
186 230 3.745814
186 231 2.387736
186 232 2.387556
186 233 4.458649
186 238 3.789077
187 193 2.851935
187 194 4.221136
187 195 5.198053
187 197 4.992064
187 198 2.585266
187 199 4.446373
187 202 4.523638
187 221 4.734494
187 228 4.858339
187 232 5.037782
188 193 3.491140
188 194 4.859454
188 198 3.065854
188 202 4.906401
188 203 5.163437
188 208 4.702901
188 213 4.966092
188 217 4.466028
188 218 4.060653
188 221 4.062558
188 222 3.828145
188 228 5.003221
189 193 3.323163
189 194 4.570160
189 195 4.985654
189 198 3.594833
189 199 4.777882
189 213 4.759020
189 214 4.698945
189 215 4.832567
189 217 3.790032
189 218 4.272061
189 220 4.447206
189 221 2.816998
189 222 3.883722
189 223 4.162963
189 224 4.882663
189 227 4.670799
189 228 3.446833
189 229 4.995211
189 231 4.719139
189 232 3.897876
190 193 3.741847
190 194 5.029517
190 198 3.604153
190 199 5.072762
190 221 5.056057
190 232 4.996582
191 193 2.365694
191 194 3.560649
191 195 4.762059
191 197 4.201875
191 198 2.068367
191 199 3.683841
191 200 4.644369
191 201 5.117526
191 202 3.743808
191 208 5.071858
191 228 4.942277
191 232 4.947487
192 193 3.407700
192 194 4.806902
192 198 2.851648
192 199 5.194253
192 202 4.687994
193 203 3.002732
193 204 4.343853
193 205 4.656034
193 207 5.186559
193 208 2.875767
193 209 4.987356
193 212 4.822519
193 213 4.232479
193 214 5.105643
193 217 5.065818
193 218 3.612118
193 221 4.477600
193 222 4.956714
193 223 4.449480
193 224 5.190260
193 227 4.596895
193 228 3.452262
193 231 3.887156
193 232 4.358664
193 238 5.000311
194 203 2.431909
194 204 3.801503
194 205 4.366113
194 207 4.860410
194 208 2.551489
194 209 4.160863
194 212 4.614244
194 213 4.370989
194 218 3.965919
194 223 4.531038
194 224 5.095679
194 227 4.411077
194 228 3.649059
194 230 5.184694
194 231 3.460924
194 232 4.482378
194 238 4.304263
195 203 1.335071
195 204 2.434768
195 205 2.955707
195 206 3.754469
195 207 3.720143
195 208 2.027673
195 209 2.752852
195 210 4.414818
195 211 4.327093
195 212 3.768449
195 213 3.248163
195 214 4.396316
195 215 4.455970
195 217 5.086228
195 218 3.094997
195 221 4.825353
195 222 5.167818
195 223 3.735673
195 224 4.450525
195 225 4.850279
195 227 4.164203
195 228 3.011107
195 230 4.973783
195 231 3.210167
195 232 4.522165
195 233 4.140271
195 234 5.081329
195 237 4.743375
195 238 3.139028
195 241 4.422061
195 242 4.204142
195 249 5.196942
196 203 2.253991
196 204 2.777495
196 205 2.871694
196 206 3.289409
196 207 4.268254
196 208 3.144046
196 209 2.818376
196 210 4.850318
196 211 4.780733
196 212 4.584872
196 213 3.354535
196 214 4.254975
196 215 3.929437
196 216 4.827818
196 217 5.149909
196 218 3.548514
196 219 5.042545
196 221 4.873782
196 223 3.127340
196 224 3.574225
196 225 3.742098
196 226 4.941760
196 227 3.353996
196 228 2.670042
196 229 4.639531
196 230 4.053476
196 231 2.402373
196 232 3.961189
196 233 2.963995
196 234 3.917319
196 235 5.091992
196 237 3.742195
196 238 1.981350
196 239 4.475071
196 240 4.791935
196 241 3.583365
196 242 3.235475
196 243 5.109444
196 249 4.352669
197 203 2.851573
197 204 4.220712
197 205 5.198002
197 207 4.992245
197 208 2.585208
197 209 4.445997
197 212 4.523684
197 218 4.861245
197 228 5.099621
197 231 4.857871
198 203 3.490317
198 204 4.859152
198 208 3.066065
198 212 4.906058
198 213 4.832911
198 218 4.063223
198 221 5.014877
198 228 4.347620
198 231 4.884795
199 203 3.323010
199 204 4.569698
199 205 4.985690
199 208 3.595169
199 209 4.777372
199 213 5.033988
199 218 4.763171
199 223 4.586670
199 224 4.837776
199 227 3.877267
199 228 3.797433
199 230 4.498387
199 231 2.910253
199 232 3.954650
199 233 5.059896
199 238 4.223625
200 203 3.741824
200 204 5.029240
200 208 3.604235
200 209 5.072784
200 231 5.040666
201 203 2.365426
201 204 3.559926
201 205 4.761852
201 207 4.202053
201 208 2.068518
201 209 3.682942
201 210 4.644592
201 211 5.117670
201 212 3.744130
201 213 5.126140
201 218 4.678040
202 203 3.406789
202 204 4.806183
202 208 2.851314
202 209 5.193319
202 212 4.687571
202 218 5.074402
203 213 2.813279
203 214 4.199678
203 215 4.668801
203 217 4.935675
203 218 2.528351
203 219 4.850997
203 221 4.931267
203 222 4.797575
203 223 4.301411
203 228 3.616427
203 231 4.409274
203 233 4.814321
203 237 5.064969
203 238 3.819428
203 241 4.480777
203 242 4.672092
204 213 2.433041
204 214 3.801905
204 215 4.365808
204 217 4.861343
204 218 2.551943
204 219 4.161319
204 221 5.133455
204 222 4.775491
204 223 4.370896
204 228 3.965554
204 231 4.999338
204 233 4.530614
204 234 5.095049
204 237 4.410608
204 238 3.648528
204 241 3.594464
204 242 4.282324
204 249 4.304065
205 213 1.335246
205 214 2.434618
205 215 2.955119
205 216 3.754397
205 217 3.719994
205 218 2.027198
205 219 2.752502
205 220 4.540036
205 221 4.095027
205 222 3.875496
205 223 3.247800
205 224 4.395843
205 225 4.456619
205 227 5.085730
205 228 3.094446
205 231 4.570049
205 233 3.736218
205 234 4.450976
205 235 4.850126
205 237 4.165027
205 238 3.011447
205 240 5.078764
205 241 3.312605
205 242 4.328156
205 243 4.140497
205 244 5.081767
205 248 4.743625
205 249 3.139259
205 251 4.187420
205 252 4.440497
206 213 2.254604
206 214 2.778066
206 215 2.870698
206 216 3.289168
206 217 4.268308
206 218 3.144270
206 219 2.818232
206 220 4.892696
206 221 4.686765
206 222 4.635542
206 223 3.353710
206 224 4.253786
206 225 3.929308
206 226 4.827421
206 227 5.148855
206 228 3.547665
206 229 5.042624
206 231 4.747640
206 233 3.127038
206 234 3.573802
206 235 3.741159
206 236 4.941080
206 237 3.354117
206 238 2.669713
206 239 4.639050
206 240 4.183748
206 241 2.448405
206 242 3.792945
206 243 2.963605
206 244 3.917233
206 245 5.092677
206 247 5.104052
206 248 3.742141
206 249 1.980774
206 250 4.474180
206 251 3.219209
206 252 3.601404
206 253 4.789456
207 213 3.059619
207 214 4.379135
207 218 2.960848
207 219 4.494697
207 222 4.915814
207 228 5.136580
207 238 5.109178
207 241 4.691551
208 213 3.347970
208 214 4.745652
208 218 2.782542
208 222 4.920936
208 223 5.052456
208 228 4.268626
208 231 5.146826
208 238 4.806544
209 213 3.318261
209 214 4.565453
209 215 4.883267
209 218 3.586877
209 219 4.852375
209 223 4.833168
209 228 4.543870
209 231 5.136621
209 233 4.322714
209 234 4.610502
209 237 3.667185
209 238 3.502174
209 240 4.417464
209 241 2.886078
209 242 3.483915
209 243 5.009284
209 249 4.179375
210 213 3.977840
210 218 4.009574
210 241 4.623591
211 213 2.709426
211 214 3.822484
211 215 4.956386
211 217 4.669341
211 218 2.690398
211 219 3.753779
211 222 4.259956
211 228 5.103958
211 241 5.004373
211 249 5.061325
211 251 5.062888
212 213 3.551170
212 214 4.920280
212 218 3.135350
212 219 5.162539
212 222 5.048739
213 223 2.813026
213 224 4.199365
213 225 4.669609
213 227 4.935495
213 228 2.528353
213 229 4.851775
213 231 4.578309
213 233 4.302240
213 238 3.616963
213 241 4.513141
213 243 4.814276
213 248 5.065241
213 249 3.819704
213 251 4.654114
213 252 4.497681
214 223 2.432601
214 224 3.801582
214 225 4.366993
214 227 4.861113
214 228 2.551757
214 229 4.162385
214 231 4.825698
214 232 5.067506
214 233 4.372048
214 238 3.966071
214 241 5.069077
214 243 4.531038
214 244 5.096176
214 248 4.412069
214 249 3.649448
214 251 4.265034
214 252 3.609664
215 223 1.334246
215 224 2.433560
215 225 2.955115
215 226 3.754481
215 227 3.719427
215 228 2.026906
215 229 2.753201
215 230 4.546430
215 231 3.895944
215 232 4.067442
215 233 3.247629
215 234 4.395330
215 235 4.455457
215 237 5.085300
215 238 3.093755
215 241 4.636396
215 243 3.734704
215 244 4.450550
215 245 4.851032
215 247 4.193986
215 248 4.165354
215 249 3.010931
215 251 4.309733
215 252 3.324361
215 253 5.086860
216 223 2.253477
216 224 2.776912
216 225 2.871400
216 226 3.289699
216 227 4.267803
216 228 3.143602
216 229 2.818486
216 230 4.884780
216 231 4.614860
216 232 4.714685
216 233 3.354570
216 234 4.254524
216 235 3.929574
216 236 4.827816
216 237 5.149663
216 238 3.547915
216 239 5.042803
216 241 4.766901
216 243 3.126640
216 244 3.574435
216 245 3.743041
216 246 4.951442
216 247 3.019884
216 248 3.355407
216 249 2.670372
216 250 4.639655
216 251 3.777383
216 252 2.456421
216 253 4.194979
217 223 3.059568
217 224 4.379019
217 228 2.961863
217 229 4.495662
217 232 5.162982
217 238 5.136928
217 249 5.109072
217 252 4.701813
218 223 3.348402
218 224 4.745944
218 228 2.783290
218 231 4.823883
218 233 5.053200
218 238 4.268985
218 249 4.806696
219 223 3.317770
219 224 4.564865
219 225 4.883916
219 228 3.587071
219 229 4.853290
219 233 4.833691
219 238 4.543992
219 241 5.164822
219 243 4.322038
219 244 4.610272
219 247 5.032152
219 248 3.667222
219 249 3.501734
219 251 3.466458
219 252 2.899702
219 253 4.422238
220 223 3.661825
220 224 4.820907
220 228 3.787751
220 229 4.717142
220 252 4.492267
221 223 2.664294
221 224 3.860923
221 225 5.036267
221 227 4.554994
221 228 2.423079
221 229 3.929507
221 231 4.714706
221 232 4.278459
221 238 4.977681
222 223 3.906379
222 228 3.597088
223 233 2.813554
223 234 4.199542
223 235 4.668758
223 237 4.935729
223 238 2.528442
223 239 4.851751
223 241 4.690945
223 242 5.055409
223 243 4.300894
223 247 4.876922
223 249 3.616832
223 252 4.524178
224 233 2.432615
224 234 3.801413
224 235 4.365779
224 237 4.860924
224 238 2.551424
224 239 4.162010
224 241 4.930113
224 242 4.949927
224 243 4.370235
224 247 4.603426
224 249 3.965764
224 252 5.076858
225 233 1.334696
225 234 2.433786
225 235 2.954653
225 236 3.754011
225 237 3.719631
225 238 2.027154
225 239 2.752718
225 240 4.556157
225 241 3.963199
225 242 3.990600
225 243 3.247027
225 244 4.395780
225 245 4.456486
225 247 3.786703
225 248 5.086380
225 249 3.094807
225 252 4.644964
226 233 2.254080
226 234 2.777020
226 235 2.870424
226 236 3.288396
226 237 4.267846
226 238 3.144226
226 239 2.817879
226 240 4.892184
226 241 4.637889
226 242 4.683857
226 243 3.353108
226 244 4.253943
226 245 3.929298
226 246 4.850772
226 247 3.181073
226 248 5.149912
226 249 3.548324
226 250 5.042517
226 252 4.770334
227 233 3.059097
227 234 4.378596
227 238 2.961012
227 239 4.495109
227 242 5.050580
227 249 5.136977
228 233 3.348040
228 234 4.745371
228 238 2.782396
228 241 4.965556
228 242 5.199157
228 243 5.051841
228 249 4.268712
229 233 3.318422
229 234 4.565266
229 235 4.883566
229 238 3.587399
229 239 4.853033
229 243 4.832855
229 247 4.411712
229 249 4.544881
229 252 5.170672
230 233 3.274479
230 234 4.372084
230 238 3.423700
230 239 4.224001
230 242 5.155644
231 233 2.893623
231 234 4.170959
231 237 4.777603
231 238 2.492366
231 239 4.349556
231 241 4.985000
231 242 4.383566
231 249 5.043221
232 233 4.083728
232 238 3.901439
233 243 2.813299
233 244 4.200089
233 245 4.669898
233 247 4.324263
233 248 4.936617
233 249 2.529443
233 250 4.851982
233 251 5.041952
233 252 4.702918
234 243 2.432804
234 244 3.801938
234 245 4.366566
234 247 4.361820
234 248 4.861483
234 249 2.552222
234 250 4.162262
234 251 4.940333
234 252 4.940400
235 243 1.334743
235 244 2.434389
235 245 2.955417
235 246 3.733421
235 247 3.210429
235 248 3.720093
235 249 2.027260
235 250 2.753467
235 251 3.984411
235 252 3.969550
235 253 4.556349
236 243 2.254118
236 244 2.777368
236 245 2.870419
236 246 3.269998
236 247 3.300222
236 248 4.268221
236 249 3.144370
236 250 2.818806
236 251 4.681608
236 252 4.640036
236 253 4.892358
237 243 3.060027
237 244 4.379404
237 249 2.961885
237 250 4.495316
237 251 5.042492
238 243 3.347938
238 244 4.745895
238 247 5.076287
238 249 2.783229
238 251 5.184079
238 252 4.979821
239 243 3.318134
239 244 4.565292
239 245 4.883519
239 247 4.828137
239 249 3.587870
239 250 4.853099
240 243 3.423158
240 244 4.538995
240 249 3.571808
240 250 4.400722
241 243 2.784482
241 244 4.033306
241 245 5.193188
241 248 4.662282
241 249 2.429414
241 250 4.175687
241 251 4.257098
241 252 4.924310
242 243 4.039029
242 249 3.808056

RESIDUES
ALA 1
 0.0 12.000000
 0.1 12.000000
 0.2 12.000000
 0.3 12.000000
 0.4 12.000000
 0.5 12.000000
 0.6 12.000000
 0.7 12.000000
 0.8 12.000000
 0.9 12.000000
 1.0 12.000000
 1.1 11.898734
 1.2 11.843137
 1.3 11.786885
 1.4 11.767176
 1.5 11.712121
 1.6 11.535294
 1.7 11.355670
 1.8 10.795732
 1.9 10.536199
 2.0 10.303509
 2.1 10.016373
 2.2 9.581383
 2.3 8.974656
 2.4 8.387941
 2.5 7.536939
 2.6 6.364785
 2.7 4.912478
 2.8 3.686383
 2.9 2.844039
 3.0 2.019710
 3.1 1.288269
 3.2 1.223292
 3.3 1.430928
 3.4 1.775922
 3.5 1.959779
 3.6 2.043673
 3.7 1.836789
 3.8 1.523347
 3.9 1.129037
 4.0 1.062078
 4.1 1.295938
 4.2 1.501613
 4.3 1.742249
 4.4 1.901742
 4.5 2.116892
 4.6 2.284084
 4.7 2.636725
 4.8 3.334869
 4.9 3.971450
 5.0 4.105640
 5.1 4.361744
 5.2 4.618123

ALA 2
 0.0 10.000000
 0.1 10.000000
 0.2 10.000000
 0.3 10.000000
 0.4 10.000000
 0.5 10.000000
 0.6 10.000000
 0.7 10.000000
 0.8 10.000000
 0.9 10.000000
 1.0 10.000000
 1.1 9.797468
 1.2 9.686275
 1.3 9.573770
 1.4 9.534351
 1.5 9.424242
 1.6 9.076471
 1.7 8.855670
 1.8 8.207317
 1.9 7.828054
 2.0 7.470175
 2.1 6.969773
 2.2 6.188714
 2.3 5.065511
 2.4 4.009929
 2.5 2.560192
 2.6 0.359385
 2.7 -2.360330
 2.8 -4.522979
 2.9 -5.782982
 3.0 -7.004662
 3.1 -7.673691
 3.2 -7.187260
 3.3 -6.250003
 3.4 -5.000976
 3.5 -3.997891
 3.6 -3.085031
 3.7 -2.717486
 3.8 -2.611424
 3.9 -2.677861
 4.0 -2.518675
 4.1 -2.123953
 4.2 -1.310333
 4.3 -0.472198
 4.4 0.213302
 4.5 0.582020
 4.6 0.763144
 4.7 0.423306
 4.8 0.935638
 4.9 2.061004
 5.0 2.287650
 5.1 2.746200
 5.2 4.009300

ALA 3
 0.0 10.000000
 0.1 10.000000
 0.2 10.000000
 0.3 10.000000
 0.4 10.000000
 0.5 10.000000
 0.6 10.000000
 0.7 10.000000
 0.8 10.000000
 0.9 10.000000
 1.0 10.000000
 1.1 9.797468
 1.2 9.686275
 1.3 9.573770
 1.4 9.534351
 1.5 9.424242
 1.6 9.082353
 1.7 9.000000
 1.8 8.823171
 1.9 8.583710
 2.0 8.333333
 2.1 7.809824
 2.2 6.974061
 2.3 5.855645
 2.4 4.841679
 2.5 3.379225
 2.6 1.104291
 2.7 -1.485443
 2.8 -3.473964
 2.9 -4.526842
 3.0 -5.513969
 3.1 -5.827047
 3.2 -4.865621
 3.3 -3.482979
 3.4 -2.113123
 3.5 -1.210931
 3.6 -0.178022
 3.7 0.262389
 3.8 0.561741
 3.9 0.813269
 4.0 1.286339
 4.1 1.538923
 4.2 1.929451
 4.3 2.087382
 4.4 2.164961
 4.5 3.082015
 4.6 4.617193
 4.7 6.604450
 4.8 11.253975
 4.9 18.121484
 5.0 22.322204
 5.1 26.043670
 5.2 31.551770

ALA 4
 0.0 10.000000
 0.1 10.000000
 0.2 10.000000
 0.3 10.000000
 0.4 10.000000
 0.5 10.000000
 0.6 10.000000
 0.7 10.000000
 0.8 10.000000
 0.9 10.000000
 1.0 10.000000
 1.1 9.797468
 1.2 9.686275
 1.3 9.573770
 1.4 9.534351
 1.5 9.424242
 1.6 9.082353
 1.7 9.000000
 1.8 8.759146
 1.9 8.398190
 2.0 8.050877
 2.1 7.505038
 2.2 6.446320
 2.3 5.126269
 2.4 3.976306
 2.5 2.323343
 2.6 -0.237412
 2.7 -3.058603
 2.8 -5.115556
 2.9 -6.246667
 3.0 -7.265465
 3.1 -7.448984
 3.2 -6.644291
 3.3 -5.789080
 3.4 -5.194421
 3.5 -4.889176
 3.6 -5.018582
 3.7 -5.473718
 3.8 -5.686468
 3.9 -5.922203
 4.0 -6.005015
 4.1 -5.722163
 4.2 -5.260318
 4.3 -4.573769
 4.4 -3.929413
 4.5 -3.378589
 4.6 -2.645241
 4.7 -0.555861
 4.8 4.424715
 4.9 12.418407
 5.0 18.328641
 5.1 23.961659
 5.2 31.263611

ALA 5
 0.0 10.000000
 0.1 10.000000
 0.2 10.000000
 0.3 10.000000
 0.4 10.000000
 0.5 10.000000
 0.6 10.000000
 0.7 10.000000
 0.8 10.000000
 0.9 10.000000
 1.0 10.000000
 1.1 9.797468
 1.2 9.686275
 1.3 9.573770
 1.4 9.534351
 1.5 9.401515
 1.6 8.941176
 1.7 8.649485
 1.8 8.085366
 1.9 7.737557
 2.0 7.410526
 2.1 6.944584
 2.2 6.185945
 2.3 5.161279
 2.4 4.268196
 2.5 3.095460
 2.6 1.445068
 2.7 -0.450953
 2.8 -1.826003
 2.9 -2.565985
 3.0 -3.210339
 3.1 -3.253494
 3.2 -2.558776
 3.3 -1.759940
 3.4 -1.039926
 3.5 -0.515520
 3.6 -0.075624
 3.7 -0.004220
 3.8 -0.287448
 3.9 -0.690241
 4.0 -0.422150
 4.1 0.637263
 4.2 2.383266
 4.3 4.175210
 4.4 5.778125
 4.5 6.829996
 4.6 7.011111
 4.7 7.594173
 4.8 11.410395
 4.9 17.971144
 5.0 22.570670
 5.1 27.273283
 5.2 34.099519

ALA 6
 0.0 10.000000
 0.1 10.000000
 0.2 10.000000
 0.3 10.000000
 0.4 10.000000
 0.5 10.000000
 0.6 10.000000
 0.7 10.000000
 0.8 10.000000
 0.9 10.000000
 1.0 10.000000
 1.1 9.797468
 1.2 9.686275
 1.3 9.573770
 1.4 9.534351
 1.5 9.401515
 1.6 8.941176
 1.7 8.649485
 1.8 8.085366
 1.9 7.737557
 2.0 7.400000
 2.1 6.712846
 2.2 5.829891
 2.3 4.890237
 2.4 4.168180
 2.5 3.289459
 2.6 2.509403
 2.7 1.708374
 2.8 0.984423
 2.9 0.454320
 3.0 -0.103128
 3.1 -0.885061
 3.2 -1.198686
 3.3 -1.149308
 3.4 -1.134293
 3.5 -1.125817
 3.6 -0.886740
 3.7 -0.882557
 3.8 -1.429819
 3.9 -2.048171
 4.0 -1.976198
 4.1 -1.736962
 4.2 -1.603213
 4.3 -1.653780
 4.4 -1.832901
 4.5 -2.323130
 4.6 -3.570225
 4.7 -2.995472
 4.8 1.943791
 4.9 7.890994
 5.0 11.586689
 5.1 16.702611
 5.2 22.953294

ALA 7
 0.0 10.000000
 0.1 10.000000
 0.2 10.000000
 0.3 10.000000
 0.4 10.000000
 0.5 10.000000
 0.6 10.000000
 0.7 10.000000
 0.8 10.000000
 0.9 10.000000
 1.0 10.000000
 1.1 9.797468
 1.2 9.686275
 1.3 9.573770
 1.4 9.534351
 1.5 9.401515
 1.6 8.941176
 1.7 8.695876
 1.8 8.314024
 1.9 7.918552
 2.0 7.529825
 2.1 6.735516
 2.2 5.552553
 2.3 4.410619
 2.4 3.651792
 2.5 2.627507
 2.6 2.110769
 2.7 1.956579
 2.8 1.897854
 2.9 1.723353
 3.0 1.655017
 3.1 1.188533
 3.2 0.324791
 3.3 -0.429616
 3.4 -1.277128
 3.5 -1.686044
 3.6 -2.017002
 3.7 -1.970292
 3.8 -2.532886
 3.9 -3.187329
 4.0 -3.707965
 4.1 -4.227345
 4.2 -4.903484
 4.3 -5.515759
 4.4 -5.935206
 4.5 -6.805545
 4.6 -8.849278
 4.7 -8.875799
 4.8 -4.346381
 4.9 0.253102
 5.0 3.338883
 5.1 8.435720
 5.2 14.495902

ALA 8
 0.0 10.000000
 0.1 10.000000
 0.2 10.000000
 0.3 10.000000
 0.4 10.000000
 0.5 10.000000
 0.6 10.000000
 0.7 10.000000
 0.8 10.000000
 0.9 10.000000
 1.0 10.000000
 1.1 9.797468
 1.2 9.686275
 1.3 9.573770
 1.4 9.534351
 1.5 9.378788
 1.6 8.800000
 1.7 8.391753
 1.8 7.932927
 1.9 7.624434
 2.0 7.317544
 2.1 6.649874
 2.2 5.817615
 2.3 4.936168
 2.4 4.362901
 2.5 3.774045
 2.6 3.766841
 2.7 3.833294
 2.8 3.669176
 2.9 3.310124
 3.0 2.963321
 3.1 1.777467
 3.2 0.455702
 3.3 -0.599805
 3.4 -1.596854
 3.5 -2.106210
 3.6 -2.274125
 3.7 -2.145679
 3.8 -2.513243
 3.9 -3.393583
 4.0 -4.209027
 4.1 -5.072488
 4.2 -6.221829
 4.3 -7.779893
 4.4 -9.168635
 4.5 -10.475261
 4.6 -12.938210
 4.7 -12.798869
 4.8 -8.108285
 4.9 -4.059563
 5.0 -1.730262
 5.1 3.090539
 5.2 7.763135

ALA 9
 0.0 10.000000
 0.1 10.000000
 0.2 10.000000
 0.3 10.000000
 0.4 10.000000
 0.5 10.000000
 0.6 10.000000
 0.7 10.000000
 0.8 10.000000
 0.9 10.000000
 1.0 10.000000
 1.1 9.797468
 1.2 9.686275
 1.3 9.573770
 1.4 9.534351
 1.5 9.401515
 1.6 8.941176
 1.7 8.690722
 1.8 8.207317
 1.9 7.828054
 2.0 7.464912
 2.1 6.738035
 2.2 5.828349
 2.3 4.914668
 2.4 4.336892
 2.5 3.629463
 2.6 3.602345
 2.7 3.760974
 2.8 3.845207
 2.9 3.716339
 3.0 3.601598
 3.1 2.810068
 3.2 1.806047
 3.3 0.870905
 3.4 -0.006746
 3.5 -0.499564
 3.6 -0.728579
 3.7 -0.691079
 3.8 -1.226410
 3.9 -2.068194
 4.0 -2.666541
 4.1 -3.655472
 4.2 -4.739720
 4.3 -5.749975
 4.4 -6.757530
 4.5 -7.750728
 4.6 -9.255539
 4.7 -8.358402
 4.8 -4.114483
 4.9 0.004970
 5.0 2.727960
 5.1 7.214763
 5.2 11.352508

ALA 10
 0.0 10.000000
 0.1 10.000000
 0.2 10.000000
 0.3 10.000000
 0.4 10.000000
 0.5 10.000000
 0.6 10.000000
 0.7 10.000000
 0.8 10.000000
 0.9 10.000000
 1.0 10.000000
 1.1 9.753165
 1.2 9.637255
 1.3 9.532787
 1.4 9.496183
 1.5 9.363636
 1.6 8.923529
 1.7 8.649485
 1.8 8.060976
 1.9 7.714932
 2.0 7.377193
 2.1 6.675063
 2.2 5.818567
 2.3 4.928140
 2.4 4.288451
 2.5 3.462092
 2.6 2.981794
 2.7 2.414465
 2.8 1.814686
 2.9 1.327813
 3.0 0.814052
 3.1 -0.331165
 3.2 -1.147900
 3.3 -1.523224
 3.4 -1.585644
 3.5 -1.583780
 3.6 -1.219632
 3.7 -0.940470
 3.8 -1.233281
 3.9 -1.914780
 4.0 -2.330460
 4.1 -2.665595
 4.2 -2.909665
 4.3 -2.862932
 4.4 -2.827739
 4.5 -2.401453
 4.6 -2.218378
 4.7 -0.147167
 4.8 3.779699
 4.9 8.330033
 5.0 11.106598
 5.1 14.810234
 5.2 17.988492

ALA 11
 0.0 10.000000
 0.1 10.000000
 0.2 10.000000
 0.3 10.000000
 0.4 10.000000
 0.5 10.000000
 0.6 10.000000
 0.7 10.000000
 0.8 10.000000
 0.9 10.000000
 1.0 10.000000
 1.1 9.753165
 1.2 9.637255
 1.3 9.532787
 1.4 9.496183
 1.5 9.363636
 1.6 8.923529
 1.7 8.649485
 1.8 8.036585
 1.9 7.692308
 2.0 7.370175
 2.1 6.797229
 2.2 5.948927
 2.3 4.937977
 2.4 4.099714
 2.5 2.949399
 2.6 1.583411
 2.7 0.068278
 2.8 -1.159503
 2.9 -1.990386
 3.0 -2.770230
 3.1 -3.488824
 3.2 -3.423408
 3.3 -2.878762
 3.4 -1.741062
 3.5 -0.906001
 3.6 0.118999
 3.7 0.849282
 3.8 1.028842
 3.9 0.744221
 4.0 0.682946
 4.1 0.920759
 4.2 1.201607
 4.3 1.956547
 4.4 2.523824
 4.5 3.664892
 4.6 5.275467
 4.7 7.801661
 4.8 11.180125
 4.9 15.552732
 5.0 17.952389
 5.1 20.306065
 5.2 22.500850

ALA 12
 0.0 10.000000
 0.1 10.000000
 0.2 10.000000
 0.3 10.000000
 0.4 10.000000
 0.5 10.000000
 0.6 10.000000
 0.7 10.000000
 0.8 10.000000
 0.9 10.000000
 1.0 10.000000
 1.1 9.841772
 1.2 9.735294
 1.3 9.614754
 1.4 9.572519
 1.5 9.462121
 1.6 9.100000
 1.7 8.948454
 1.8 8.335366
 1.9 7.918552
 2.0 7.540351
 2.1 7.020151
 2.2 6.239698
 2.3 5.169544
 2.4 4.194024
 2.5 2.823875
 2.6 0.826414
 2.7 -1.616678
 2.8 -3.492244
 2.9 -4.497207
 3.0 -5.404580
 3.1 -5.507322
 3.2 -4.420005
 3.3 -3.141988
 3.4 -1.777073
 3.5 -0.842725
 3.6 0.054009
 3.7 0.405660
 3.8 0.404613
 3.9 0.394402
 4.0 0.617568
 4.1 0.918460
 4.2 1.288672
 4.3 2.038944
 4.4 2.617256
 4.5 3.794234
 4.6 5.763425
 4.7 8.556509
 4.8 12.605763
 4.9 19.481219
 5.0 24.147904
 5.1 27.788486
 5.2 32.374467

ALA 13
 0.0 10.000000
 0.1 10.000000
 0.2 10.000000
 0.3 10.000000
 0.4 10.000000
 0.5 10.000000
 0.6 10.000000
 0.7 10.000000
 0.8 10.000000
 0.9 10.000000
 1.0 10.000000
 1.1 9.841772
 1.2 9.735294
 1.3 9.614754
 1.4 9.572519
 1.5 9.462121
 1.6 9.100000
 1.7 9.000000
 1.8 8.759146
 1.9 8.398190
 2.0 8.050877
 2.1 7.545340
 2.2 6.752755
 2.3 5.600861
 2.4 4.566692
 2.5 2.979754
 2.6 0.643243
 2.7 -2.153656
 2.8 -4.385501
 2.9 -5.485013
 3.0 -6.344212
 3.1 -6.239911
 3.2 -4.941475
 3.3 -3.195622
 3.4 -1.598999
 3.5 -0.652030
 3.6 -0.118758
 3.7 -0.282090
 3.8 -0.395159
 3.9 -0.380122
 4.0 -0.145741
 4.1 0.676499
 4.2 2.002728
 4.3 3.182908
 4.4 3.745501
 4.5 4.883465
 4.6 6.117603
 4.7 7.765833
 4.8 10.459148
 4.9 16.101355
 5.0 19.578936
 5.1 22.574796
 5.2 26.423139

ALA 14
 0.0 10.000000
 0.1 10.000000
 0.2 10.000000
 0.3 10.000000
 0.4 10.000000
 0.5 10.000000
 0.6 10.000000
 0.7 10.000000
 0.8 10.000000
 0.9 10.000000
 1.0 10.000000
 1.1 9.797468
 1.2 9.686275
 1.3 9.573770
 1.4 9.534351
 1.5 9.424242
 1.6 9.082353
 1.7 8.953608
 1.8 8.365854
 1.9 7.941176
 2.0 7.503509
 2.1 6.835013
 2.2 5.939735
 2.3 4.710260
 2.4 3.580613
 2.5 2.010053
 2.6 -0.273088
 2.7 -2.846890
 2.8 -4.727941
 2.9 -5.584151
 3.0 -6.037031
 3.1 -5.521839
 3.2 -3.861737
 3.3 -1.613271
 3.4 1.293410
 3.5 2.819782
 3.6 4.108692
 3.7 4.281107
 3.8 4.195481
 3.9 3.457046
 4.0 3.036250
 4.1 2.877957
 4.2 2.792933
 4.3 2.532355
 4.4 1.896521
 4.5 1.707001
 4.6 1.279983
 4.7 1.580577
 4.8 3.583224
 4.9 6.931434
 5.0 8.570996
 5.1 10.739174
 5.2 13.659843

ALA 15
 0.0 10.000000
 0.1 10.000000
 0.2 10.000000
 0.3 10.000000
 0.4 10.000000
 0.5 10.000000
 0.6 10.000000
 0.7 10.000000
 0.8 10.000000
 0.9 10.000000
 1.0 9.500000
 1.1 9.284810
 1.2 9.127451
 1.3 8.942623
 1.4 8.877863
 1.5 8.712121
 1.6 8.158824
 1.7 7.912371
 1.8 7.113805
 1.9 6.559484
 2.0 5.864747
 2.1 4.792401
 2.2 3.219326
 2.3 1.583969
 2.4 0.218979
 2.5 -1.520696
 2.6 -3.829053
 2.7 -5.990161
 2.8 -7.446848
 2.9 -8.039292
 3.0 -8.514011
 3.1 -8.121142
 3.2 -6.728149
 3.3 -4.861485
 3.4 -1.820384
 3.5 0.898421
 3.6 3.983194
 3.7 5.210759
 3.8 5.816074
 3.9 5.613710
 4.0 4.929846
 4.1 3.814564
 4.2 2.956494
 4.3 1.881161
 4.4 1.198892
 4.5 -0.251165
 4.6 -3.770380
 4.7 -7.822734
 4.8 -11.108947
 4.9 -13.145367
 5.0 -14.927395
 5.1 -15.468434
 5.2 -14.239732

ALA 16
 0.0 10.000000
 0.1 10.000000
 0.2 10.000000
 0.3 10.000000
 0.4 10.000000
 0.5 10.000000
 0.6 10.000000
 0.7 10.000000
 0.8 10.000000
 0.9 10.000000
 1.0 9.750000
 1.1 9.050633
 1.2 8.882353
 1.3 8.737705
 1.4 8.687023
 1.5 8.496212
 1.6 8.082353
 1.7 7.912371
 1.8 7.105683
 1.9 6.564778
 2.0 5.754818
 2.1 4.559418
 2.2 2.917569
 2.3 1.414306
 2.4 0.152912
 2.5 -1.557058
 2.6 -3.885806
 2.7 -5.844294
 2.8 -6.819706
 2.9 -7.134004
 3.0 -7.457990
 3.1 -6.577124
 3.2 -4.742472
 3.3 -2.869553
 3.4 0.303882
 3.5 3.678356
 3.6 7.382144
 3.7 8.587265
 3.8 8.778053
 3.9 8.216794
 4.0 6.578678
 4.1 4.101548
 4.2 2.211058
 4.3 -0.441790
 4.4 -3.361173
 4.5 -6.626623
 4.6 -12.056113
 4.7 -18.368540
 4.8 -24.693868
 4.9 -29.480681
 5.0 -33.266417
 5.1 -35.798155
 5.2 -37.028460

ALA 17
 0.0 10.000000
 0.1 10.000000
 0.2 10.000000
 0.3 10.000000
 0.4 10.000000
 0.5 10.000000
 0.6 10.000000
 0.7 10.000000
 0.8 10.000000
 0.9 10.000000
 1.0 10.000000
 1.1 9.468354
 1.2 9.328431
 1.3 9.147541
 1.4 9.068702
 1.5 8.848485
 1.6 8.282353
 1.7 7.984536
 1.8 7.289634
 1.9 6.640271
 2.0 5.691228
 2.1 4.289673
 2.2 2.641859
 2.3 1.137237
 2.4 -0.109405
 2.5 -1.600033
 2.6 -3.626884
 2.7 -5.831879
 2.8 -7.286145
 2.9 -8.171375
 3.0 -8.939514
 3.1 -9.360518
 3.2 -8.902580
 3.3 -8.001243
 3.4 -5.928305
 3.5 -3.564123
 3.6 -0.591911
 3.7 1.734114
 3.8 3.550262
 3.9 4.802355
 4.0 4.175751
 4.1 2.674224
 4.2 0.810529
 4.3 -2.256996
 4.4 -6.152858
 4.5 -10.737016
 4.6 -17.799275
 4.7 -26.044992
 4.8 -32.880557
 4.9 -38.048663
 5.0 -41.062670
 5.1 -42.712527
 5.2 -42.071381

ALA 18
 0.0 10.000000
 0.1 10.000000
 0.2 10.000000
 0.3 10.000000
 0.4 10.000000
 0.5 10.000000
 0.6 10.000000
 0.7 10.000000
 0.8 10.000000
 0.9 10.000000
 1.0 10.000000
 1.1 9.398734
 1.2 9.166667
 1.3 8.893443
 1.4 8.793893
 1.5 8.462121
 1.6 7.388235
 1.7 6.541237
 1.8 5.530488
 1.9 4.947964
 2.0 4.254386
 2.1 3.119647
 2.2 1.566780
 2.3 -0.070763
 2.4 -1.489320
 2.5 -3.289269
 2.6 -5.613357
 2.7 -8.092345
 2.8 -9.804648
 2.9 -10.962492
 3.0 -11.849957
 3.1 -12.364163
 3.2 -12.181023
 3.3 -11.655143
 3.4 -10.207374
 3.5 -8.394172
 3.6 -6.230884
 3.7 -4.269142
 3.8 -2.665370
 3.9 -1.465763
 4.0 -1.703947
 4.1 -2.136359
 4.2 -2.324904
 4.3 -2.228064
 4.4 -2.299739
 4.5 -3.128045
 4.6 -5.586407
 4.7 -8.409493
 4.8 -10.746677
 4.9 -12.612136
 5.0 -13.466434
 5.1 -13.205580
 5.2 -12.028056

ALA 19
 0.0 10.000000
 0.1 10.000000
 0.2 10.000000
 0.3 10.000000
 0.4 10.000000
 0.5 10.000000
 0.6 10.000000
 0.7 10.000000
 0.8 10.000000
 0.9 10.000000
 1.0 10.000000
 1.1 9.784810
 1.2 9.627451
 1.3 9.434426
 1.4 9.335878
 1.5 9.113636
 1.6 8.382353
 1.7 7.902062
 1.8 7.004049
 1.9 6.387538
 2.0 5.678782
 2.1 4.456128
 2.2 2.548213
 2.3 0.762050
 2.4 -0.731230
 2.5 -2.725344
 2.6 -5.025330
 2.7 -7.359457
 2.8 -9.166295
 2.9 -10.319200
 3.0 -11.276828
 3.1 -11.965978
 3.2 -11.684239
 3.3 -10.704800
 3.4 -8.800381
 3.5 -6.767100
 3.6 -4.295250
 3.7 -1.880112
 3.8 0.775727
 3.9 3.085459
 4.0 4.401984
 4.1 5.671845
 4.2 6.466973
 4.3 6.067473
 4.4 4.548282
 4.5 1.380906
 4.6 -3.905298
 4.7 -9.751028
 4.8 -15.885762
 4.9 -21.141490
 5.0 -23.848595
 5.1 -25.432757
 5.2 -26.819221

ALA 20
 0.0 10.000000
 0.1 10.000000
 0.2 10.000000
 0.3 10.000000
 0.4 10.000000
 0.5 10.000000
 0.6 10.000000
 0.7 10.000000
 0.8 10.000000
 0.9 10.000000
 1.0 9.500000
 1.1 8.987342
 1.2 8.833333
 1.3 8.696721
 1.4 8.648855
 1.5 8.484848
 1.6 8.082353
 1.7 7.912371
 1.8 7.085341
 1.9 6.402543
 2.0 5.566933
 2.1 4.365652
 2.2 2.508506
 2.3 0.936094
 2.4 -0.165511
 2.5 -1.494579
 2.6 -3.002778
 2.7 -4.364685
 2.8 -5.088566
 2.9 -5.342538
 3.0 -5.639865
 3.1 -5.616927
 3.2 -4.557590
 3.3 -2.930610
 3.4 0.014109
 3.5 3.208662
 3.6 6.899750
 3.7 8.889171
 3.8 10.302243
 3.9 11.203194
 4.0 11.120117
 4.1 10.311040
 4.2 9.446150
 4.3 8.076417
 4.4 6.733246
 4.5 4.022373
 4.6 -1.226700
 4.7 -7.326085
 4.8 -13.518829
 4.9 -18.496211
 5.0 -22.531988
 5.1 -24.690462
 5.2 -25.265758

ALA 21
 0.0 10.000000
 0.1 10.000000
 0.2 10.000000
 0.3 10.000000
 0.4 10.000000
 0.5 10.000000
 0.6 10.000000
 0.7 10.000000
 0.8 10.000000
 0.9 10.000000
 1.0 9.750000
 1.1 8.987342
 1.2 8.833333
 1.3 8.696721
 1.4 8.648855
 1.5 8.458333
 1.6 8.082353
 1.7 7.891753
 1.8 7.008122
 1.9 6.370208
 2.0 5.588151
 2.1 4.434703
 2.2 2.769136
 2.3 1.268023
 2.4 0.171601
 2.5 -1.195340
 2.6 -2.774001
 2.7 -4.313382
 2.8 -5.212200
 2.9 -5.457796
 3.0 -5.691458
 3.1 -5.424097
 3.2 -4.081253
 3.3 -2.296064
 3.4 0.088832
 3.5 2.251757
 3.6 4.615465
 3.7 5.843327
 3.8 6.605763
 3.9 6.779548
 4.0 6.522237
 4.1 6.543983
 4.2 6.938871
 4.3 7.076435
 4.4 6.904617
 4.5 5.872477
 4.6 3.677567
 4.7 0.868706
 4.8 -2.118650
 4.9 -3.867256
 5.0 -5.079961
 5.1 -5.728027
 5.2 -5.787896

ALA 22
 0.0 10.000000
 0.1 10.000000
 0.2 10.000000
 0.3 10.000000
 0.4 10.000000
 0.5 10.000000
 0.6 10.000000
 0.7 10.000000
 0.8 10.000000
 0.9 10.000000
 1.0 10.000000
 1.1 9.310127
 1.2 9.063725
 1.3 8.762295
 1.4 8.637405
 1.5 8.250000
 1.6 7.052941
 1.7 6.237113
 1.8 5.500000
 1.9 5.097285
 2.0 4.594737
 2.1 3.628463
 2.2 2.212880
 2.3 0.555903
 2.4 -0.781072
 2.5 -2.371853
 2.6 -4.304444
 2.7 -6.256329
 2.8 -7.381444
 2.9 -7.639520
 3.0 -7.737678
 3.1 -6.715859
 3.2 -4.508328
 3.3 -1.845655
 3.4 0.806200
 3.5 2.182964
 3.6 3.015671
 3.7 3.326819
 3.8 3.322501
 3.9 2.522426
 4.0 1.832071
 4.1 1.925444
 4.2 2.053826
 4.3 2.058574
 4.4 1.749959
 4.5 0.560300
 4.6 -1.102037
 4.7 -2.795088
 4.8 -4.375730
 4.9 -3.734230
 5.0 -2.379048
 5.1 -1.199396
 5.2 0.489399

ALA 23
 0.0 10.000000
 0.1 10.000000
 0.2 10.000000
 0.3 10.000000
 0.4 10.000000
 0.5 10.000000
 0.6 10.000000
 0.7 10.000000
 0.8 10.000000
 0.9 10.000000
 1.0 10.000000
 1.1 9.753165
 1.2 9.637255
 1.3 9.524590
 1.4 9.454198
 1.5 9.287879
 1.6 8.805882
 1.7 8.592784
 1.8 8.274390
 1.9 8.038462
 2.0 7.789474
 2.1 7.363980
 2.2 6.362551
 2.3 5.031398
 2.4 3.810150
 2.5 2.044295
 2.6 -0.381311
 2.7 -2.952516
 2.8 -4.573101
 2.9 -5.137124
 3.0 -5.379536
 3.1 -4.509365
 3.2 -2.508960
 3.3 -0.256581
 3.4 1.954626
 3.5 3.231909
 3.6 4.080359
 3.7 3.835659
 3.8 2.890639
 3.9 1.831319
 4.0 1.282357
 4.1 1.255075
 4.2 1.989512
 4.3 2.793873
 4.4 3.729269
 4.5 4.206557
 4.6 3.980405
 4.7 3.226244
 4.8 3.007778
 4.9 4.035150
 5.0 4.928742
 5.1 5.674583
 5.2 7.498849

ALA 24
 0.0 10.000000
 0.1 10.000000
 0.2 10.000000
 0.3 10.000000
 0.4 10.000000
 0.5 10.000000
 0.6 10.000000
 0.7 10.000000
 0.8 10.000000
 0.9 10.000000
 1.0 10.000000
 1.1 9.797468
 1.2 9.686275
 1.3 9.573770
 1.4 9.534351
 1.5 9.424242
 1.6 9.082353
 1.7 8.953608
 1.8 8.481707
 1.9 8.171946
 2.0 7.875439
 2.1 7.419395
 2.2 6.744463
 2.3 5.775668
 2.4 4.855912
 2.5 3.584894
 2.6 1.621142
 2.7 -0.909853
 2.8 -2.923165
 2.9 -4.107594
 3.0 -5.244695
 3.1 -6.126798
 3.2 -5.784665
 3.3 -5.070395
 3.4 -4.074986
 3.5 -3.457996
 3.6 -2.835194
 3.7 -2.647204
 3.8 -2.650190
 3.9 -2.827957
 4.0 -2.792606
 4.1 -2.318048
 4.2 -1.735641
 4.3 -0.768050
 4.4 -0.059604
 4.5 0.110971
 4.6 -0.316191
 4.7 -0.780396
 4.8 -1.216494
 4.9 -0.740845
 5.0 -0.351913
 5.1 0.211392
 5.2 1.219823

ALA 25
 0.0 0.000000
 0.1 0.000000
 0.2 0.000000
 0.3 0.000000
 0.4 0.000000
 0.5 0.000000
 0.6 0.000000
 0.7 0.000000
 0.8 0.000000
 0.9 0.000000
 1.0 0.000000
 1.1 0.000000
 1.2 0.000000
 1.3 0.000000
 1.4 0.000000
 1.5 0.000000
 1.6 0.000000
 1.7 0.000000
 1.8 0.000000
 1.9 0.000000
 2.0 0.000000
 2.1 0.000000
 2.2 0.000000
 2.3 0.000000
 2.4 0.000000
 2.5 0.000000
 2.6 0.000000
 2.7 0.000000
 2.8 0.000000
 2.9 0.000000
 3.0 0.000000
 3.1 0.000000
 3.2 0.000000
 3.3 0.000000
 3.4 0.000000
 3.5 0.000000
 3.6 0.000000
 3.7 0.000000
 3.8 0.000000
 3.9 0.000000
 4.0 0.000000
 4.1 0.000000
 4.2 0.000000
 4.3 0.000000
 4.4 0.000000
 4.5 0.000000
 4.6 0.000000
 4.7 0.000000
 4.8 0.000000
 4.9 0.000000
 5.0 0.000000
 5.1 0.000000
 5.2 0.000000

