ATOMS
N -12.238 -11.650 -11.484
CA -10.789 -11.650 -11.484
C -10.265 -10.221 -11.484
O -9.373 -9.885 -10.709
CB -10.227 -12.352 -12.716

N -10.825 -9.380 -12.357
CA -10.414 -7.994 -12.455
C -10.569 -7.306 -11.106
O -9.662 -6.610 -10.656
CB -11.261 -7.241 -13.476

N -11.721 -7.504 -10.463
CA -11.990 -6.905 -9.171
C -10.917 -7.313 -8.172
O -10.386 -6.471 -7.451
CB -13.344 -7.351 -8.629

N -10.599 -8.609 -8.132
CA -9.593 -9.123 -7.224
C -8.269 -8.409 -7.452
O -7.622 -7.979 -6.500
CB -9.376 -10.617 -7.435

N -7.867 -8.285 -8.720
CA -6.625 -7.626 -9.068
C -6.614 -6.206 -8.521
O -5.632 -5.778 -7.920
CB -6.445 -7.559 -10.581

N -7.712 -5.477 -8.732
CA -7.826 -4.111 -8.261
C -7.612 -4.057 -6.755
O -6.862 -3.217 -6.263
CB -9.205 -3.537 -8.569

N -8.274 -4.958 -6.024
CA -8.154 -5.010 -4.581
C -6.696 -5.189 -4.184
O -6.201 -4.489 -3.303
CB -8.954 -6.174 -4.006

N -6.010 -6.130 -4.836
CA -4.615 -6.398 -4.550
C -3.792 -5.129 -4.726
O -2.976 -4.793 -3.871
CB -4.057 -7.465 -5.485

N -4.009 -4.426 -5.840
CA -3.290 -3.201 -6.125
C -3.491 -2.202 -4.995
O -2.531 -1.600 -4.519
CB -3.781 -2.564 -7.421

N -4.743 -2.028 -4.566
CA -5.064 -1.106 -3.496
C -4.275 -1.461 -2.244
O -3.686 -0.587 -1.611
CB -6.550 -1.156 -3.156

N -4.265 -2.747 -1.888
CA -3.550 -3.213 -0.717
C -2.080 -2.829 -0.814
O -1.506 -2.315 0.144
CB -3.641 -4.729 -0.584

N -1.473 -3.080 -1.976
CA -0.076 -2.761 -2.195
C 0.167 -1.280 -1.946
O 1.117 -0.913 -1.258
CB 0.343 -3.082 -3.626

N -0.695 -0.429 -2.508
CA -0.571 1.005 -2.346
C -0.582 1.368 -0.868
O 0.252 2.146 -0.412
CB -1.723 1.736 -3.028

N -1.532 0.800 -0.121
CA -1.649 1.064 1.299
C -0.346 0.717 2.005
O 0.153 1.499 2.811
CB -2.767 0.235 1.922

N 0.204 -0.461 1.698
CA 1.444 -0.907 2.302
C 2.546 0.111 2.046
O 3.277 0.481 2.963
CB 1.885 -2.247 1.723

N 2.664 0.563 0.795
CA 3.674 1.534 0.424
C 3.531 2.788 1.274
O 4.517 3.297 1.802
CB 3.540 1.931 -1.043

N 2.299 3.285 1.404
CA 2.032 4.475 2.188
C 2.522 4.282 3.616
O 3.187 5.155 4.168
CB 0.538 4.780 2.230

N 2.190 3.134 4.211
CA 2.596 2.831 5.569
C 4.111 2.903 5.690
O 4.632 3.510 6.623
CB 2.149 1.431 5.976

N 4.817 2.281 4.744
CA 6.266 2.276 4.747
C 6.794 3.704 4.744
O 7.685 4.039 5.521
CB 6.816 1.559 3.519

N 6.239 4.544 3.867
CA 6.654 5.929 3.766
C 6.498 6.621 5.112
O 7.406 7.316 5.563
CB 5.812 6.680 2.740

N 5.343 6.429 5.754
CA 5.073 7.033 7.043
C 6.143 6.625 8.046
O 6.674 7.467 8.766
CB 3.717 6.592 7.582

N 6.456 5.328 8.091
CA 7.458 4.814 9.003
C 8.785 5.523 8.776
O 9.431 5.954 9.728
CB 7.672 3.318 8.797

N 9.191 5.641 7.509
CA 10.436 6.295 7.162
C 10.449 7.717 7.704
O 11.432 8.144 8.307
CB 10.620 6.357 5.649

N 9.354 8.449 7.488
CA 9.243 9.817 7.955
C 9.454 9.875 9.461
O 10.205 10.714 9.952
CB 7.867 10.394 7.641

N 8.787 8.979 10.193
CA 8.903 8.930 11.636
C 10.359 8.748 12.038
O 10.854 9.449 12.918
CB 8.098 7.771 12.213

N 11.045 7.803 11.391
CA 12.438 7.532 11.681
C 13.265 8.797 11.503
O 14.061 9.075 12.397
OXT 13.076 9.448 10.477
CB 12.995 6.460 10.751

EDGES
1 6 2.812756
1 7 4.199542
1 8 4.668916
1 9 5.720399
1 10 4.935775
1 11 4.301052
1 12 5.284553
1 13 5.614620
1 15 5.277846
1 16 4.813513
1 17 5.615101
1 20 5.064833
2 6 2.432350
2 7 3.801290
2 8 4.365962
2 9 5.230422
2 10 4.861083
2 11 4.370398
2 12 5.413630
2 13 5.458507
2 15 5.758511
2 16 4.529866
2 17 5.095463
2 18 5.754260
2 20 4.411129
2 21 5.244140
3 6 1.335294
3 7 2.434044
3 8 2.955085
3 9 3.753467
3 10 3.720280
3 11 3.247224
3 12 4.395617
3 13 4.455436
3 14 5.508378
3 15 5.086076
3 16 3.734435
3 17 4.450257
3 18 4.850194
3 20 4.164317
3 21 4.139830
3 22 5.081405
3 25 4.742790
4 6 2.253715
4 7 2.776343
4 8 2.870412
4 9 3.288154
4 10 4.267501
4 11 3.353026
4 12 4.253767
4 13 3.928802
4 14 4.826606
4 15 5.149407
4 16 3.126049
4 17 3.574111
4 18 3.742384
4 19 4.941105
4 20 3.354834
4 21 2.963808
4 22 3.917584
4 23 5.092589
4 25 3.741637
4 26 5.108612
5 6 3.052748
5 7 4.369812
5 8 5.307653
5 10 5.269637
5 11 5.550779
5 20 5.623468
6 11 2.812371
6 12 4.199220
6 13 4.668531
6 14 5.720475
6 15 4.935604
6 16 4.300714
6 17 5.285032
6 18 5.615603
6 20 5.277865
6 21 4.814204
6 22 5.615518
6 25 5.065039
7 11 2.432368
7 12 3.801888
7 13 4.365874
7 14 5.230710
7 15 4.861751
7 16 4.370444
7 17 5.414060
7 18 5.459236
7 20 5.758296
7 21 4.530134
7 22 5.095460
7 23 5.754416
7 25 4.410676
7 26 5.243741
8 11 1.334075
8 12 2.433982
8 13 2.954574
8 14 3.753630
8 15 3.719970
8 16 3.247058
8 17 4.395906
8 18 4.456268
8 19 5.509353
8 20 5.085490
8 21 3.735270
8 22 4.450953
8 23 4.851211
8 25 4.164974
8 26 4.140479
8 27 5.081939
8 30 4.743651
9 11 2.252990
9 12 2.777019
9 13 2.870451
9 14 3.288696
9 15 4.267896
9 16 3.353289
9 17 4.254240
9 18 3.929690
9 19 4.827846
9 20 5.149047
9 21 3.126619
9 22 3.574545
9 23 3.743227
9 24 4.941540
9 25 3.354894
9 26 2.964450
9 27 3.918153
9 28 5.092947
9 30 3.742692
9 31 5.109899
10 11 3.059238
10 12 4.379197
10 13 5.315631
10 15 5.276779
10 16 5.555898
10 25 5.628144
11 16 2.813089
11 17 4.200079
11 18 4.669202
11 19 5.721258
11 20 4.935441
11 21 4.301317
11 22 5.284896
11 23 5.615836
11 25 5.277606
11 26 4.814267
11 27 5.615361
11 30 5.065035
12 16 2.432698
12 17 3.802097
12 18 4.366099
12 19 5.231361
12 20 4.860621
12 21 4.371147
12 22 5.414210
12 23 5.460080
12 25 5.758719
12 26 4.531356
12 27 5.096414
12 28 5.754567
12 30 4.411582
12 31 5.244337
13 16 1.335043
13 17 2.434703
13 18 2.954915
13 19 3.754486
13 20 3.719444
13 21 3.247705
13 22 4.395685
13 23 4.456799
13 24 5.509170
13 25 5.085527
13 26 3.735843
13 27 4.451405
13 28 4.851026
13 30 4.164940
13 31 4.140698
13 32 5.082643
13 35 4.744075
14 16 2.253924
14 17 2.777316
14 18 2.870110
14 19 3.289097
14 20 4.267279
14 21 3.353553
14 22 4.253685
14 23 3.929772
14 24 4.827083
14 25 5.148993
14 26 3.127183
14 27 3.574815
14 28 3.742578
14 29 4.941501
14 30 3.354555
14 31 2.964126
14 32 3.918322
14 33 5.092437
14 35 3.742574
14 36 5.109196
15 16 3.060163
15 17 4.379955
15 18 5.316043
15 20 5.276118
15 21 5.556813
15 30 5.628634
16 21 2.813280
16 22 4.199412
16 23 4.669685
16 24 5.721066
16 25 4.935161
16 26 4.301650
16 27 5.285657
16 28 5.615960
16 30 5.278199
16 31 4.814467
16 32 5.616086
16 35 5.065484
17 21 2.432969
17 22 3.801364
17 23 4.366410
17 24 5.230962
17 25 4.860602
17 26 4.370989
17 27 5.414592
17 28 5.459732
17 30 5.758729
17 31 4.530672
17 32 5.096365
17 33 5.754178
17 35 4.411400
17 36 5.243900
18 21 1.335966
18 22 2.434601
18 23 2.955502
18 24 3.754325
18 25 3.720231
18 26 3.247349
18 27 4.395854
18 28 4.456160
18 29 5.509105
18 30 5.085289
18 31 3.734784
18 32 4.450738
18 33 4.850005
18 35 4.164056
18 36 4.140094
18 37 5.081087
18 40 4.743540
19 21 2.254343
19 22 2.777272
19 23 2.871243
19 24 3.289514
19 25 4.268055
19 26 3.354091
19 27 4.254898
19 28 3.930294
19 29 4.828086
19 30 5.149564
19 31 3.126999
19 32 3.574989
19 33 3.742383
19 34 4.941675
19 35 3.354443
19 36 2.964159
19 37 3.917156
19 38 5.092983
19 40 3.742145
19 41 5.110105
20 21 3.060479
20 22 4.379586
20 23 5.316480
20 25 5.276309
20 26 5.556141
20 35 5.628177
21 26 2.812300
21 27 4.199362
21 28 4.669286
21 29 5.721145
21 30 4.935235
21 31 4.301511
21 32 5.285765
21 33 5.615314
21 35 5.278228
21 36 4.814346
21 37 5.614728
21 40 5.064951
22 26 2.431597
22 27 3.801168
22 28 4.365993
22 29 5.231011
22 30 4.860589
22 31 4.370739
22 32 5.414284
22 33 5.458706
22 35 5.758158
22 36 4.530570
22 37 5.095136
22 38 5.754465
22 40 4.411171
22 41 5.244372
23 26 1.334753
23 27 2.434249
23 28 2.955158
23 29 3.754223
23 30 3.720100
23 31 3.247786
23 32 4.396091
23 33 4.455399
23 34 5.508737
23 35 5.085455
23 36 3.734945
23 37 4.449911
23 38 4.850323
23 40 4.164208
23 41 4.140312
23 42 5.081320
23 45 4.743422
24 26 2.253075
24 27 2.776474
24 28 2.870447
24 29 3.288962
24 30 4.267272
24 31 3.353711
24 32 4.254319
24 33 3.928958
24 34 4.827212
24 35 5.148970
24 36 3.126954
24 37 3.574296
24 38 3.742785
24 39 4.941555
24 40 3.354969
24 41 2.964529
24 42 3.917642
24 43 5.091884
24 45 3.742325
24 46 5.109025
25 26 3.059218
25 27 4.379300
25 28 5.316406
25 30 5.276574
25 31 5.556680
25 40 5.628552
26 31 2.813977
26 32 4.200506
26 33 4.668994
26 34 5.721303
26 35 4.935934
26 36 4.301398
26 37 5.284768
26 38 5.615651
26 40 5.277706
26 41 4.814610
26 42 5.615221
26 45 5.065279
27 31 2.433574
27 32 3.802392
27 33 4.365881
27 34 5.231183
27 35 4.861417
27 36 4.370909
27 37 5.414094
27 38 5.459460
27 40 5.758546
27 41 4.530999
27 42 5.095674
27 43 5.753543
27 45 4.411444
27 46 5.243739
28 31 1.335817
28 32 2.434800
28 33 2.954746
28 34 3.754178
28 35 3.720169
28 36 3.247506
28 37 4.395943
28 38 4.456279
28 39 5.509233
28 40 5.085803
28 41 3.735638
28 42 4.450766
28 43 4.849873
28 45 4.165233
28 46 4.140015
28 47 5.081514
28 50 4.743042
29 31 2.254317
29 32 2.777272
29 33 2.870293
29 34 3.288846
29 35 4.267829
29 36 3.353774
29 37 4.254661
29 38 3.929760
29 39 4.827674
29 40 5.149642
29 41 3.127334
29 42 3.574701
29 43 3.741883
29 44 4.941031
29 45 3.355583
29 46 2.963729
29 47 3.917322
29 48 5.092000
29 50 3.741459
29 51 5.109397
30 31 3.059906
30 32 4.379323
30 33 5.315300
30 35 5.276148
30 36 5.555804
30 45 5.628891
31 36 2.812583
31 37 4.199352
31 38 4.669301
31 39 5.721140
31 40 4.935449
31 41 4.301988
31 42 5.285594
31 43 5.615289
31 45 5.279194
31 46 4.814418
31 47 5.615406
31 50 5.064860
32 36 2.432316
32 37 3.801582
32 38 4.366031
32 39 5.230953
32 40 4.861034
32 41 4.371174
32 42 5.414325
32 43 5.458922
32 45 5.759483
32 46 4.530725
32 47 5.095738
32 48 5.753574
32 50 4.410981
32 51 5.243829
33 36 1.334609
33 37 2.434378
33 38 2.954755
33 39 3.754089
33 40 3.719825
33 41 3.247226
33 42 4.395505
33 43 4.455549
33 44 5.508209
33 45 5.085865
33 46 3.735245
33 47 4.450579
33 48 4.850034
33 50 4.164515
33 51 4.140621
33 52 5.081533
33 55 4.743904
34 36 2.253764
34 37 2.777532
34 38 2.870159
34 39 3.288718
34 40 4.267837
34 41 3.353387
34 42 4.254004
34 43 3.929037
34 44 4.826373
34 45 5.149752
34 46 3.126892
34 47 3.574172
34 48 3.741623
34 49 4.941021
34 50 3.354445
34 51 2.963931
34 52 3.917062
34 53 5.092481
34 55 3.742213
34 56 5.108835
35 36 3.059080
35 37 4.378702
35 38 5.315700
35 40 5.275863
35 41 5.556265
35 50 5.628680
36 41 2.813473
36 42 4.199876
36 43 4.669028
36 44 5.720562
36 45 4.936296
36 46 4.301697
36 47 5.284987
36 48 5.615002
36 50 5.277753
36 51 4.814605
36 52 5.614860
36 55 5.065024
37 41 2.433130
37 42 3.802244
37 43 4.366671
37 44 5.231140
37 45 4.861867
37 46 4.371903
37 47 5.414590
37 48 5.459598
37 50 5.758995
37 51 4.531947
37 52 5.096110
37 53 5.755144
37 55 4.411734
37 56 5.244689
38 41 1.335026
38 42 2.434418
38 43 2.954707
38 44 3.753240
38 45 3.720534
38 46 3.247492
38 47 4.394930
38 48 4.455091
38 49 5.508559
38 50 5.084899
38 51 3.735224
38 52 4.449910
38 53 4.850226
38 55 4.164008
38 56 4.139887
38 57 5.081539
38 60 4.743251
39 41 2.253606
39 42 2.777333
39 43 2.870868
39 44 3.288340
39 45 4.268368
39 46 3.354182
39 47 4.253744
39 48 3.928963
39 49 4.827229
39 50 5.149026
39 51 3.127287
39 52 3.574016
39 53 3.742374
39 54 4.941822
39 55 3.354205
39 56 2.963849
39 57 3.917652
39 58 5.091684
39 60 3.742099
39 61 5.109327
40 41 3.060041
40 42 4.379450
40 43 5.315978
40 45 5.276748
40 46 5.556629
40 55 5.628370
41 46 2.812870
41 47 4.198781
41 48 4.668318
41 49 5.720725
41 50 4.934920
41 51 4.301498
41 52 5.284617
41 53 5.615347
41 55 5.277572
41 56 4.813887
41 57 5.614868
41 60 5.064389
42 46 2.432616
42 47 3.801019
42 48 4.365774
42 49 5.231253
42 50 4.860513
42 51 4.371374
42 52 5.414260
42 53 5.459781
42 55 5.758530
42 56 4.531041
42 57 5.095910
42 58 5.753706
42 60 4.411105
42 61 5.244111
43 46 1.334849
43 47 2.433628
43 48 2.954951
43 49 3.754691
43 50 3.719344
43 51 3.248007
43 52 4.396235
43 53 4.456996
43 54 5.510201
43 55 5.085779
43 56 3.735983
43 57 4.451371
43 58 4.850510
43 60 4.165107
43 61 4.140811
43 62 5.082170
43 65 4.743707
44 46 2.253517
44 47 2.776086
44 48 2.869927
44 49 3.288869
44 50 4.266997
44 51 3.353286
44 52 4.253861
44 53 3.929487
44 54 4.827569
44 55 5.148492
44 56 3.126758
44 57 3.574342
44 58 3.741916
44 59 4.941052
44 60 3.354646
44 61 2.964162
44 62 3.917851
44 63 5.092880
44 65 3.742304
44 66 5.108856
45 46 3.060027
45 47 4.379210
45 48 5.316199
45 50 5.276367
45 51 5.557143
45 60 5.628297
46 51 2.813739
46 52 4.200271
46 53 4.670190
46 54 5.722293
46 55 4.936206
46 56 4.302058
46 57 5.285813
46 58 5.615336
46 60 5.278438
46 61 4.814402
46 62 5.615432
46 65 5.064932
47 51 2.432477
47 52 3.801906
47 53 4.366476
47 54 5.231696
47 55 4.861152
47 56 4.370624
47 57 5.414035
47 58 5.458584
47 60 5.758222
47 61 4.530191
47 62 5.095672
47 63 5.754597
47 65 4.411153
47 66 5.243900
48 51 1.334403
48 52 2.434514
48 53 2.955393
48 54 3.754893
48 55 3.719863
48 56 3.247182
48 57 4.395907
48 58 4.455663
48 59 5.508735
48 60 5.085616
48 61 3.735120
48 62 4.450975
48 63 4.851275
48 65 4.165113
48 66 4.140447
48 67 5.081766
48 70 4.744053
49 51 2.253346
49 52 2.777338
49 53 2.870716
49 54 3.289135
49 55 4.267660
49 56 3.353452
49 57 4.254343
49 58 3.929133
49 59 4.826976
49 60 5.149572
49 61 3.126604
49 62 3.574621
49 63 3.742845
49 64 4.941127
49 65 3.355233
49 66 2.963711
49 67 3.917049
49 68 5.092295
49 70 3.741969
49 71 5.108567
50 51 3.059466
50 52 4.379494
50 53 5.316464
50 55 5.276722
50 56 5.556087
50 65 5.628497
51 56 2.813165
51 57 4.200258
51 58 4.668841
51 59 5.720698
51 60 4.936247
51 61 4.301444
51 62 5.285159
51 63 5.615881
51 65 5.278130
51 66 4.813812
51 67 5.614637
51 70 5.064823
52 56 2.432427
52 57 3.802297
52 58 4.366122
52 59 5.231020
52 60 4.861573
52 61 4.371426
52 62 5.414758
52 63 5.460530
52 65 5.759449
52 66 4.531193
52 67 5.096154
52 68 5.754980
52 70 4.412042
52 71 5.243877
53 56 1.334801
53 57 2.434708
53 58 2.954629
53 59 3.753532
53 60 3.720522
53 61 3.247747
53 62 4.395869
53 63 4.456650
53 64 5.509125
53 65 5.086106
53 66 3.734996
53 67 4.450391
53 68 4.850529
53 70 4.164824
53 71 4.139351
53 72 5.081547
53 75 4.743028
54 56 2.254044
54 57 2.777542
54 58 2.870236
54 59 3.288060
54 60 4.268488
54 61 3.353777
54 62 4.254025
54 63 3.929683
54 64 4.827030
54 65 5.149687
54 66 3.126360
54 67 3.573810
54 68 3.741917
54 69 4.940826
54 70 3.354684
54 71 2.962487
54 72 3.916877
54 73 5.091344
54 75 3.741223
54 76 5.108384
55 56 3.058936
55 57 4.379220
55 58 5.315215
55 60 5.276232
55 61 5.556140
55 70 5.628962
56 61 2.813558
56 62 4.199730
56 63 4.669716
56 64 5.721258
56 65 4.935895
56 66 4.301035
56 67 5.284821
56 68 5.615665
56 70 5.278074
56 71 4.813498
56 72 5.615345
56 75 5.064845
57 61 2.432972
57 62 3.801392
57 63 4.366418
57 64 5.231187
57 65 4.861019
57 66 4.370599
57 67 5.414147
57 68 5.459797
57 70 5.759096
57 71 4.530325
57 72 5.096148
57 73 5.754072
57 75 4.411399
57 76 5.243727
58 61 1.335324
58 62 2.434311
58 63 2.955501
58 64 3.754711
58 65 3.720091
58 66 3.247095
58 67 4.395704
58 68 4.456633
58 69 5.509273
58 70 5.085765
58 71 3.735086
58 72 4.451445
58 73 4.850834
58 75 4.165114
58 76 4.140621
58 77 5.082769
58 80 4.743739
59 61 2.253908
59 62 2.777015
59 63 2.870829
59 64 3.289593
59 65 4.267986
59 66 3.353258
59 67 4.254120
59 68 3.929941
59 69 4.827401
59 70 5.149346
59 71 3.126629
59 72 3.574992
59 73 3.742597
59 74 4.942234
59 75 3.354958
59 76 2.964219
59 77 3.918569
59 78 5.092722
59 80 3.742391
59 81 5.109459
60 61 3.060356
60 62 4.379197
60 63 5.316455
60 65 5.276276
60 66 5.556129
60 75 5.629102
61 66 2.812255
61 67 4.199097
61 68 4.669292
61 69 5.720843
61 70 4.935482
61 71 4.301123
61 72 5.285821
61 73 5.615567
61 75 5.278531
61 76 4.814224
61 77 5.615884
61 80 5.064687
62 66 2.432318
62 67 3.801525
62 68 4.366322
62 69 5.230952
62 70 4.861187
62 71 4.370780
62 72 5.414783
62 73 5.459358
62 75 5.758837
62 76 4.530615
62 77 5.096348
62 78 5.754120
62 80 4.410851
62 81 5.243834
63 66 1.335340
63 67 2.434501
63 68 2.955271
63 69 3.753988
63 70 3.720486
63 71 3.247675
63 72 4.396499
63 73 4.455988
63 74 5.509556
63 75 5.086020
63 76 3.734985
63 77 4.450883
63 78 4.849880
63 80 4.163950
63 81 4.139690
63 82 5.081888
63 85 4.742757
64 66 2.253675
64 67 2.777057
64 68 2.870807
64 69 3.288790
64 70 4.267767
64 71 3.354229
64 72 4.255287
64 73 3.930067
64 74 4.828403
64 75 5.150084
64 76 3.127376
64 77 3.575405
64 78 3.742539
64 79 4.941338
64 80 3.354896
64 81 2.964015
64 82 3.918245
64 83 5.093150
64 85 3.741646
64 86 5.109219
65 66 3.059939
65 67 4.379496
65 68 5.316538
65 70 5.276878
65 71 5.556547
65 80 5.628270
66 71 2.812931
66 72 4.200161
66 73 4.669121
66 74 5.721826
66 75 4.935629
66 76 4.301353
66 77 5.285661
66 78 5.615348
66 80 5.277730
66 81 4.814292
66 82 5.615977
66 85 5.064830
67 71 2.432783
67 72 3.802302
67 73 4.366262
67 74 5.232042
67 75 4.861240
67 76 4.371154
67 77 5.414873
67 78 5.459414
67 80 5.758678
67 81 4.531067
67 82 5.096568
67 83 5.755107
67 85 4.411166
67 86 5.244289
68 71 1.335827
68 72 2.435094
68 73 2.955094
68 74 3.754942
68 75 3.720508
68 76 3.247756
68 77 4.396300
68 78 4.455842
68 79 5.508755
68 80 5.085774
68 81 3.735218
68 82 4.450948
68 83 4.850770
68 85 4.164139
68 86 4.140003
68 87 5.081974
68 90 4.743802
69 71 2.254544
69 72 2.777517
69 73 2.870230
69 74 3.289195
69 75 4.268030
69 76 3.353427
69 77 4.253990
69 78 3.928711
69 79 4.826529
69 80 5.148952
69 81 3.126461
69 82 3.574262
69 83 3.742362
69 84 4.940945
69 85 3.354213
69 86 2.963544
69 87 3.917785
69 88 5.091721
69 90 3.742441
69 91 5.108905
70 71 3.059646
70 72 4.379622
70 73 5.315893
70 75 5.276460
70 76 5.556390
70 85 5.628047
71 76 2.813465
71 77 4.200476
71 78 4.669551
71 79 5.721481
71 80 4.935954
71 81 4.302090
71 82 5.286377
71 83 5.616751
71 85 5.278509
71 86 4.814913
71 87 5.616366
71 90 5.065962
72 76 2.433177
72 77 3.802403
72 78 4.366392
72 79 5.231343
72 80 4.861737
72 81 4.371532
72 82 5.415225
72 83 5.460256
72 85 5.759166
72 86 4.531057
72 87 5.096375
72 88 5.753915
72 90 4.411524
72 91 5.244410
73 76 1.335376
73 77 2.434789
73 78 2.955087
73 79 3.754327
73 80 3.720532
73 81 3.247684
73 82 4.396459
73 83 4.456761
73 84 5.509601
73 85 5.085812
73 86 3.735303
73 87 4.451115
73 88 4.850075
73 90 4.164722
73 91 4.140718
73 92 5.081439
73 95 4.743346
74 76 2.254488
74 77 2.777218
74 78 2.870450
74 79 3.288674
74 80 4.268455
74 81 3.354010
74 82 4.254725
74 83 3.929890
74 84 4.827670
74 85 5.149836
74 86 3.126897
74 87 3.574562
74 88 3.741413
74 89 4.940290
74 90 3.354557
74 91 2.963707
74 92 3.916478
74 93 5.092051
74 95 3.741088
74 96 5.108682
75 76 3.060086
75 77 4.379941
75 78 5.316215
75 80 5.276880
75 81 5.556634
75 90 5.628978
76 81 2.813075
76 82 4.200431
76 83 4.670028
76 84 5.721636
76 85 4.935807
76 86 4.301601
76 87 5.285785
76 88 5.615197
76 90 5.278391
76 91 4.814721
76 92 5.614898
76 95 5.064711
77 81 2.432494
77 82 3.802281
77 83 4.366632
77 84 5.231285
77 85 4.861342
77 86 4.370769
77 87 5.414362
77 88 5.458561
77 90 5.758553
77 91 4.530658
77 92 5.094836
77 93 5.753755
77 95 4.410421
77 96 5.243432
78 81 1.334816
78 82 2.434824
78 83 2.955517
78 84 3.754499
78 85 3.720222
78 86 3.247147
78 87 4.395805
78 88 4.455410
78 89 5.508656
78 90 5.085290
78 91 3.735203
78 92 4.450180
78 93 4.850477
78 95 4.164336
78 96 4.140103
78 97 5.082231
78 100 4.743393
79 81 2.253458
79 82 2.777032
79 83 2.870687
79 84 3.289228
79 85 4.267893
79 86 3.353324
79 87 4.254138
79 88 3.928946
79 89 4.827073
79 90 5.148947
79 91 3.126919
79 92 3.574139
79 93 3.742425
79 94 4.941432
79 95 3.354718
79 96 2.963869
79 97 3.918098
79 98 5.092096
79 100 3.741866
79 101 5.109795
80 81 3.059609
80 82 4.380110
80 83 5.316936
80 85 5.276489
80 86 5.556458
80 95 5.628712
81 86 2.813171
81 87 4.200185
81 88 4.668947
81 89 5.721143
81 90 4.935889
81 91 4.301621
81 92 5.284962
81 93 5.615709
81 95 5.277840
81 96 4.814047
81 97 5.615675
81 100 5.064789
82 86 2.432236
82 87 3.801578
82 88 4.365482
82 89 5.230722
82 90 4.860923
82 91 4.370698
82 92 5.413948
82 93 5.459324
82 95 5.758583
82 96 4.530193
82 97 5.095791
82 98 5.753281
82 100 4.410797
82 101 5.243777
83 86 1.334973
83 87 2.434150
83 88 2.954325
83 89 3.753683
83 90 3.719802
83 91 3.247062
83 92 4.395536
83 93 4.456058
83 94 5.508597
83 95 5.085526
83 96 3.734667
83 97 4.450678
83 98 4.849486
83 100 4.164358
83 101 4.139891
83 102 5.081332
83 105 4.742708
84 86 2.253952
84 87 2.777239
84 88 2.870847
84 89 3.289540
84 90 4.267843
84 91 3.353886
84 92 4.254894
84 93 3.930347
84 94 4.827843
84 95 5.149957
84 96 3.127079
84 97 3.575020
84 98 3.742060
84 99 4.941245
84 100 3.354912
84 101 2.964255
84 102 3.917844
84 103 5.092909
84 105 3.741826
84 106 5.109425
85 86 3.059866
85 87 4.379827
85 88 5.316113
85 90 5.276707
85 91 5.556531
85 100 5.628959
86 91 2.812975
86 92 4.199671
86 93 4.669669
86 94 5.721027
86 95 4.935521
86 96 4.301260
86 97 5.285579
86 98 5.615143
86 100 5.277958
86 101 4.814487
86 102 5.615524
86 105 5.064892
87 91 2.432276
87 92 3.801659
87 93 4.366458
87 94 5.230630
87 95 4.860955
87 96 4.370655
87 97 5.414405
87 98 5.458805
87 100 5.758533
87 101 4.530545
87 102 5.095587
87 103 5.754231
87 105 4.410661
87 106 5.243576
88 91 1.334255
88 92 2.434420
88 93 2.955504
88 94 3.754002
88 95 3.719758
88 96 3.247244
88 97 4.396055
88 98 4.455937
88 99 5.508877
88 100 5.085433
88 101 3.735585
88 102 4.451174
88 103 4.851087
88 105 4.164567
88 106 4.140586
88 107 5.082352
88 110 4.744091
89 91 2.252844
89 92 2.777065
89 93 2.870979
89 94 3.288625
89 95 4.267443
89 96 3.353676
89 97 4.254703
89 98 3.929809
89 99 4.827454
89 100 5.149659
89 101 3.127498
89 102 3.575250
89 103 3.743164
89 104 4.941666
89 105 3.354941
89 106 2.964308
89 107 3.918047
89 108 5.092640
89 110 3.742291
89 111 5.109857
90 91 3.059174
90 92 4.378830
90 93 5.316049
90 95 5.275805
90 96 5.555785
90 105 5.627946
91 96 2.812896
91 97 4.199876
91 98 4.668703
91 99 5.720569
91 100 4.935306
91 101 4.301474
91 102 5.285115
91 103 5.615320
91 105 5.277212
91 106 4.813828
91 107 5.615163
91 110 5.064899
92 96 2.432890
92 97 3.802277
92 98 4.366472
92 99 5.231353
92 100 4.861006
92 101 4.371886
92 102 5.415156
92 103 5.460067
92 105 5.758688
92 106 4.531351
92 107 5.096650
92 108 5.755103
92 110 4.411927
92 111 5.244759
93 96 1.335198
93 97 2.434483
93 98 2.954984
93 99 3.753911
93 100 3.719801
93 101 3.248250
93 102 4.396531
93 103 4.456371
93 104 5.509179
93 105 5.085540
93 106 3.735509
93 107 4.451076
93 108 4.850759
93 110 4.164936
93 111 4.140387
93 112 5.081749
93 115 4.742964
94 96 2.254253
94 97 2.777604
94 98 2.871058
94 99 3.289124
94 100 4.268134
94 101 3.354304
94 102 4.254770
94 103 3.929476
94 104 4.827352
94 105 5.148840
94 106 3.126797
94 107 3.574420
94 108 3.742630
94 109 4.941112
94 110 3.354428
94 111 2.964217
94 112 3.917961
94 113 5.092433
94 115 3.742156
94 116 5.109085
95 96 3.060108
95 97 4.379972
95 98 5.316260
95 100 5.276315
95 101 5.557144
95 110 5.628863
96 101 2.813683
96 102 4.200197
96 103 4.669456
96 104 5.721307
96 105 4.935181
96 106 4.301618
96 107 5.285580
96 108 5.615945
96 110 5.278396
96 111 4.814756
96 112 5.615856
96 115 5.065141
97 101 2.433283
97 102 3.802250
97 103 4.366227
97 104 5.231237
97 105 4.860802
97 106 4.371044
97 107 5.414408
97 108 5.459496
97 110 5.758872
97 111 4.530934
97 112 5.096106
97 113 5.753852
97 115 4.411126
97 116 5.243442
98 101 1.335310
98 102 2.434980
98 103 2.955401
98 104 3.754785
98 105 3.719637
98 106 3.247777
98 107 4.396218
98 108 4.456553
98 109 5.509522
98 110 5.085992
98 111 3.736075
98 112 4.451586
98 113 4.850781
98 115 4.165207
98 116 4.140495
98 117 5.082528
98 120 4.743999
99 101 2.253712
99 102 2.777297
99 103 2.870181
99 104 3.289048
99 105 4.267231
99 106 3.353420
99 107 4.253976
99 108 3.929359
99 109 4.827307
99 110 5.149128
99 111 3.127102
99 112 3.574932
99 113 3.742263
99 114 4.942044
99 115 3.355126
99 116 2.963784
99 117 3.918065
99 118 5.092857
99 120 3.742284
99 121 5.109758
100 101 3.060581
100 102 4.380244
100 103 5.316599
100 105 5.276527
100 106 5.556603
100 115 5.628808
101 106 2.812924
101 107 4.199697
101 108 4.669120
101 109 5.721018
101 110 4.935829
101 111 4.302101
101 112 5.285742
101 113 5.615397
101 115 5.278536
101 116 4.814071
101 117 5.615420
101 120 5.064837
102 106 2.432698
102 107 3.801814
102 108 4.366043
102 109 5.231217
102 110 4.861331
102 111 4.371812
102 112 5.414848
102 113 5.459501
102 115 5.759290
102 116 4.531009
102 117 5.096204
102 118 5.754724
102 120 4.411390
102 121 5.244350
103 106 1.334992
103 107 2.434090
103 108 2.954229
103 109 3.753706
103 110 3.719958
103 111 3.247604
103 112 4.395476
103 113 4.455453
103 114 5.508993
103 115 5.085367
103 116 3.734817
103 117 4.450522
103 118 4.850510
103 120 4.164320
103 121 4.140249
103 122 5.081213
103 125 4.743335
104 106 2.253546
104 107 2.776551
104 108 2.869766
104 109 3.288717
104 110 4.267454
104 111 3.354044
104 112 4.254297
104 113 3.929500
104 114 4.827792
104 115 5.149632
104 116 3.127300
104 117 3.574910
104 118 3.742979
104 119 4.941413
104 120 3.355027
104 121 2.964328
104 122 3.917360
104 123 5.091775
104 125 3.741925
104 126 5.109713
105 106 3.059232
105 107 4.378996
105 108 5.315357
105 110 5.276109
105 111 5.556474
105 120 5.628604
106 111 2.813702
106 112 4.199825
106 113 4.669169
106 114 5.721633
106 115 4.935697
106 116 4.301471
106 117 5.285545
106 118 5.616058
106 120 5.278047
106 121 4.814745
106 122 5.615090
106 125 5.065106
107 111 2.432952
107 112 3.801464
107 113 4.365878
107 114 5.231251
107 115 4.860906
107 116 4.370728
107 117 5.414290
107 118 5.459625
107 120 5.758361
107 121 4.530956
107 122 5.095309
107 123 5.753554
107 125 4.411071
107 126 5.244353
108 111 1.335683
108 112 2.434498
108 113 2.954948
108 114 3.754492
108 115 3.720337
108 116 3.247180
108 117 4.395707
108 118 4.456085
108 119 5.508707
108 120 5.085036
108 121 3.735215
108 122 4.449851
108 123 4.849613
108 125 4.163945
108 126 4.140559
108 127 5.081291
108 131 4.743700
109 111 2.253781
109 112 2.776808
109 113 2.870726
109 114 3.289277
109 115 4.267830
109 116 3.353886
109 117 4.254602
109 118 3.930147
109 119 4.827717
109 120 5.149298
109 121 3.127553
109 122 3.574328
109 123 3.742154
109 124 4.941260
109 125 3.354639
109 126 2.964686
109 127 3.917441
109 128 5.092429
109 130 5.104416
109 131 3.742280
110 111 3.059842
110 112 4.378978
110 113 5.315786
110 115 5.275996
110 116 5.556057
110 125 5.628476
111 116 2.812805
111 117 4.200071
111 118 4.669714
111 119 5.721169
111 120 4.935728
111 121 4.302245
111 122 5.285130
111 123 5.615115
111 125 5.278178
111 126 4.814715
111 127 5.614666
111 131 5.064755
112 116 2.432430
112 117 3.802181
112 118 4.366477
112 119 5.231159
112 120 4.861173
112 121 4.371501
112 122 5.413870
112 123 5.458802
112 125 5.758248
112 126 4.530937
112 127 5.095050
112 128 5.753914
112 130 5.282067
112 131 4.410967
113 116 1.334730
113 117 2.434633
113 118 2.955341
113 119 3.754337
113 120 3.719815
113 121 3.248078
113 122 4.395692
113 123 4.455852
113 124 5.509051
113 125 5.085391
113 126 3.735851
113 127 4.450492
113 128 4.850635
113 130 4.193688
113 131 4.164898
114 116 2.254300
114 117 2.777509
114 118 2.870638
114 119 3.288838
114 120 4.267936
114 121 3.354139
114 122 4.253925
114 123 3.928932
114 124 4.826845
114 125 5.148934
114 126 3.126836
114 127 3.573577
114 128 3.741753
114 129 4.950404
114 130 3.018618
114 131 3.354394
115 116 3.059598
115 117 4.380110
115 118 5.316693
115 120 5.276783
115 121 5.557221
115 131 5.628644
116 121 2.814145
116 122 4.200079
116 123 4.669253
116 124 5.721442
116 125 4.935873
116 126 4.302349
116 127 5.285186
116 128 5.615804
116 130 4.877028
116 131 5.278273
117 121 2.432863
117 122 3.801596
117 123 4.365674
117 124 5.230881
117 125 4.860834
117 126 4.371441
117 127 5.414086
117 128 5.459413
117 130 4.603100
117 131 5.758869
118 121 1.335488
118 122 2.434595
118 123 2.954671
118 124 3.753975
118 125 3.720088
118 126 3.247979
118 127 4.395714
118 128 4.455959
118 129 5.521281
118 130 3.785957
118 131 5.085765
119 121 2.253670
119 122 2.777358
119 123 2.870587
119 124 3.289161
119 125 4.267648
119 126 3.354138
119 127 4.254510
119 128 3.929897
119 129 4.851091
119 130 3.181355
119 131 5.149662
120 121 3.059629
120 122 4.379111
120 123 5.315354
120 125 5.276047
120 126 5.556570
121 126 2.813671
121 127 4.199733
121 128 4.669230
121 129 5.716809
121 130 4.323903
121 131 4.935989
122 126 2.432759
122 127 3.801665
122 128 4.366053
122 129 5.215852
122 130 4.361827
122 131 4.860925
123 126 1.335002
123 127 2.434820
123 128 2.955243
123 129 3.733713
123 130 3.210734
123 131 3.720189
124 126 2.253337
124 127 2.777429
124 128 2.870584
124 129 3.270499
124 130 3.300874
124 131 4.267774
125 126 3.059660
125 127 4.379012
125 128 5.315512
125 130 5.532315
125 131 5.276057

RESIDUES
ALA 1
 0.0 5.000000
 0.1 5.000000
 0.2 5.000000
 0.3 5.000000
 0.4 5.000000
 0.5 5.000000
 0.6 5.000000
 0.7 5.000000
 0.8 5.000000
 0.9 5.000000
 1.0 5.000000
 1.1 5.000000
 1.2 5.000000
 1.3 4.666667
 1.4 4.666667
 1.5 4.666667
 1.6 4.666667
 1.7 4.666667
 1.8 4.666667
 1.9 4.666667
 2.0 4.666667
 2.1 4.666667
 2.2 4.666667
 2.3 4.166667
 2.4 3.250000
 2.5 3.250000
 2.6 3.250000
 2.7 3.250000
 2.8 2.333333
 2.9 1.500000
 3.0 0.857143
 3.1 -0.071571
 3.2 0.250000
 3.3 0.533400
 3.4 1.166500
 3.5 1.166500
 3.6 0.917000
 3.7 0.759333
 3.8 0.500333
 3.9 0.500333
 4.0 0.500333
 4.1 0.434000
 4.2 0.530667
 4.3 0.705000
 4.4 0.583733
 4.5 0.548333
 4.6 0.417000
 4.7 0.603400
 4.8 0.861875
 4.9 0.155444
 5.0 -0.083000
 5.1 0.246400
 5.2 0.218250
 5.3 0.614167
 5.4 1.934000
 5.5 3.258750
 5.6 4.168000
 5.7 5.474000

ALA 2
 0.0 5.000000
 0.1 5.000000
 0.2 5.000000
 0.3 5.000000
 0.4 5.000000
 0.5 5.000000
 0.6 5.000000
 0.7 5.000000
 0.8 5.000000
 0.9 5.000000
 1.0 5.000000
 1.1 5.000000
 1.2 5.000000
 1.3 4.166667
 1.4 4.166667
 1.5 4.166667
 1.6 4.166667
 1.7 4.166667
 1.8 4.166667
 1.9 4.166667
 2.0 4.166667
 2.1 4.166667
 2.2 4.166667
 2.3 3.166667
 2.4 1.500000
 2.5 1.500000
 2.6 1.500000
 2.7 1.500000
 2.8 -0.333333
 2.9 -2.000000
 3.0 -3.071429
 3.1 -4.476286
 3.2 -3.667000
 3.3 -2.733800
 3.4 -1.207750
 3.5 -1.207750
 3.6 -1.416000
 3.7 -1.629000
 3.8 -1.736000
 3.9 -2.038667
 4.0 -2.038667
 4.1 -2.188333
 4.2 -2.049500
 4.3 -1.995143
 4.4 -1.300000
 4.5 -0.448444
 4.6 -0.667000
 4.7 -0.257000
 4.8 1.003875
 4.9 -1.935556
 5.0 -3.168000
 5.1 -1.661150
 5.2 -1.631375
 5.3 -0.336500
 5.4 2.849500
 5.5 6.667500
 5.6 9.903889
 5.7 11.316750

ALA 3
 0.0 5.000000
 0.1 5.000000
 0.2 5.000000
 0.3 5.000000
 0.4 5.000000
 0.5 5.000000
 0.6 5.000000
 0.7 5.000000
 0.8 5.000000
 0.9 5.000000
 1.0 5.000000
 1.1 5.000000
 1.2 5.000000
 1.3 4.166667
 1.4 4.166667
 1.5 4.166667
 1.6 4.166667
 1.7 4.166667
 1.8 4.166667
 1.9 4.166667
 2.0 4.166667
 2.1 4.166667
 2.2 4.166667
 2.3 3.166667
 2.4 1.750000
 2.5 1.750000
 2.6 1.750000
 2.7 1.750000
 2.8 -0.250000
 2.9 -2.000000
 3.0 -3.071429
 3.1 -4.333429
 3.2 -3.542000
 3.3 -2.200400
 3.4 -0.229250
 3.5 -0.229250
 3.6 -0.250000
 3.7 -0.166444
 3.8 0.027167
 3.9 -0.314500
 4.0 -0.314500
 4.1 -0.339333
 4.2 -0.061333
 4.3 0.632714
 4.4 1.233200
 4.5 1.995889
 4.6 1.417000
 4.7 1.997000
 4.8 2.986625
 4.9 0.881778
 5.0 -0.000000
 5.1 2.028550
 5.2 1.410625
 5.3 4.333083
 5.4 9.208500
 5.5 15.083750
 5.6 18.729889
 5.7 20.833750

ALA 4
 0.0 5.000000
 0.1 5.000000
 0.2 5.000000
 0.3 5.000000
 0.4 5.000000
 0.5 5.000000
 0.6 5.000000
 0.7 5.000000
 0.8 5.000000
 0.9 5.000000
 1.0 5.000000
 1.1 5.000000
 1.2 5.000000
 1.3 4.500000
 1.4 4.500000
 1.5 4.500000
 1.6 4.500000
 1.7 4.500000
 1.8 4.500000
 1.9 4.500000
 2.0 4.500000
 2.1 4.500000
 2.2 4.500000
 2.3 3.333333
 2.4 2.000000
 2.5 2.000000
 2.6 2.000000
 2.7 2.000000
 2.8 -0.166667
 2.9 -1.750000
 3.0 -3.000000
 3.1 -4.333571
 3.2 -3.667000
 3.3 -2.000000
 3.4 -0.479250
 3.5 -0.479250
 3.6 -0.500000
 3.7 -0.592222
 3.8 -0.402333
 3.9 -0.227333
 4.0 -0.227333
 4.1 -0.405000
 4.2 -0.058333
 4.3 0.219429
 4.4 0.677933
 4.5 0.196556
 4.6 0.000000
 4.7 0.183800
 4.8 1.862500
 4.9 -0.626111
 5.0 -1.584000
 5.1 0.486950
 5.2 -0.687500
 5.3 2.434583
 5.4 8.575500
 5.5 15.154250
 5.6 21.125222
 5.7 24.242000

ALA 5
 0.0 5.000000
 0.1 5.000000
 0.2 5.000000
 0.3 5.000000
 0.4 5.000000
 0.5 5.000000
 0.6 5.000000
 0.7 5.000000
 0.8 5.000000
 0.9 5.000000
 1.0 5.000000
 1.1 5.000000
 1.2 5.000000
 1.3 4.500000
 1.4 4.500000
 1.5 4.500000
 1.6 4.500000
 1.7 4.500000
 1.8 4.500000
 1.9 4.500000
 2.0 4.500000
 2.1 4.500000
 2.2 4.500000
 2.3 3.166667
 2.4 1.750000
 2.5 1.750000
 2.6 1.750000
 2.7 1.750000
 2.8 -0.333333
 2.9 -1.750000
 3.0 -3.142857
 3.1 -4.738143
 3.2 -4.000250
 3.3 -1.899800
 3.4 -0.541750
 3.5 -0.541750
 3.6 0.083500
 3.7 0.231667
 3.8 0.666500
 3.9 0.896833
 4.0 0.896833
 4.1 0.001000
 4.2 0.903000
 4.3 1.109571
 4.4 1.522067
 4.5 1.434889
 4.6 0.999000
 4.7 1.603000
 4.8 3.325000
 4.9 -0.309000
 5.0 -2.001000
 5.1 1.045600
 5.2 0.527000
 5.3 5.548417
 5.4 14.941500
 5.5 25.217125
 5.6 35.572556
 5.7 42.150000

ALA 6
 0.0 5.000000
 0.1 5.000000
 0.2 5.000000
 0.3 5.000000
 0.4 5.000000
 0.5 5.000000
 0.6 5.000000
 0.7 5.000000
 0.8 5.000000
 0.9 5.000000
 1.0 5.000000
 1.1 5.000000
 1.2 5.000000
 1.3 4.500000
 1.4 4.500000
 1.5 4.500000
 1.6 4.500000
 1.7 4.500000
 1.8 4.500000
 1.9 4.500000
 2.0 4.500000
 2.1 4.500000
 2.2 4.500000
 2.3 3.166667
 2.4 1.875000
 2.5 1.875000
 2.6 1.875000
 2.7 1.875000
 2.8 -0.250000
 2.9 -2.000000
 3.0 -3.285714
 3.1 -4.785714
 3.2 -3.958250
 3.3 -2.000000
 3.4 -0.437250
 3.5 -0.437250
 3.6 0.000000
 3.7 0.129889
 3.8 0.749833
 3.9 1.024833
 4.0 1.024833
 4.1 0.056333
 4.2 0.847333
 4.3 0.966714
 4.4 1.525333
 4.5 1.512778
 4.6 0.999000
 4.7 1.703200
 4.8 3.368750
 4.9 -0.179222
 5.0 -2.001000
 5.1 1.063100
 5.2 0.000375
 5.3 4.665583
 5.4 13.125000
 5.5 21.873375
 5.6 31.487333
 5.7 37.000000

ALA 7
 0.0 5.000000
 0.1 5.000000
 0.2 5.000000
 0.3 5.000000
 0.4 5.000000
 0.5 5.000000
 0.6 5.000000
 0.7 5.000000
 0.8 5.000000
 0.9 5.000000
 1.0 5.000000
 1.1 5.000000
 1.2 5.000000
 1.3 4.500000
 1.4 4.500000
 1.5 4.500000
 1.6 4.500000
 1.7 4.500000
 1.8 4.500000
 1.9 4.500000
 2.0 4.500000
 2.1 4.500000
 2.2 4.500000
 2.3 3.333333
 2.4 1.875000
 2.5 1.875000
 2.6 1.875000
 2.7 1.875000
 2.8 0.000000
 2.9 -2.000000
 3.0 -3.285714
 3.1 -4.785714
 3.2 -3.958250
 3.3 -2.000000
 3.4 -0.333500
 3.5 -0.333500
 3.6 -0.083000
 3.7 0.194556
 3.8 0.833167
 3.9 1.110667
 4.0 1.110667
 4.1 0.001000
 4.2 0.930833
 4.3 1.109857
 4.4 1.526467
 4.5 1.399667
 4.6 0.999000
 4.7 1.596400
 4.8 3.291750
 4.9 -0.303444
 5.0 -2.001000
 5.1 1.023900
 5.2 0.000375
 5.3 4.829333
 5.4 12.808500
 5.5 22.019250
 5.6 31.403889
 5.7 37.000000

ALA 8
 0.0 5.000000
 0.1 5.000000
 0.2 5.000000
 0.3 5.000000
 0.4 5.000000
 0.5 5.000000
 0.6 5.000000
 0.7 5.000000
 0.8 5.000000
 0.9 5.000000
 1.0 5.000000
 1.1 5.000000
 1.2 5.000000
 1.3 4.333333
 1.4 4.333333
 1.5 4.333333
 1.6 4.333333
 1.7 4.333333
 1.8 4.333333
 1.9 4.333333
 2.0 4.333333
 2.1 4.333333
 2.2 4.333333
 2.3 3.333333
 2.4 1.625000
 2.5 1.625000
 2.6 1.625000
 2.7 1.625000
 2.8 -0.083333
 2.9 -1.750000
 3.0 -3.285714
 3.1 -4.785714
 3.2 -3.791750
 3.3 -2.100200
 3.4 -0.166500
 3.5 -0.166500
 3.6 -0.166500
 3.7 0.231667
 3.8 0.819333
 3.9 0.947167
 4.0 0.947167
 4.1 -0.054333
 4.2 0.930500
 4.3 0.983286
 4.4 1.553200
 4.5 1.414333
 4.6 0.999000
 4.7 1.516200
 4.8 3.399875
 4.9 -0.109111
 5.0 -2.001000
 5.1 0.981600
 5.2 -0.003875
 5.3 4.765417
 5.4 13.458500
 5.5 22.206625
 5.6 31.585444
 5.7 36.987500

ALA 9
 0.0 5.000000
 0.1 5.000000
 0.2 5.000000
 0.3 5.000000
 0.4 5.000000
 0.5 5.000000
 0.6 5.000000
 0.7 5.000000
 0.8 5.000000
 0.9 5.000000
 1.0 5.000000
 1.1 5.000000
 1.2 5.000000
 1.3 4.333333
 1.4 4.333333
 1.5 4.333333
 1.6 4.333333
 1.7 4.333333
 1.8 4.333333
 1.9 4.333333
 2.0 4.333333
 2.1 4.333333
 2.2 4.333333
 2.3 3.333333
 2.4 1.750000
 2.5 1.750000
 2.6 1.750000
 2.7 1.750000
 2.8 -0.250000
 2.9 -1.750000
 3.0 -3.214286
 3.1 -4.714286
 3.2 -3.708500
 3.3 -2.033400
 3.4 0.000250
 3.5 0.000250
 3.6 0.083500
 3.7 0.148222
 3.8 0.749833
 3.9 0.838500
 4.0 0.838500
 4.1 0.001000
 4.2 0.875167
 4.3 1.019000
 4.4 1.536600
 4.5 1.487111
 4.6 0.999000
 4.7 1.683000
 4.8 3.385125
 4.9 -0.047889
 5.0 -2.001000
 5.1 0.966550
 5.2 0.010750
 5.3 4.794667
 5.4 12.724500
 5.5 21.806625
 5.6 31.568667
 5.7 36.467000

ALA 10
 0.0 5.000000
 0.1 5.000000
 0.2 5.000000
 0.3 5.000000
 0.4 5.000000
 0.5 5.000000
 0.6 5.000000
 0.7 5.000000
 0.8 5.000000
 0.9 5.000000
 1.0 5.000000
 1.1 5.000000
 1.2 5.000000
 1.3 4.166667
 1.4 4.166667
 1.5 4.166667
 1.6 4.166667
 1.7 4.166667
 1.8 4.166667
 1.9 4.166667
 2.0 4.166667
 2.1 4.166667
 2.2 4.166667
 2.3 3.166667
 2.4 1.750000
 2.5 1.750000
 2.6 1.750000
 2.7 1.750000
 2.8 -0.166667
 2.9 -1.750000
 3.0 -3.285714
 3.1 -4.785714
 3.2 -3.833500
 3.3 -2.000000
 3.4 -0.208500
 3.5 -0.208500
 3.6 -0.083500
 3.7 0.120556
 3.8 0.791333
 3.9 1.116500
 4.0 1.116500
 4.1 0.001000
 4.2 0.833500
 4.3 0.976286
 4.4 1.514267
 4.5 1.388667
 4.6 0.999000
 4.7 1.503000
 4.8 3.395750
 4.9 -0.236889
 5.0 -2.001000
 5.1 0.893150
 5.2 -0.003875
 5.3 4.914083
 5.4 12.600000
 5.5 21.627500
 5.6 31.628000
 5.7 36.787500

ALA 11
 0.0 5.000000
 0.1 5.000000
 0.2 5.000000
 0.3 5.000000
 0.4 5.000000
 0.5 5.000000
 0.6 5.000000
 0.7 5.000000
 0.8 5.000000
 0.9 5.000000
 1.0 5.000000
 1.1 5.000000
 1.2 5.000000
 1.3 4.166667
 1.4 4.166667
 1.5 4.166667
 1.6 4.166667
 1.7 4.166667
 1.8 4.166667
 1.9 4.166667
 2.0 4.166667
 2.1 4.166667
 2.2 4.166667
 2.3 3.166667
 2.4 1.750000
 2.5 1.750000
 2.6 1.750000
 2.7 1.750000
 2.8 0.000000
 2.9 -1.750000
 3.0 -3.357143
 3.1 -4.881000
 3.2 -3.916750
 3.3 -2.033400
 3.4 0.021000
 3.5 0.021000
 3.6 0.000000
 3.7 0.277778
 3.8 0.846833
 3.9 1.005500
 4.0 1.005500
 4.1 0.001000
 4.2 0.875167
 4.3 1.023857
 4.4 1.522133
 4.5 1.455111
 4.6 0.999000
 4.7 1.486400
 4.8 3.477000
 4.9 -0.209222
 5.0 -2.001000
 5.1 0.865600
 5.2 0.000250
 5.3 4.810000
 5.4 12.841500
 5.5 21.727500
 5.6 31.476111
 5.7 36.787500

ALA 12
 0.0 5.000000
 0.1 5.000000
 0.2 5.000000
 0.3 5.000000
 0.4 5.000000
 0.5 5.000000
 0.6 5.000000
 0.7 5.000000
 0.8 5.000000
 0.9 5.000000
 1.0 5.000000
 1.1 5.000000
 1.2 5.000000
 1.3 4.333333
 1.4 4.333333
 1.5 4.333333
 1.6 4.333333
 1.7 4.333333
 1.8 4.333333
 1.9 4.333333
 2.0 4.333333
 2.1 4.333333
 2.2 4.333333
 2.3 3.333333
 2.4 1.750000
 2.5 1.750000
 2.6 1.750000
 2.7 1.750000
 2.8 0.000000
 2.9 -1.750000
 3.0 -3.214286
 3.1 -4.785714
 3.2 -3.833500
 3.3 -1.933200
 3.4 -0.020750
 3.5 -0.020750
 3.6 0.083000
 3.7 0.259333
 3.8 0.735833
 3.9 0.752500
 4.0 0.752500
 4.1 0.111667
 4.2 0.944500
 4.3 1.102429
 4.4 1.509867
 4.5 1.527444
 4.6 0.999000
 4.7 1.706400
 4.8 3.479125
 4.9 -0.048000
 5.0 -2.001000
 5.1 0.854150
 5.2 0.006500
 5.3 4.676667
 5.4 11.883000
 5.5 21.358625
 5.6 31.376333
 5.7 36.687500

ALA 13
 0.0 5.000000
 0.1 5.000000
 0.2 5.000000
 0.3 5.000000
 0.4 5.000000
 0.5 5.000000
 0.6 5.000000
 0.7 5.000000
 0.8 5.000000
 0.9 5.000000
 1.0 5.000000
 1.1 5.000000
 1.2 5.000000
 1.3 4.333333
 1.4 4.333333
 1.5 4.333333
 1.6 4.333333
 1.7 4.333333
 1.8 4.333333
 1.9 4.333333
 2.0 4.333333
 2.1 4.333333
 2.2 4.333333
 2.3 3.333333
 2.4 1.750000
 2.5 1.750000
 2.6 1.750000
 2.7 1.750000
 2.8 -0.166667
 2.9 -1.500000
 3.0 -3.214286
 3.1 -4.714286
 3.2 -4.000250
 3.3 -1.966600
 3.4 -0.250000
 3.5 -0.250000
 3.6 0.166500
 3.7 0.148444
 3.8 0.749667
 3.9 0.805500
 4.0 0.805500
 4.1 -0.054333
 4.2 0.903000
 4.3 1.007143
 4.4 1.496467
 4.5 1.434778
 4.6 0.999000
 4.7 1.506200
 4.8 3.449875
 4.9 -0.042444
 5.0 -2.001000
 5.1 0.828300
 5.2 0.000125
 5.3 4.680833
 5.4 11.933500
 5.5 21.364875
 5.6 31.152222
 5.7 36.238000

ALA 14
 0.0 5.000000
 0.1 5.000000
 0.2 5.000000
 0.3 5.000000
 0.4 5.000000
 0.5 5.000000
 0.6 5.000000
 0.7 5.000000
 0.8 5.000000
 0.9 5.000000
 1.0 5.000000
 1.1 5.000000
 1.2 5.000000
 1.3 4.500000
 1.4 4.500000
 1.5 4.500000
 1.6 4.500000
 1.7 4.500000
 1.8 4.500000
 1.9 4.500000
 2.0 4.500000
 2.1 4.500000
 2.2 4.500000
 2.3 3.500000
 2.4 1.875000
 2.5 1.875000
 2.6 1.875000
 2.7 1.875000
 2.8 -0.166667
 2.9 -1.750000
 3.0 -3.285714
 3.1 -4.762000
 3.2 -4.041750
 3.3 -2.000000
 3.4 -0.041750
 3.5 -0.041750
 3.6 -0.166500
 3.7 0.166889
 3.8 0.833000
 3.9 1.035667
 4.0 1.035667
 4.1 -0.054333
 4.2 0.847333
 4.3 1.121429
 4.4 1.463200
 4.5 1.564444
 4.6 0.999000
 4.7 1.593000
 4.8 3.402125
 4.9 -0.162889
 5.0 -2.001000
 5.1 0.836500
 5.2 -0.003875
 5.3 4.483583
 5.4 11.608000
 5.5 21.377500
 5.6 31.004000
 5.7 36.775000

ALA 15
 0.0 5.000000
 0.1 5.000000
 0.2 5.000000
 0.3 5.000000
 0.4 5.000000
 0.5 5.000000
 0.6 5.000000
 0.7 5.000000
 0.8 5.000000
 0.9 5.000000
 1.0 5.000000
 1.1 5.000000
 1.2 5.000000
 1.3 4.500000
 1.4 4.500000
 1.5 4.500000
 1.6 4.500000
 1.7 4.500000
 1.8 4.500000
 1.9 4.500000
 2.0 4.500000
 2.1 4.500000
 2.2 4.500000
 2.3 3.500000
 2.4 2.000000
 2.5 2.000000
 2.6 2.000000
 2.7 2.000000
 2.8 -0.083333
 2.9 -2.000000
 3.0 -3.357143
 3.1 -4.666714
 3.2 -4.166500
 3.3 -1.933200
 3.4 -0.250000
 3.5 -0.250000
 3.6 0.166500
 3.7 0.222333
 3.8 0.833000
 3.9 1.080500
 4.0 1.080500
 4.1 0.056333
 4.2 0.889000
 4.3 1.014286
 4.4 1.518733
 4.5 1.488778
 4.6 0.999000
 4.7 1.589600
 4.8 3.466750
 4.9 -0.092556
 5.0 -2.001000
 5.1 0.898200
 5.2 -0.003875
 5.3 4.637750
 5.4 12.258000
 5.5 21.473375
 5.6 31.135444
 5.7 36.254500

ALA 16
 0.0 5.000000
 0.1 5.000000
 0.2 5.000000
 0.3 5.000000
 0.4 5.000000
 0.5 5.000000
 0.6 5.000000
 0.7 5.000000
 0.8 5.000000
 0.9 5.000000
 1.0 5.000000
 1.1 5.000000
 1.2 5.000000
 1.3 4.333333
 1.4 4.333333
 1.5 4.333333
 1.6 4.333333
 1.7 4.333333
 1.8 4.333333
 1.9 4.333333
 2.0 4.333333
 2.1 4.333333
 2.2 4.333333
 2.3 3.166667
 2.4 1.875000
 2.5 1.875000
 2.6 1.875000
 2.7 1.875000
 2.8 -0.166667
 2.9 -1.750000
 3.0 -3.214286
 3.1 -4.714286
 3.2 -3.958250
 3.3 -2.066800
 3.4 0.000000
 3.5 0.000000
 3.6 -0.083000
 3.7 0.148333
 3.8 0.819167
 3.9 0.966333
 4.0 0.966333
 4.1 -0.054333
 4.2 0.944500
 4.3 1.140571
 4.4 1.463200
 4.5 1.399556
 4.6 0.999000
 4.7 1.709600
 4.8 3.279000
 4.9 -0.185111
 5.0 -2.001000
 5.1 0.890750
 5.2 0.012750
 5.3 4.640500
 5.4 12.516500
 5.5 21.239875
 5.6 30.992889
 5.7 36.487500

ALA 17
 0.0 5.000000
 0.1 5.000000
 0.2 5.000000
 0.3 5.000000
 0.4 5.000000
 0.5 5.000000
 0.6 5.000000
 0.7 5.000000
 0.8 5.000000
 0.9 5.000000
 1.0 5.000000
 1.1 5.000000
 1.2 5.000000
 1.3 4.333333
 1.4 4.333333
 1.5 4.333333
 1.6 4.333333
 1.7 4.333333
 1.8 4.333333
 1.9 4.333333
 2.0 4.333333
 2.1 4.333333
 2.2 4.333333
 2.3 3.166667
 2.4 1.625000
 2.5 1.625000
 2.6 1.625000
 2.7 1.625000
 2.8 -0.166667
 2.9 -1.500000
 3.0 -3.285714
 3.1 -4.738143
 3.2 -3.708250
 3.3 -1.966600
 3.4 -0.312500
 3.5 -0.312500
 3.6 -0.083500
 3.7 0.102111
 3.8 0.819167
 3.9 0.925000
 4.0 0.925000
 4.1 0.001000
 4.2 0.944500
 4.3 1.033286
 4.4 1.514400
 4.5 1.488778
 4.6 0.999000
 4.7 1.793000
 4.8 3.320750
 4.9 -0.300000
 5.0 -2.001000
 5.1 1.072350
 5.2 -0.010375
 5.3 4.725417
 5.4 12.900000
 5.5 21.529375
 5.6 31.103889
 5.7 36.558500

ALA 18
 0.0 5.000000
 0.1 5.000000
 0.2 5.000000
 0.3 5.000000
 0.4 5.000000
 0.5 5.000000
 0.6 5.000000
 0.7 5.000000
 0.8 5.000000
 0.9 5.000000
 1.0 5.000000
 1.1 5.000000
 1.2 5.000000
 1.3 4.166667
 1.4 4.166667
 1.5 4.166667
 1.6 4.166667
 1.7 4.166667
 1.8 4.166667
 1.9 4.166667
 2.0 4.166667
 2.1 4.166667
 2.2 4.166667
 2.3 3.166667
 2.4 1.500000
 2.5 1.500000
 2.6 1.500000
 2.7 1.500000
 2.8 -0.166667
 2.9 -1.500000
 3.0 -3.285714
 3.1 -4.738143
 3.2 -3.583500
 3.3 -1.966600
 3.4 -0.166500
 3.5 -0.166500
 3.6 0.166500
 3.7 0.213111
 3.8 0.833167
 3.9 0.994000
 4.0 0.994000
 4.1 0.056333
 4.2 0.889000
 4.3 1.040571
 4.4 1.466600
 4.5 1.442222
 4.6 0.999000
 4.7 1.606400
 4.8 3.179125
 4.9 -0.222222
 5.0 -2.001000
 5.1 0.948150
 5.2 0.000375
 5.3 4.943250
 5.4 12.775000
 5.5 21.567000
 5.6 31.159222
 5.7 36.700000

ALA 19
 0.0 5.000000
 0.1 5.000000
 0.2 5.000000
 0.3 5.000000
 0.4 5.000000
 0.5 5.000000
 0.6 5.000000
 0.7 5.000000
 0.8 5.000000
 0.9 5.000000
 1.0 5.000000
 1.1 5.000000
 1.2 5.000000
 1.3 4.166667
 1.4 4.166667
 1.5 4.166667
 1.6 4.166667
 1.7 4.166667
 1.8 4.166667
 1.9 4.166667
 2.0 4.166667
 2.1 4.166667
 2.2 4.166667
 2.3 3.166667
 2.4 1.625000
 2.5 1.625000
 2.6 1.625000
 2.7 1.625000
 2.8 -0.083333
 2.9 -1.500000
 3.0 -3.214286
 3.1 -4.785714
 3.2 -3.792000
 3.3 -2.000000
 3.4 -0.562500
 3.5 -0.562500
 3.6 -0.166500
 3.7 0.240778
 3.8 0.833167
 3.9 0.972167
 4.0 0.972167
 4.1 -0.054333
 4.2 0.861167
 4.3 0.914429
 4.4 1.476533
 4.5 1.481000
 4.6 0.999000
 4.7 1.603000
 4.8 3.481250
 4.9 -0.148222
 5.0 -2.001000
 5.1 0.993250
 5.2 -0.005875
 5.3 4.697583
 5.4 13.075000
 5.5 21.696125
 5.6 31.094778
 5.7 36.771000

ALA 20
 0.0 5.000000
 0.1 5.000000
 0.2 5.000000
 0.3 5.000000
 0.4 5.000000
 0.5 5.000000
 0.6 5.000000
 0.7 5.000000
 0.8 5.000000
 0.9 5.000000
 1.0 5.000000
 1.1 5.000000
 1.2 5.000000
 1.3 4.333333
 1.4 4.333333
 1.5 4.333333
 1.6 4.333333
 1.7 4.333333
 1.8 4.333333
 1.9 4.333333
 2.0 4.333333
 2.1 4.333333
 2.2 4.333333
 2.3 3.333333
 2.4 1.875000
 2.5 1.875000
 2.6 1.875000
 2.7 1.875000
 2.8 0.000000
 2.9 -1.750000
 3.0 -3.285714
 3.1 -4.642857
 3.2 -4.041750
 3.3 -2.000000
 3.4 -0.250000
 3.5 -0.250000
 3.6 0.166500
 3.7 0.231444
 3.8 0.847000
 3.9 0.844167
 4.0 0.844167
 4.1 0.001000
 4.2 0.972167
 4.3 1.009714
 4.4 1.505400
 4.5 1.431222
 4.6 0.999000
 4.7 1.703200
 4.8 3.437625
 4.9 -0.224000
 5.0 -2.001000
 5.1 1.079050
 5.2 0.004500
 5.3 4.726583
 5.4 12.199500
 5.5 21.615125
 5.6 31.402111
 5.7 36.987500

ALA 21
 0.0 5.000000
 0.1 5.000000
 0.2 5.000000
 0.3 5.000000
 0.4 5.000000
 0.5 5.000000
 0.6 5.000000
 0.7 5.000000
 0.8 5.000000
 0.9 5.000000
 1.0 5.000000
 1.1 5.000000
 1.2 5.000000
 1.3 4.333333
 1.4 4.333333
 1.5 4.333333
 1.6 4.333333
 1.7 4.333333
 1.8 4.333333
 1.9 4.333333
 2.0 4.333333
 2.1 4.333333
 2.2 4.333333
 2.3 3.333333
 2.4 1.875000
 2.5 1.875000
 2.6 1.875000
 2.7 1.875000
 2.8 -0.083333
 2.9 -2.000000
 3.0 -3.357143
 3.1 -4.714286
 3.2 -4.166500
 3.3 -2.066800
 3.4 -0.229000
 3.5 -0.229000
 3.6 0.000000
 3.7 0.194556
 3.8 0.847000
 3.9 1.055333
 4.0 1.055333
 4.1 0.056333
 4.2 0.972333
 4.3 1.057286
 4.4 1.523200
 4.5 1.392222
 4.6 0.999000
 4.7 1.603000
 4.8 3.535375
 4.9 -0.177667
 5.0 -2.001000
 5.1 1.069050
 5.2 0.000250
 5.3 4.758667
 5.4 13.017000
 5.5 21.477500
 5.6 31.318778
 5.7 36.467000

ALA 22
 0.0 5.000000
 0.1 5.000000
 0.2 5.000000
 0.3 5.000000
 0.4 5.000000
 0.5 5.000000
 0.6 5.000000
 0.7 5.000000
 0.8 5.000000
 0.9 5.000000
 1.0 5.000000
 1.1 5.000000
 1.2 5.000000
 1.3 4.500000
 1.4 4.500000
 1.5 4.500000
 1.6 4.500000
 1.7 4.500000
 1.8 4.500000
 1.9 4.500000
 2.0 4.500000
 2.1 4.500000
 2.2 4.500000
 2.3 3.333333
 2.4 1.750000
 2.5 1.750000
 2.6 1.750000
 2.7 1.750000
 2.8 -0.083333
 2.9 -1.750000
 3.0 -3.285714
 3.1 -4.761857
 3.2 -4.041750
 3.3 -2.000000
 3.4 -0.291750
 3.5 -0.291750
 3.6 -0.166500
 3.7 0.139111
 3.8 0.735833
 3.9 0.944333
 4.0 0.944333
 4.1 0.001000
 4.2 0.861333
 4.3 1.074000
 4.4 1.533267
 4.5 1.488778
 4.6 0.999000
 4.7 1.586200
 4.8 3.381250
 4.9 -0.131222
 5.0 -2.001000
 5.1 1.452250
 5.2 1.283500
 5.3 6.170917
 5.4 15.825000
 5.5 26.608625
 5.6 38.281778
 5.7 44.187500

ALA 23
 0.0 5.000000
 0.1 5.000000
 0.2 5.000000
 0.3 5.000000
 0.4 5.000000
 0.5 5.000000
 0.6 5.000000
 0.7 5.000000
 0.8 5.000000
 0.9 5.000000
 1.0 5.000000
 1.1 5.000000
 1.2 5.000000
 1.3 4.500000
 1.4 4.500000
 1.5 4.500000
 1.6 4.500000
 1.7 4.500000
 1.8 4.500000
 1.9 4.500000
 2.0 4.500000
 2.1 4.500000
 2.2 4.500000
 2.3 3.333333
 2.4 1.750000
 2.5 1.750000
 2.6 1.750000
 2.7 1.750000
 2.8 0.000000
 2.9 -1.500000
 3.0 -3.142857
 3.1 -4.809429
 3.2 -4.333500
 3.3 -2.333400
 3.4 -0.895250
 3.5 -0.895250
 3.6 -0.666500
 3.7 -0.758889
 3.8 -0.430667
 3.9 -0.197333
 4.0 -0.197333
 4.1 -0.404333
 4.2 0.011000
 4.3 0.469000
 4.4 0.268000
 4.5 -0.340889
 4.6 -1.501000
 4.7 -1.216800
 4.8 0.210375
 4.9 -2.716444
 5.0 -4.084000
 5.1 -1.342700
 5.2 -0.773000
 5.3 2.866833
 5.4 9.158500
 5.5 14.958375
 5.6 22.272444
 5.7 25.429500

ALA 24
 0.0 5.000000
 0.1 5.000000
 0.2 5.000000
 0.3 5.000000
 0.4 5.000000
 0.5 5.000000
 0.6 5.000000
 0.7 5.000000
 0.8 5.000000
 0.9 5.000000
 1.0 5.000000
 1.1 5.000000
 1.2 5.000000
 1.3 4.333333
 1.4 4.333333
 1.5 4.333333
 1.6 4.333333
 1.7 4.333333
 1.8 4.333333
 1.9 4.333333
 2.0 4.333333
 2.1 4.333333
 2.2 4.333333
 2.3 3.333333
 2.4 1.875000
 2.5 1.875000
 2.6 1.875000
 2.7 1.875000
 2.8 0.000000
 2.9 -1.500000
 3.0 -3.071429
 3.1 -4.166571
 3.2 -3.708500
 3.3 -1.966600
 3.4 0.000250
 3.5 0.000250
 3.6 0.750000
 3.7 0.907444
 3.8 1.431000
 3.9 1.297167
 4.0 1.297167
 4.1 0.439333
 4.2 1.216500
 4.3 2.169000
 4.4 2.557733
 4.5 1.987111
 4.6 1.416000
 4.7 1.613000
 4.8 1.637250
 4.9 -1.038778
 5.0 -2.000000
 5.1 -0.093800
 5.2 0.215000
 5.3 2.901500
 5.4 7.283000
 5.5 11.268750
 5.6 16.943000
 5.7 19.657500

ALA 25
 0.0 5.000000
 0.1 5.000000
 0.2 5.000000
 0.3 5.000000
 0.4 5.000000
 0.5 5.000000
 0.6 5.000000
 0.7 5.000000
 0.8 5.000000
 0.9 5.000000
 1.0 5.000000
 1.1 5.000000
 1.2 5.000000
 1.3 4.333333
 1.4 4.333333
 1.5 4.333333
 1.6 4.333333
 1.7 4.333333
 1.8 4.333333
 1.9 4.333333
 2.0 4.333333
 2.1 4.333333
 2.2 4.333333
 2.3 3.166667
 2.4 2.000000
 2.5 2.000000
 2.6 2.000000
 2.7 2.000000
 2.8 0.000000
 2.9 -1.500000
 3.0 -3.071429
 3.1 -4.142857
 3.2 -4.000000
 3.3 -3.300000
 3.4 -2.166250
 3.5 -2.166250
 3.6 -1.666500
 3.7 -2.129111
 3.8 -1.666667
 3.9 -1.175500
 4.0 -1.175500
 4.1 -1.354333
 4.2 -1.021667
 4.3 -0.595143
 4.4 -0.565400
 4.5 -0.787444
 4.6 -1.166000
 4.7 -0.989800
 4.8 -0.522875
 4.9 -1.614778
 5.0 -2.166000
 5.1 -0.908400
 5.2 -0.721250
 5.3 0.830583
 5.4 3.651000
 5.5 6.381125
 5.6 10.114444
 5.7 11.820500

ALA 26
 0.0 6.000000
 0.1 6.000000
 0.2 6.000000
 0.3 6.000000
 0.4 6.000000
 0.5 6.000000
 0.6 6.000000
 0.7 6.000000
 0.8 6.000000
 0.9 6.000000
 1.0 6.000000
 1.1 6.000000
 1.2 6.000000
 1.3 5.666667
 1.4 5.666667
 1.5 5.666667
 1.6 5.666667
 1.7 5.666667
 1.8 5.666667
 1.9 5.666667
 2.0 5.666667
 2.1 5.666667
 2.2 5.666667
 2.3 5.000000
 2.4 4.500000
 2.5 4.500000
 2.6 4.500000
 2.7 4.500000
 2.8 3.500000
 2.9 2.750000
 3.0 1.857143
 3.1 0.547571
 3.2 -0.083750
 3.3 0.366800
 3.4 0.854000
 3.5 0.854000
 3.6 0.917000
 3.7 0.435222
 3.8 0.764167
 3.9 1.002667
 4.0 1.002667
 4.1 0.766000
 4.2 1.043500
 4.3 1.120714
 4.4 0.972000
 4.5 0.611333
 4.6 0.083000
 4.7 0.170200
 4.8 0.402375
 4.9 -0.529000
 5.0 -0.916000
 5.1 -0.320500
 5.2 0.158250
 5.3 0.806833
 5.4 1.850000
 5.5 2.824750
 5.6 4.226778
 5.7 4.933500

