ATOMS
N -12.238 -11.650 -11.484
CA -10.789 -11.650 -11.484
C -10.265 -10.221 -11.484
O -9.373 -9.885 -10.709
CB -10.227 -12.352 -12.716
HA -10.433 -12.160 -10.589
H1 -12.575 -11.179 -10.657
H2 -12.574 -12.602 -11.489
H3 -12.575 -11.169 -12.306
HB1 -10.586 -13.381 -12.744
HB2 -9.138 -12.348 -12.671
HB3 -10.555 -11.828 -13.614

N -10.825 -9.380 -12.357
CA -10.414 -7.994 -12.455
C -10.569 -7.306 -11.106
O -9.662 -6.610 -10.656
CB -11.261 -7.241 -13.476
H -11.556 -9.720 -12.966
HA -9.368 -7.952 -12.759
HB1 -10.931 -6.204 -13.529
HB2 -12.308 -7.274 -13.174
HB3 -11.150 -7.708 -14.455

N -11.721 -7.504 -10.463
CA -11.990 -6.905 -9.171
C -10.917 -7.313 -8.172
O -10.386 -6.471 -7.451
CB -13.344 -7.351 -8.629
H -12.426 -8.088 -10.889
HA -11.987 -5.820 -9.274
HB1 -13.519 -6.886 -7.659
HB2 -13.352 -8.435 -8.518
HB3 -14.130 -7.051 -9.322

N -10.599 -8.609 -8.132
CA -9.593 -9.123 -7.224
C -8.269 -8.409 -7.452
O -7.622 -7.979 -6.500
CB -9.376 -10.617 -7.435
H -11.073 -9.250 -8.752
HA -9.918 -8.952 -6.198
HB1 -8.616 -10.976 -6.741
HB2 -9.046 -10.795 -8.458
HB3 -10.311 -11.149 -7.257

N -7.867 -8.285 -8.720
CA -6.625 -7.626 -9.068
C -6.614 -6.206 -8.521
O -5.632 -5.778 -7.920
CB -6.445 -7.559 -10.581
H -8.446 -8.662 -9.457
HA -5.793 -8.181 -8.634
HB1 -5.505 -7.059 -10.814
HB2 -7.271 -7.000 -11.021
HB3 -6.431 -8.569 -10.990

N -7.712 -5.477 -8.732
CA -7.826 -4.111 -8.261
C -7.612 -4.057 -6.755
O -6.862 -3.217 -6.263
CB -9.205 -3.537 -8.569
H -8.485 -5.889 -9.234
HA -7.068 -3.500 -8.751
HB1 -9.262 -2.511 -8.204
HB2 -9.371 -3.549 -9.646
HB3 -9.968 -4.140 -8.077

N -8.274 -4.958 -6.024
CA -8.154 -5.010 -4.581
C -6.696 -5.189 -4.184
O -6.201 -4.489 -3.303
CB -8.954 -6.174 -4.006
H -8.875 -5.622 -6.491
HA -8.527 -4.077 -4.158
HB1 -8.846 -6.189 -2.921
HB2 -10.006 -6.054 -4.265
HB3 -8.582 -7.111 -4.421

N -6.010 -6.130 -4.836
CA -4.615 -6.398 -4.550
C -3.792 -5.129 -4.726
O -2.976 -4.793 -3.871
CB -4.057 -7.465 -5.485
H -6.477 -6.671 -5.550
HA -4.522 -6.743 -3.520
HB1 -3.009 -7.645 -5.247
HB2 -4.622 -8.389 -5.360
HB3 -4.142 -7.124 -6.517

N -4.009 -4.426 -5.840
CA -3.290 -3.201 -6.125
C -3.491 -2.202 -4.995
O -2.531 -1.600 -4.519
CB -3.781 -2.564 -7.421
H -4.694 -4.758 -6.503
HA -2.227 -3.425 -6.218
HB1 -3.224 -1.646 -7.609
HB2 -3.628 -3.258 -8.247
HB3 -4.842 -2.333 -7.333

N -4.743 -2.028 -4.566
CA -5.064 -1.106 -3.496
C -4.275 -1.461 -2.244
O -3.686 -0.587 -1.611
CB -6.550 -1.156 -3.156
H -5.488 -2.554 -5.000
HA -4.803 -0.094 -3.807
HB1 -6.763 -0.454 -2.350
HB2 -6.816 -2.164 -2.839
HB3 -7.133 -0.886 -4.036

N -4.265 -2.747 -1.888
CA -3.550 -3.213 -0.717
C -2.080 -2.829 -0.814
O -1.506 -2.315 0.144
CB -3.641 -4.729 -0.584
H -4.771 -3.415 -2.451
HA -3.981 -2.751 0.171
HB1 -3.095 -5.050 0.303
HB2 -4.687 -5.023 -0.494
HB3 -3.207 -5.198 -1.467

N -1.473 -3.080 -1.976
CA -0.076 -2.761 -2.195
C 0.167 -1.280 -1.946
O 1.117 -0.913 -1.258
CB 0.343 -3.082 -3.626
H -2.002 -3.504 -2.724
HA 0.535 -3.343 -1.505
HB1 1.395 -2.833 -3.762
HB2 -0.261 -2.498 -4.321
HB3 0.194 -4.144 -3.819

N -0.695 -0.429 -2.508
CA -0.571 1.005 -2.346
C -0.582 1.368 -0.868
O 0.252 2.146 -0.412
CB -1.723 1.736 -3.028
H -1.456 -0.796 -3.062
HA 0.370 1.333 -2.787
HB1 -1.604 2.811 -2.890
HB2 -1.721 1.504 -4.093
HB3 -2.668 1.416 -2.588

N -1.532 0.800 -0.121
CA -1.649 1.064 1.299
C -0.346 0.717 2.005
O 0.153 1.499 2.811
CB -2.767 0.235 1.922
H -2.188 0.168 -0.558
HA -1.864 2.122 1.448
HB1 -2.832 0.454 2.988
HB2 -2.555 -0.825 1.781
HB3 -3.714 0.483 1.442

N 0.204 -0.461 1.698
CA 1.444 -0.907 2.302
C 2.546 0.111 2.046
O 3.277 0.481 2.963
CB 1.885 -2.247 1.723
H -0.257 -1.058 1.026
HA 1.299 -1.013 3.377
HB1 2.818 -2.558 2.194
HB2 1.116 -2.995 1.913
HB3 2.037 -2.146 0.648

N 2.664 0.563 0.795
CA 3.674 1.534 0.424
C 3.531 2.788 1.274
O 4.517 3.297 1.802
CB 3.540 1.931 -1.043
H 2.031 0.218 0.087
HA 4.661 1.102 0.588
HB1 4.310 2.660 -1.294
HB2 3.658 1.048 -1.670
HB3 2.556 2.368 -1.213

N 2.299 3.285 1.404
CA 2.032 4.475 2.188
C 2.522 4.282 3.616
O 3.187 5.155 4.168
CB 0.538 4.780 2.230
H 1.531 2.819 0.943
HA 2.556 5.321 1.742
HB1 0.366 5.677 2.825
HB2 0.008 3.940 2.679
HB3 0.171 4.940 1.216

N 2.190 3.134 4.211
CA 2.596 2.831 5.569
C 4.111 2.903 5.690
O 4.632 3.510 6.623
CB 2.149 1.431 5.976
H 1.640 2.458 3.701
HA 2.149 3.559 6.246
HB1 2.467 1.231 6.999
HB2 2.598 0.698 5.306
HB3 1.063 1.364 5.913

N 4.817 2.281 4.744
CA 6.266 2.276 4.747
C 6.794 3.704 4.744
O 7.685 4.039 5.521
CB 6.816 1.559 3.519
H 4.327 1.799 4.004
HA 6.619 1.768 5.644
HB1 7.906 1.571 3.548
HB2 6.471 2.066 2.618
HB3 6.464 0.527 3.513

N 6.239 4.544 3.867
CA 6.654 5.929 3.766
C 6.498 6.621 5.112
O 7.406 7.316 5.563
CB 5.812 6.680 2.740
H 5.509 4.205 3.257
HA 7.701 5.967 3.465
HB1 6.145 7.716 2.685
HB2 4.764 6.651 3.039
HB3 5.925 6.210 1.763

N 5.343 6.429 5.754
CA 5.073 7.033 7.043
C 6.143 6.625 8.046
O 6.674 7.467 8.766
CB 3.717 6.592 7.582
H 4.637 5.846 5.329
HA 5.079 8.118 6.937
HB1 3.541 7.060 8.550
HB2 3.707 5.508 7.696
HB3 2.934 6.892 6.885

N 6.456 5.328 8.091
CA 7.458 4.814 9.003
C 8.785 5.523 8.776
O 9.431 5.954 9.728
CB 7.672 3.318 8.797
H 5.981 4.687 7.472
HA 7.131 4.990 10.028
HB1 8.429 2.959 9.494
HB2 6.735 2.789 8.974
HB3 8.004 3.136 7.775

N 9.191 5.641 7.509
CA 10.436 6.295 7.162
C 10.449 7.717 7.704
O 11.432 8.144 8.307
CB 10.620 6.357 5.649
H 8.613 5.263 6.772
HA 11.265 5.739 7.600
HB1 11.563 6.853 5.417
HB2 10.632 5.346 5.243
HB3 9.796 6.916 5.205

N 9.354 8.449 7.488
CA 9.243 9.817 7.955
C 9.454 9.875 9.461
O 10.205 10.714 9.952
CB 7.867 10.394 7.641
H 8.581 8.038 6.985
HA 10.004 10.424 7.465
HB1 7.812 11.421 8.002
HB2 7.704 10.379 6.563
HB3 7.101 9.794 8.132

N 8.787 8.979 10.193
CA 8.903 8.930 11.636
C 10.359 8.748 12.038
O 10.854 9.449 12.918
CB 8.098 7.771 12.213
H 8.184 8.316 9.727
HA 8.532 9.865 12.055
HB1 8.204 7.759 13.298
HB2 8.468 6.832 11.802
HB3 7.047 7.893 11.952

N 11.045 7.803 11.391
CA 12.438 7.532 11.681
C 13.265 8.797 11.503
O 14.061 9.075 12.397
OXT 13.076 9.448 10.477
CB 12.995 6.460 10.751
H 10.579 7.261 10.678
HA 12.527 7.190 12.712
HB1 12.415 5.544 10.863
HB2 12.931 6.806 9.719
HB3 14.037 6.264 11.005

EDGES
1 13 2.812756
1 14 4.199542
1 15 4.668916
1 17 4.935775
1 18 2.527122
1 19 4.851570
1 21 4.691522
1 22 5.054696
1 23 4.301052
1 28 3.616243
1 31 4.513799
1 33 4.813513
1 37 5.064833
1 38 3.818514
1 41 4.480688
1 42 4.672457
2 13 2.432350
2 14 3.801290
2 15 4.365962
2 17 4.861083
2 18 2.551375
2 19 4.161739
2 21 4.930805
2 22 4.949397
2 23 4.370398
2 28 3.965052
2 31 5.069749
2 33 4.529866
2 34 5.095463
2 37 4.411129
2 38 3.647531
2 41 3.595240
2 42 4.283341
2 48 4.304245
3 13 1.335294
3 14 2.434044
3 15 2.955085
3 16 3.753467
3 17 3.720280
3 18 2.028301
3 19 2.752925
3 20 4.556520
3 21 3.964184
3 22 3.990643
3 23 3.247224
3 24 4.395617
3 25 4.455436
3 27 5.086076
3 28 3.094129
3 31 4.638590
3 33 3.734435
3 34 4.450257
3 35 4.850194
3 37 4.164317
3 38 3.009905
3 40 5.077920
3 41 3.312418
3 42 4.327913
3 43 4.139830
3 44 5.081405
3 47 4.742790
3 48 3.138148
3 51 4.421905
3 52 4.203891
3 58 5.195876
4 13 2.253715
4 14 2.776343
4 15 2.870412
4 16 3.288154
4 17 4.267501
4 18 3.144322
4 19 2.817626
4 20 4.891781
4 21 4.637647
4 22 4.682902
4 23 3.353026
4 24 4.253767
4 25 3.928802
4 26 4.826606
4 27 5.149407
4 28 3.547170
4 29 5.041473
4 31 4.768168
4 33 3.126049
4 34 3.574111
4 35 3.742384
4 36 4.941105
4 37 3.354834
4 38 2.668909
4 39 4.638603
4 40 4.184299
4 41 2.449904
4 42 3.793922
4 43 2.963808
4 44 3.917584
4 45 5.092589
4 47 3.741637
4 48 1.980546
4 49 4.475002
4 50 4.791526
4 51 3.583151
4 52 3.235148
4 53 5.108612
4 58 4.351113
5 13 3.052748
5 14 4.369812
5 18 2.959082
5 19 4.483272
5 22 5.044084
5 28 5.133734
5 38 5.104059
5 41 4.685037
6 13 3.317814
6 14 4.564852
6 15 4.883349
6 18 3.586761
6 19 4.852874
6 23 4.832510
6 28 4.543482
6 31 5.165775
6 33 4.321343
6 34 4.610010
6 37 3.666853
6 38 3.500324
6 40 4.417063
6 41 2.885854
6 42 3.484140
6 43 5.009306
6 48 4.179186
7 13 3.031320
7 14 4.248170
7 15 4.384720
7 17 5.018087
7 18 2.915223
7 19 5.011665
7 21 4.653558
7 23 3.777906
7 24 4.562620
7 25 4.885708
7 27 4.399742
7 28 3.103273
7 31 3.564910
7 32 4.608756
7 33 4.109148
7 34 4.990486
7 37 4.575011
7 38 3.099366
7 41 4.175751
7 42 4.084923
7 48 4.982362
8 13 3.767454
8 14 5.180002
8 18 3.394669
8 28 4.556106
8 31 5.176487
8 38 4.580401
8 41 4.989889
8 42 5.014200
9 13 2.503122
9 14 3.843533
9 15 4.515175
9 17 4.304031
9 18 1.890387
9 19 4.564991
9 21 3.999467
9 22 4.315941
9 23 4.190249
9 28 3.394503
9 31 4.735761
9 38 4.309232
10 13 4.026772
10 18 3.793825
11 13 3.428351
11 14 4.542262
11 18 3.583313
11 19 4.402892
11 41 4.491062
11 48 4.939155
11 52 4.943122
12 13 2.765077
12 14 4.007832
12 15 5.170952
12 17 4.643065
12 18 2.421894
12 19 4.142870
12 21 4.899543
12 22 4.246847
12 28 4.991379
13 23 2.812371
13 24 4.199220
13 25 4.668531
13 27 4.935604
13 28 2.527348
13 29 4.850643
13 31 4.692193
13 32 5.055541
13 33 4.300714
13 38 3.615858
13 41 4.513232
13 43 4.814204
13 47 5.065039
13 48 3.819053
13 51 4.481095
13 52 4.672649
14 23 2.432368
14 24 3.801888
14 25 4.365874
14 27 4.861751
14 28 2.551340
14 29 4.161654
14 31 4.932169
14 32 4.951120
14 33 4.370444
14 38 3.965353
14 41 5.068830
14 43 4.530134
14 44 5.095460
14 47 4.410676
14 48 3.647911
14 51 3.594835
14 52 4.282656
14 58 4.304289
15 23 1.334075
15 24 2.433982
15 25 2.954574
15 26 3.753630
15 27 3.719970
15 28 2.026589
15 29 2.752298
15 30 4.556392
15 31 3.964527
15 32 3.991040
15 33 3.247058
15 34 4.395906
15 35 4.456268
15 37 5.085490
15 38 3.094264
15 41 4.637300
15 43 3.735270
15 44 4.450953
15 45 4.851211
15 47 4.164974
15 48 3.010825
15 50 5.078422
15 51 3.313256
15 52 4.328010
15 53 4.140479
15 54 5.081939
15 57 4.743651
15 58 3.139320
15 61 4.204980
15 62 4.422623
15 68 5.196510
16 23 2.252990
16 24 2.777019
16 25 2.870451
16 26 3.288696
16 27 4.267896
16 28 3.143003
16 29 2.817738
16 30 4.892304
16 31 4.638725
16 32 4.683702
16 33 3.353289
16 34 4.254240
16 35 3.929690
16 36 4.827846
16 37 5.149047
16 38 3.547638
16 39 5.042248
16 41 4.767063
16 43 3.126619
16 44 3.574545
16 45 3.743227
16 46 4.941540
16 47 3.354894
16 48 2.669637
16 49 4.639578
16 50 4.184162
16 51 2.449940
16 52 3.793231
16 53 2.964450
16 54 3.918153
16 55 5.092947
16 57 3.742692
16 58 1.981730
16 59 4.475484
16 60 4.793131
16 61 3.236434
16 62 3.584101
16 63 5.109899
16 68 4.352326
17 23 3.059238
17 24 4.379197
17 28 2.960946
17 29 4.494788
17 32 5.052027
17 38 5.136886
17 48 5.108407
17 51 4.690971
18 23 3.347072
18 24 4.744956
18 28 2.781052
18 31 4.966039
18 32 5.198824
18 33 5.051507
18 38 4.267550
18 48 4.806719
19 23 3.317971
19 24 4.565615
19 25 4.883471
19 28 3.587027
19 29 4.852815
19 33 4.832819
19 38 4.543994
19 41 5.165746
19 43 4.321737
19 44 4.610185
19 47 3.666342
19 48 3.501055
19 50 4.416248
19 51 2.885196
19 52 3.483679
19 53 5.008462
19 58 4.178670
20 23 3.422639
20 24 4.539278
20 28 3.571286
20 29 4.400865
20 51 4.507691
20 58 4.952693
20 61 4.955836
21 23 2.783342
21 24 4.032529
21 25 5.191956
21 27 4.662215
21 28 2.428527
21 29 4.174585
21 31 4.910824
21 32 4.267003
21 38 4.998388
22 23 4.037787
22 28 3.806433
23 33 2.813089
23 34 4.200079
23 35 4.669202
23 37 4.935441
23 38 2.529020
23 39 4.851571
23 41 4.691091
23 42 5.054954
23 43 4.301317
23 48 3.616438
23 51 4.513079
23 53 4.814267
23 57 5.065035
23 58 3.819733
23 61 4.672474
23 62 4.481350
24 33 2.432698
24 34 3.802097
24 35 4.366099
24 37 4.860621
24 38 2.552543
24 39 4.161985
24 41 4.930274
24 42 4.949139
24 43 4.371147
24 48 3.965953
24 51 5.069565
24 53 4.531356
24 54 5.096414
24 57 4.411582
24 58 3.649829
24 61 4.283401
24 62 3.595907
24 68 4.304848
25 33 1.335043
25 34 2.434703
25 35 2.954915
25 36 3.754486
25 37 3.719444
25 38 2.027981
25 39 2.753361
25 40 4.556307
25 41 3.963176
25 42 3.989907
25 43 3.247705
25 44 4.395685
25 45 4.456799
25 47 5.085527
25 48 3.094651
25 51 4.637681
25 53 3.735843
25 54 4.451405
25 55 4.851026
25 57 4.164940
25 58 3.011685
25 60 5.079297
25 61 4.327873
25 62 3.313239
25 63 4.140698
25 64 5.082643
25 67 4.744075
25 68 3.139268
25 71 4.204718
25 72 4.423011
25 78 5.196215
26 33 2.253924
26 34 2.777316
26 35 2.870110
26 36 3.289097
26 37 4.267279
26 38 3.144425
26 39 2.818580
26 40 4.892037
26 41 4.637524
26 42 4.682622
26 43 3.353553
26 44 4.253685
26 45 3.929772
26 46 4.827083
26 47 5.148993
26 48 3.547974
26 49 5.041749
26 51 4.767386
26 53 3.127183
26 54 3.574815
26 55 3.742578
26 56 4.941501
26 57 3.354555
26 58 2.670508
26 59 4.639608
26 60 4.184732
26 61 3.792932
26 62 2.449523
26 63 2.964126
26 64 3.918322
26 65 5.092437
26 67 3.742574
26 68 1.981293
26 69 4.475597
26 70 4.792914
26 71 3.235566
26 72 3.583980
26 73 5.109196
26 78 4.351331
27 33 3.060163
27 34 4.379955
27 38 2.962899
27 39 4.495602
27 42 5.050374
27 48 5.137578
27 58 5.110122
27 62 4.691759
28 33 3.348196
28 34 4.746508
28 38 2.783455
28 41 4.966086
28 42 5.199459
28 43 5.052509
28 48 4.268548
28 58 4.806881
29 33 3.318016
29 34 4.565473
29 35 4.883250
29 38 3.587866
29 39 4.853036
29 43 4.832964
29 48 4.544132
29 51 5.165759
29 53 4.322851
29 54 4.610940
29 57 3.667238
29 58 3.502908
29 60 4.418145
29 61 3.484147
29 62 2.886446
29 63 5.009183
29 68 4.179574
30 33 3.423282
30 34 4.539479
30 38 3.572962
30 39 4.401145
30 62 4.508308
30 68 4.952641
30 71 4.955061
31 33 2.785369
31 34 4.034583
31 35 5.193642
31 37 4.662895
31 38 2.431629
31 39 4.176367
31 41 4.910686
31 42 4.266567
31 48 5.000209
32 33 4.038741
32 38 3.808641
33 43 2.813280
33 44 4.199412
33 45 4.669685
33 47 4.935161
33 48 2.528605
33 49 4.851064
33 51 4.691565
33 52 5.053908
33 53 4.301650
33 58 3.616877
33 62 4.513662
33 63 4.814467
33 67 5.065484
33 68 3.819323
33 71 4.672618
33 72 4.481497
34 43 2.432969
34 44 3.801364
34 45 4.366410
34 47 4.860602
34 48 2.552336
34 49 4.161185
34 51 4.931128
34 52 4.948527
34 53 4.370989
34 58 3.965668
34 62 5.069371
34 63 4.530672
34 64 5.096365
34 67 4.411400
34 68 3.648262
34 71 4.283108
34 72 3.595424
34 78 4.303956
35 43 1.335966
35 44 2.434601
35 45 2.955502
35 46 3.754325
35 47 3.720231
35 48 2.028636
35 49 2.753123
35 50 4.556889
35 51 3.964725
35 52 3.990149
35 53 3.247349
35 54 4.395854
35 55 4.456160
35 57 5.085289
35 58 3.093959
35 62 4.636980
35 63 3.734784
35 64 4.450738
35 65 4.850005
35 67 4.164056
35 68 3.009672
35 70 5.078513
35 71 4.326680
35 72 3.312059
35 73 4.140094
35 74 5.081087
35 77 4.743540
35 78 3.138393
35 81 4.204459
35 82 4.422395
35 88 5.197213
36 43 2.254343
36 44 2.777272
36 45 2.871243
36 46 3.289514
36 47 4.268055
36 48 3.144728
36 49 2.817801
36 50 4.892718
36 51 4.639082
36 52 4.682593
36 53 3.354091
36 54 4.254898
36 55 3.930294
36 56 4.828086
36 57 5.149564
36 58 3.547904
36 59 5.043348
36 62 4.767449
36 63 3.126999
36 64 3.574989
36 65 3.742383
36 66 4.941675
36 67 3.354443
36 68 2.669371
36 69 4.639999
36 70 4.184676
36 71 3.792665
36 72 2.448931
36 73 2.964159
36 74 3.917156
36 75 5.092983
36 77 3.742145
36 78 1.981007
36 79 4.474159
36 80 4.791799
36 81 3.235383
36 82 3.583534
36 83 5.110105
36 88 4.352934
37 43 3.060479
37 44 4.379586
37 48 2.962332
37 49 4.495507
37 52 5.050283
37 58 5.136562
37 68 5.108049
37 72 4.691127
38 43 3.348236
38 44 4.745728
38 48 2.782786
38 51 4.966494
38 52 5.198131
38 53 5.052945
38 58 4.269238
38 68 4.806840
39 43 3.318429
39 44 4.564978
39 45 4.883980
39 48 3.587752
39 49 4.852233
39 53 4.833551
39 58 4.544530
39 62 5.166090
39 63 4.322621
39 64 4.611480
39 67 3.667621
39 68 3.501799
39 70 4.418380
39 71 3.484629
39 72 2.886504
39 73 5.009111
39 78 4.178917
40 43 3.423291
40 44 4.538889
40 48 3.572135
40 49 4.400546
40 72 4.507969
40 78 4.952457
40 81 4.954974
41 43 2.785460
41 44 4.034340
41 45 5.193988
41 47 4.663049
41 48 2.430574
41 49 4.176839
41 51 4.911376
41 52 4.266653
41 58 4.998573
42 43 4.039307
42 48 3.808332
43 53 2.812300
43 54 4.199362
43 55 4.669286
43 57 4.935235
43 58 2.527239
43 59 4.851349
43 61 5.054620
43 62 4.691340
43 63 4.301511
43 68 3.616085
43 72 4.513414
43 73 4.814346
43 77 5.064951
43 78 3.819162
43 81 4.672306
43 82 4.480709
44 53 2.431597
44 54 3.801168
44 55 4.365993
44 57 4.860589
44 58 2.550358
44 59 4.161804
44 61 4.949397
44 62 4.930510
44 63 4.370739
44 68 3.964776
44 72 5.068499
44 73 4.530570
44 74 5.095136
44 77 4.411171
44 78 3.648322
44 81 4.282924
44 82 3.595121
44 88 4.305045
45 53 1.334753
45 54 2.434249
45 55 2.955158
45 56 3.754223
45 57 3.720100
45 58 2.027190
45 59 2.753444
45 60 4.556909
45 61 3.990780
45 62 3.964191
45 63 3.247786
45 64 4.396091
45 65 4.455399
45 67 5.085455
45 68 3.094201
45 72 4.637030
45 73 3.734945
45 74 4.449911
45 75 4.850323
45 77 4.164208
45 78 3.010288
45 80 5.077974
45 81 4.327294
45 82 3.312027
45 83 4.140312
45 84 5.081320
45 87 4.743422
45 88 3.139336
45 91 4.204994
45 92 4.421703
45 98 5.196385
46 53 2.253075
46 54 2.776474
46 55 2.870447
46 56 3.288962
46 57 4.267272
46 58 3.143012
46 59 2.818145
46 60 4.891916
46 61 4.682696
46 62 4.637735
46 63 3.353711
46 64 4.254319
46 65 3.928958
46 66 4.827212
46 67 5.148970
46 68 3.547313
46 69 5.042526
46 72 4.766801
46 73 3.126954
46 74 3.574296
46 75 3.742785
46 76 4.941555
46 77 3.354969
46 78 2.669901
46 79 4.639324
46 80 4.184584
46 81 3.793550
46 82 2.449536
46 83 2.964529
46 84 3.917642
46 85 5.091884
46 87 3.742325
46 88 1.981952
46 89 4.475203
46 90 4.792558
46 91 3.236255
46 92 3.582833
46 93 5.109025
46 98 4.352162
47 53 3.059218
47 54 4.379300
47 58 2.960559
47 59 4.495833
47 61 5.051317
47 68 5.136630
47 78 5.108868
47 82 4.691389
48 53 3.347926
48 54 4.746200
48 58 2.782226
48 61 5.199434
48 62 4.966827
48 63 5.053186
48 68 4.268817
48 78 4.806838
49 53 3.317195
49 54 4.564769
49 55 4.883316
49 58 3.586102
49 59 4.852945
49 63 4.832721
49 68 4.543089
49 72 5.164571
49 73 4.321862
49 74 4.609320
49 77 3.666409
49 78 3.501287
49 80 4.416981
49 81 3.483329
49 82 2.885262
49 83 5.008904
49 88 4.179221
50 53 3.421739
50 54 4.538232
50 58 3.570112
50 59 4.400616
50 82 4.508459
50 88 4.953488
50 91 4.955827
51 53 2.784516
51 54 4.033850
51 55 5.193870
51 57 4.663157
51 58 2.429297
51 59 4.176615
51 61 4.267321
51 62 4.911267
51 68 4.999260
52 53 4.037324
52 58 3.805897
53 63 2.813977
53 64 4.200506
53 65 4.668994
53 67 4.935934
53 68 2.528967
53 69 4.852391
53 71 5.054647
53 72 4.691650
53 73 4.301398
53 78 3.616073
53 82 4.512619
53 83 4.814610
53 87 5.065279
53 88 3.820174
53 91 4.673140
53 92 4.480942
54 63 2.433574
54 64 3.802392
54 65 4.365881
54 67 4.861417
54 68 2.552728
54 69 4.162591
54 71 4.949310
54 72 4.931241
54 73 4.370909
54 78 3.965214
54 82 5.068684
54 83 4.530999
54 84 5.095674
54 87 4.411444
54 88 3.649465
54 91 4.283808
54 92 3.595375
54 98 4.304023
55 63 1.335817
55 64 2.434800
55 65 2.954746
55 66 3.754178
55 67 3.720169
55 68 2.028322
55 69 2.753549
55 70 4.557163
55 71 3.989905
55 72 3.964262
55 73 3.247506
55 74 4.395943
55 75 4.456279
55 77 5.085803
55 78 3.094066
55 82 4.637244
55 83 3.735638
55 84 4.450766
55 85 4.849873
55 87 4.165233
55 88 3.011582
55 90 5.079053
55 91 4.328593
55 92 3.313482
55 93 4.140015
55 94 5.081514
55 97 4.743042
55 98 3.138536
55 101 4.421778
55 102 4.204479
55 108 5.196909
56 63 2.254317
56 64 2.777272
56 65 2.870293
56 66 3.288846
56 67 4.267829
56 68 3.144547
56 69 2.818306
56 70 4.892648
56 71 4.682447
56 72 4.638383
56 73 3.353774
56 74 4.254661
56 75 3.929760
56 76 4.827674
56 77 5.149642
56 78 3.547775
56 79 5.043047
56 82 4.767344
56 83 3.127334
56 84 3.574701
56 85 3.741883
56 86 4.941031
56 87 3.355583
56 88 2.670675
56 89 4.639883
56 90 4.185069
56 91 3.794297
56 92 2.450868
56 93 2.963729
56 94 3.917322
56 95 5.092000
56 97 3.741459
56 98 1.980559
56 99 4.474879
56 100 4.791194
56 101 3.582555
56 102 3.235202
56 103 5.109397
56 108 4.352336
57 63 3.059906
57 64 4.379323
57 68 2.962129
57 69 4.495354
57 71 5.049882
57 78 5.135981
57 88 5.109630
57 92 4.691810
58 63 3.348937
58 64 4.746853
58 68 2.783422
58 71 5.199195
58 72 4.966655
58 73 5.052337
58 78 4.267955
58 88 4.807203
59 63 3.319146
59 64 4.566004
59 65 4.883502
59 68 3.588277
59 69 4.853582
59 73 4.833579
59 78 4.544329
59 82 5.165811
59 83 4.323063
59 84 4.610701
59 87 3.667338
59 88 3.503133
59 90 4.417897
59 91 3.485137
59 92 2.885774
59 93 5.008656
59 98 4.178674
60 63 3.422916
60 64 4.538589
60 68 3.572458
60 69 4.400306
60 92 4.508517
60 98 4.950812
60 102 4.954341
61 63 4.038264
61 68 3.807541
62 63 2.784523
62 64 4.033548
62 65 5.192479
62 67 4.662445
62 68 2.430302
62 69 4.176004
62 71 4.265699
62 72 4.910618
62 78 4.997877
63 73 2.812583
63 74 4.199352
63 75 4.669301
63 77 4.935449
63 78 2.527500
63 79 4.851159
63 81 5.054677
63 82 4.691272
63 83 4.301988
63 88 3.617436
63 92 4.514724
63 93 4.814418
63 97 5.064860
63 98 3.819632
63 101 4.480672
63 102 4.672816
64 73 2.432316
64 74 3.801582
64 75 4.366031
64 77 4.861034
64 78 2.551512
64 79 4.161783
64 81 4.949698
64 82 4.930845
64 83 4.371174
64 88 3.966004
64 92 5.070422
64 93 4.530725
64 94 5.095738
64 97 4.410981
64 98 3.648980
64 101 3.595069
64 102 4.283321
64 108 4.304139
65 73 1.334609
65 74 2.434378
65 75 2.954755
65 76 3.754089
65 77 3.719825
65 78 2.027373
65 79 2.753559
65 80 4.555861
65 81 3.990545
65 82 3.963588
65 83 3.247226
65 84 4.395505
65 85 4.455549
65 87 5.085865
65 88 3.093788
65 92 4.637915
65 93 3.735245
65 94 4.450579
65 95 4.850034
65 97 4.164515
65 98 3.011369
65 100 5.078215
65 101 3.312710
65 102 4.327665
65 103 4.140621
65 104 5.081533
65 107 4.743904
65 108 3.139425
65 111 4.204728
65 112 4.422136
65 118 5.196582
66 73 2.253764
66 74 2.777532
66 75 2.870159
66 76 3.288718
66 77 4.267837
66 78 3.144250
66 79 2.818980
66 80 4.891660
66 81 4.683427
66 82 4.638157
66 83 3.353387
66 84 4.254004
66 85 3.929037
66 86 4.826373
66 87 5.149752
66 88 3.547310
66 89 5.042023
66 92 4.768240
66 93 3.126892
66 94 3.574172
66 95 3.741623
66 96 4.941021
66 97 3.354445
66 98 2.670656
66 99 4.639444
66 100 4.183931
66 101 2.449315
66 102 3.793089
66 103 2.963931
66 104 3.917062
66 105 5.092481
66 107 3.742213
66 108 1.980980
66 109 4.474117
66 110 4.792201
66 111 3.235403
66 112 3.582961
66 113 5.108835
66 118 4.351674
67 73 3.059080
67 74 4.378702
67 78 2.960823
67 79 4.494728
67 81 5.050323
67 88 5.136893
67 98 5.109363
67 101 4.691805
68 73 3.347434
68 74 4.745235
68 78 2.781418
68 81 5.198409
68 82 4.965679
68 83 5.052937
68 88 4.269356
68 98 4.807023
69 73 3.318099
69 74 4.565572
69 75 4.883600
69 78 3.587339
69 79 4.853311
69 83 4.833554
69 88 4.544741
69 92 5.167338
69 93 4.322444
69 94 4.610581
69 97 3.666712
69 98 3.502001
69 100 4.416638
69 101 2.885628
69 102 3.484337
69 103 5.008637
69 108 4.178472
70 73 3.422514
70 74 4.538577
70 78 3.571572
70 79 4.400306
70 101 4.508686
70 108 4.951929
70 111 4.954510
71 73 4.037305
71 78 3.806016
72 73 2.783841
72 74 4.032629
72 75 5.192827
72 77 4.661871
72 78 2.428840
72 79 4.175024
72 81 4.265748
72 82 4.909886
72 88 4.998788
73 83 2.813473
73 84 4.199876
73 85 4.669028
73 87 4.936296
73 88 2.528464
73 89 4.851602
73 91 5.055416
73 92 4.692168
73 93 4.301697
73 98 3.617617
73 101 4.512959
73 103 4.814605
73 107 5.065024
73 108 3.820284
73 111 4.672124
73 112 4.480580
74 83 2.433130
74 84 3.802244
74 85 4.366671
74 87 4.861867
74 88 2.551480
74 89 4.162151
74 91 4.949907
74 92 4.931617
74 93 4.371903
74 98 3.967489
74 101 5.069386
74 103 4.531947
74 104 5.096110
74 107 4.411734
74 108 3.650812
74 111 4.283333
74 112 3.595463
74 118 4.305494
75 83 1.335026
75 84 2.434418
75 85 2.954707
75 86 3.753240
75 87 3.720534
75 88 2.027060
75 89 2.752981
75 90 4.556929
75 91 3.990611
75 92 3.964412
75 93 3.247492
75 94 4.394930
75 95 4.455091
75 97 5.084899
75 98 3.095499
75 101 4.636439
75 103 3.735224
75 104 4.449910
75 105 4.850226
75 107 4.164008
75 108 3.011953
75 110 5.077686
75 111 4.326902
75 112 3.311807
75 113 4.139887
75 114 5.081539
75 117 4.743251
75 118 3.138906
75 121 4.422007
75 122 4.204886
75 128 5.196218
76 83 2.253606
76 84 2.777333
76 85 2.870868
76 86 3.288340
76 87 4.268368
76 88 3.143274
76 89 2.817949
76 90 4.892623
76 91 4.683023
76 92 4.638858
76 93 3.354182
76 94 4.253744
76 95 3.928963
76 96 4.827229
76 97 5.149026
76 98 3.549353
76 99 5.042085
76 101 4.766788
76 103 3.127287
76 104 3.574016
76 105 3.742374
76 106 4.941822
76 107 3.354205
76 108 2.671574
76 109 4.638702
76 110 4.183597
76 111 3.792697
76 112 2.448796
76 113 2.963849
76 114 3.917652
76 115 5.091684
76 117 3.742099
76 118 1.981365
76 119 4.475218
76 120 4.791568
76 121 3.583399
76 122 3.236171
76 123 5.109327
76 128 4.352113
77 83 3.060041
77 84 4.379450
77 88 2.961409
77 89 4.495307
77 91 5.050894
77 98 5.138181
77 108 5.110524
77 112 4.691067
78 83 3.348903
78 84 4.746419
78 88 2.783319
78 91 5.199921
78 92 4.966947
78 93 5.052966
78 98 4.269697
78 108 4.807887
79 83 3.318743
79 84 4.566138
79 85 4.884595
79 88 3.587213
79 89 4.853386
79 93 4.834685
79 98 4.546568
79 101 5.166569
79 103 4.324059
79 104 4.611127
79 107 3.667759
79 108 3.504332
79 110 4.417908
79 111 3.484580
79 112 2.886357
79 113 5.009781
79 118 4.180327
80 83 3.422515
80 84 4.538610
80 88 3.570928
80 89 4.400314
80 112 4.507262
80 118 4.952520
80 122 4.955340
81 83 4.038755
81 88 3.807334
82 83 2.784820
82 84 4.033546
82 85 5.192915
82 87 4.662739
82 88 2.429579
82 89 4.176030
82 91 4.266503
82 92 4.910146
82 98 4.999790
83 93 2.812870
83 94 4.198781
83 95 4.668318
83 97 4.934920
83 98 2.529313
83 99 4.850747
83 101 4.690618
83 102 5.054245
83 103 4.301498
83 108 3.617746
83 112 4.512462
83 113 4.813887
83 117 5.064389
83 118 3.819370
83 121 4.480184
83 122 4.672170
84 93 2.432616
84 94 3.801019
84 95 4.365774
84 97 4.860513
84 98 2.552536
84 99 4.161219
84 101 4.930095
84 102 4.948919
84 103 4.371374
84 108 3.967043
84 112 5.068714
84 113 4.531041
84 114 5.095910
84 117 4.411105
84 118 3.649322
84 121 3.594922
84 122 4.283123
84 128 4.304596
85 93 1.334849
85 94 2.433628
85 95 2.954951
85 96 3.754691
85 97 3.719344
85 98 2.027791
85 99 2.752517
85 100 4.556041
85 101 3.963005
85 102 3.989449
85 103 3.248007
85 104 4.396235
85 105 4.456996
85 107 5.085779
85 108 3.095433
85 112 4.637182
85 113 3.735983
85 114 4.451371
85 115 4.850510
85 117 4.165107
85 118 3.011605
85 120 5.078528
85 121 3.312822
85 122 4.328229
85 123 4.140811
85 124 5.082170
85 127 4.743707
85 128 3.139196
85 131 4.204871
85 132 4.422771
85 138 5.196314
86 93 2.253517
86 94 2.776086
86 95 2.869927
86 96 3.288869
86 97 4.266997
86 98 3.144094
86 99 2.817262
86 100 4.891595
86 101 4.636995
86 102 4.682039
86 103 3.353286
86 104 4.253861
86 105 3.929487
86 106 4.827569
86 107 5.148492
86 108 3.548020
86 109 5.042162
86 112 4.766265
86 113 3.126758
86 114 3.574342
86 115 3.741916
86 116 4.941052
86 117 3.354646
86 118 2.669660
86 119 4.639246
86 120 4.184114
86 121 2.449185
86 122 3.793094
86 123 2.964162
86 124 3.917851
86 125 5.092880
86 127 3.742304
86 128 1.981134
86 129 4.474161
86 130 4.792691
86 131 3.236108
86 132 3.583823
86 133 5.108856
86 138 4.351206
87 93 3.060027
87 94 4.379210
87 98 2.962295
87 99 4.495151
87 102 5.050724
87 108 5.138599
87 118 5.109819
87 121 4.690923
88 93 3.347726
88 94 4.745108
88 98 2.783354
88 101 4.965543
88 102 5.198769
88 103 5.052364
88 108 4.269459
88 118 4.806269
89 93 3.318278
89 94 4.564604
89 95 4.883060
89 98 3.588354
89 99 4.852243
89 103 4.833428
89 108 4.545583
89 112 5.164875
89 113 4.322280
89 114 4.610014
89 117 3.666199
89 118 3.502128
89 120 4.416026
89 121 2.884977
89 122 3.483303
89 123 5.008706
89 128 4.179284
90 93 3.422446
90 94 4.538058
90 98 3.571700
90 99 4.399676
90 121 4.507351
90 128 4.952124
90 131 4.954166
91 93 4.038055
91 98 3.807653
92 93 2.785519
92 94 4.034524
92 95 5.194208
92 97 4.663681
92 98 2.430853
92 99 4.176999
92 101 4.911341
92 102 4.267634
92 108 5.000969
93 103 2.813739
93 104 4.200271
93 105 4.670190
93 107 4.936206
93 108 2.529383
93 109 4.852066
93 111 5.055131
93 112 4.691694
93 113 4.302058
93 118 3.617267
93 121 4.513230
93 123 4.814402
93 127 5.064932
93 128 3.818928
93 131 4.672391
93 132 4.480987
94 103 2.432477
94 104 3.801906
94 105 4.366476
94 107 4.861152
94 108 2.551344
94 109 4.162428
94 111 4.949447
94 112 4.930492
94 113 4.370624
94 118 3.965127
94 121 5.068244
94 123 4.530191
94 124 5.095672
94 127 4.411153
94 128 3.647207
94 131 4.283008
94 132 3.595242
94 138 4.304218
95 103 1.334403
95 104 2.434514
95 105 2.955393
95 106 3.754893
95 107 3.719863
95 108 2.026569
95 109 2.753681
95 110 4.556372
95 111 3.989998
95 112 3.963524
95 113 3.247182
95 114 4.395907
95 115 4.455663
95 117 5.085616
95 118 3.093667
95 121 4.636970
95 123 3.735120
95 124 4.450975
95 125 4.851275
95 127 4.165113
95 128 3.009669
95 130 5.079522
95 131 4.328157
95 132 3.313294
95 133 4.140447
95 134 5.081766
95 137 4.744053
95 138 3.138759
95 141 4.423067
95 142 4.204813
95 148 5.196117
96 103 2.253346
96 104 2.777338
96 105 2.870716
96 106 3.289135
96 107 4.267660
96 108 3.143312
96 109 2.818767
96 110 4.891937
96 111 4.682711
96 112 4.638049
96 113 3.353452
96 114 4.254343
96 115 3.929133
96 116 4.826976
96 117 5.149572
96 118 3.547325
96 119 5.042183
96 121 4.767247
96 123 3.126604
96 124 3.574621
96 125 3.742845
96 126 4.941127
96 127 3.355233
96 128 2.668704
96 129 4.639021
96 130 4.185328
96 131 3.793920
96 132 2.450074
96 133 2.963711
96 134 3.917049
96 135 5.092295
96 137 3.741969
96 138 1.980616
96 139 4.473907
96 140 4.792056
96 141 3.583500
96 142 3.235196
96 143 5.108567
96 148 4.351282
97 103 3.059466
97 104 4.379494
97 108 2.960565
97 109 4.495855
97 111 5.050812
97 118 5.136539
97 128 5.107570
97 132 4.691240
98 103 3.349257
98 104 4.747022
98 108 2.784387
98 112 4.967473
98 113 5.053858
98 118 4.270231
98 128 4.806603
99 103 3.318194
99 104 4.565772
99 105 4.883954
99 108 3.587311
99 109 4.853846
99 113 4.832976
99 118 4.543852
99 121 5.164608
99 123 4.321492
99 124 4.610005
99 127 3.666353
99 128 3.500034
99 130 4.417410
99 131 3.483407
99 132 2.885184
99 133 5.008520
99 138 4.178860
100 103 3.422177
100 104 4.538958
100 108 3.570124
100 109 4.401270
100 132 4.508056
100 138 4.952653
100 142 4.955162
101 103 2.784222
101 104 4.033614
101 105 5.193510
101 107 4.663140
101 108 2.428491
101 109 4.176349
101 111 4.266796
101 112 4.910440
101 118 4.998342
102 103 4.037654
102 108 3.806194
103 113 2.813165
103 114 4.200258
103 115 4.668841
103 117 4.936247
103 118 2.528461
103 119 4.852000
103 121 4.691855
103 122 5.055992
103 123 4.301444
103 128 3.615959
103 132 4.513422
103 133 4.813812
103 137 5.064823
103 138 3.818384
103 141 4.481043
103 142 4.671766
104 113 2.432427
104 114 3.802297
104 115 4.366122
104 117 4.861573
104 118 2.551281
104 119 4.162339
104 121 4.931284
104 122 4.950424
104 123 4.371426
104 128 3.965571
104 132 5.070129
104 133 4.531193
104 134 5.096154
104 137 4.412042
104 138 3.648491
104 141 3.596189
104 142 4.283526
104 148 4.304175
105 113 1.334801
105 114 2.434708
105 115 2.954629
105 116 3.753532
105 117 3.720522
105 118 2.027266
105 119 2.753162
105 120 4.557011
105 121 3.964514
105 122 3.991281
105 123 3.247747
105 124 4.395869
105 125 4.456650
105 127 5.086106
105 128 3.094506
105 132 4.638194
105 133 3.734996
105 134 4.450391
105 135 4.850529
105 137 4.164824
105 138 3.009852
105 140 5.079252
105 141 3.312954
105 142 4.327683
105 143 4.139351
105 144 5.081547
105 147 4.743028
105 148 3.137733
105 151 4.204581
105 152 4.421948
105 158 5.195799
106 113 2.254044
106 114 2.777542
106 115 2.870236
106 116 3.288060
106 117 4.268488
106 118 3.144068
106 119 2.818096
106 120 4.892950
106 121 4.638937
106 122 4.684080
106 123 3.353777
106 124 4.254025
106 125 3.929683
106 126 4.827030
106 127 5.149687
106 128 3.547999
106 129 5.041631
106 132 4.768063
106 133 3.126360
106 134 3.573810
106 135 3.741917
106 136 4.940826
106 137 3.354684
106 138 2.668936
106 139 4.638486
106 140 4.184970
106 141 2.449545
106 142 3.793267
106 143 2.962487
106 144 3.916877
106 145 5.091344
106 147 3.741223
106 148 1.979387
106 149 4.473871
106 150 4.791506
106 151 3.235219
106 152 3.582656
106 153 5.108384
106 158 4.350828
107 113 3.058936
107 114 4.379220
107 118 2.960835
107 119 4.495355
107 122 5.051205
107 128 5.136458
107 138 5.108081
107 141 4.691891
108 113 3.348829
108 114 4.747239
108 118 2.783848
108 121 4.967684
108 123 5.053041
108 128 4.268689
108 138 4.805541
109 113 3.317818
109 114 4.565860
109 115 4.883793
109 118 3.586708
109 119 4.853215
109 123 4.833893
109 128 4.544220
109 132 5.167198
109 133 4.323478
109 134 4.611381
109 137 3.668241
109 138 3.502406
109 140 4.419017
109 141 2.887049
109 142 3.485037
109 143 5.008997
109 148 4.179169
110 113 3.421348
110 114 4.538049
110 118 3.570363
110 119 4.399956
110 141 4.508515
110 148 4.951064
110 151 4.954558
111 113 4.037495
111 118 3.806506
112 113 2.784198
112 114 4.033871
112 115 5.192691
112 117 4.662750
112 118 2.429344
112 119 4.176725
112 121 4.910624
112 122 4.267273
112 128 4.998763
113 123 2.813558
113 124 4.199730
113 125 4.669716
113 127 4.935895
113 128 2.529099
113 129 4.850664
113 131 5.055319
113 132 4.692183
113 133 4.301035
113 138 3.615446
113 141 4.513402
113 143 4.813498
113 147 5.064845
113 148 3.818265
113 151 4.672737
113 152 4.480829
114 123 2.432972
114 124 3.801392
114 125 4.366418
114 127 4.861019
114 128 2.552903
114 129 4.160555
114 131 4.949611
114 132 4.931556
114 133 4.370599
114 138 3.964764
114 141 5.069725
114 143 4.530325
114 144 5.096148
114 147 4.411399
114 148 3.647987
114 151 4.283840
114 152 3.595225
114 158 4.303651
115 123 1.335324
115 124 2.434311
115 125 2.955501
115 126 3.754711
115 127 3.720091
115 128 2.028261
115 129 2.752500
115 130 4.556738
115 131 3.990590
115 132 3.964569
115 133 3.247095
115 134 4.395704
115 135 4.456633
115 137 5.085765
115 138 3.093424
115 141 4.637547
115 143 3.735086
115 144 4.451445
115 145 4.850834
115 147 4.165114
115 148 3.010290
115 150 5.079437
115 151 4.328245
115 152 3.312958
115 153 4.140621
115 154 5.082769
115 157 4.743739
115 158 3.138724
115 161 4.205097
115 162 4.421822
115 168 5.196982
116 123 2.253908
116 124 2.777015
116 125 2.870829
116 126 3.289593
116 127 4.267986
116 128 3.144588
116 129 2.817866
116 130 4.892386
116 131 4.683306
116 132 4.638897
116 133 3.353258
116 134 4.254120
116 135 3.929941
116 136 4.827401
116 137 5.149346
116 138 3.547053
116 139 5.041827
116 141 4.767269
116 143 3.126629
116 144 3.574992
116 145 3.742597
116 146 4.942234
116 147 3.354958
116 148 2.669374
116 149 4.639650
116 150 4.185180
116 151 3.793411
116 152 2.449393
116 153 2.964219
116 154 3.918569
116 155 5.092722
116 157 3.742391
116 158 1.980803
116 159 4.475252
116 160 4.791959
116 161 3.236039
116 162 3.582975
116 163 5.109459
116 168 4.352427
117 123 3.060356
117 124 4.379197
117 128 2.963156
117 129 4.494093
117 131 5.050701
117 138 5.136252
117 148 5.108589
117 152 4.691781
118 123 3.348213
118 124 4.745706
118 128 2.783096
118 131 5.199345
118 132 4.966735
118 133 5.051824
118 138 4.267287
118 148 4.805251
119 123 3.318178
119 124 4.564605
119 125 4.883337
119 128 3.588250
119 129 4.851363
119 133 4.832431
119 138 4.542979
119 141 5.165871
119 143 4.321423
119 144 4.610166
119 147 3.666565
119 148 3.500636
119 150 4.417116
119 151 3.484450
119 152 2.885173
119 153 5.007941
119 158 4.177703
120 123 3.423424
120 124 4.538773
120 128 3.573174
120 129 4.399637
120 152 4.509128
120 158 4.952565
120 161 4.955784
121 123 2.784975
121 124 4.033328
121 125 5.193477
121 127 4.662194
121 128 2.431031
121 129 4.174671
121 131 4.266098
121 132 4.910838
121 138 4.998105
122 123 4.038597
122 128 3.808497
123 133 2.812255
123 134 4.199097
123 135 4.669292
123 137 4.935482
123 138 2.527441
123 139 4.850165
123 141 4.691688
123 142 5.054563
123 143 4.301123
123 148 3.616164
123 152 4.513563
123 153 4.814224
123 157 5.064687
123 158 3.818862
123 161 4.672513
123 162 4.479870
124 133 2.432318
124 134 3.801525
124 135 4.366322
124 137 4.861187
124 138 2.551902
124 139 4.161006
124 141 4.931256
124 142 4.949735
124 143 4.370780
124 148 3.965470
124 152 5.068974
124 153 4.530615
124 154 5.096348
124 157 4.410851
124 158 3.648186
124 161 4.282904
124 162 3.594383
124 168 4.304245
125 133 1.335340
125 134 2.434501
125 135 2.955271
125 136 3.753988
125 137 3.720486
125 138 2.028629
125 139 2.752435
125 140 4.557042
125 141 3.964742
125 142 3.991084
125 143 3.247675
125 144 4.396499
125 145 4.455988
125 147 5.086020
125 148 3.094889
125 152 4.637414
125 153 3.734985
125 154 4.450883
125 155 4.849880
125 157 4.163950
125 158 3.010364
125 160 5.077638
125 161 4.327032
125 162 3.311506
125 163 4.139690
125 164 5.081888
125 167 4.742757
125 168 3.138454
125 171 4.420915
125 172 4.203481
125 178 5.196263
126 133 2.253675
126 134 2.777057
126 135 2.870807
126 136 3.288790
126 137 4.267767
126 138 3.144424
126 139 2.817380
126 140 4.892231
126 141 4.638463
126 142 4.683166
126 143 3.354229
126 144 4.255287
126 145 3.930067
126 146 4.828403
126 147 5.150084
126 148 3.548597
126 149 5.043016
126 152 4.767713
126 153 3.127376
126 154 3.575405
126 155 3.742539
126 156 4.941338
126 157 3.354896
126 158 2.670398
126 159 4.639959
126 160 4.184434
126 161 3.793284
126 162 2.449347
126 163 2.964015
126 164 3.918245
126 165 5.093150
126 167 3.741646
126 168 1.981110
126 169 4.475350
126 170 4.791568
126 171 3.582213
126 172 3.234715
126 173 5.109219
126 178 4.352087
127 133 3.059939
127 134 4.379496
127 138 2.962389
127 139 4.494825
127 142 5.051236
127 148 5.137169
127 158 5.108822
127 162 4.690788
128 133 3.347010
128 134 4.745015
128 138 2.781211
128 141 4.966215
128 142 5.198117
128 143 5.052269
128 148 4.268254
128 158 4.806617
129 133 3.318019
129 134 4.565536
129 135 4.884197
129 138 3.587343
129 139 4.852680
129 143 4.833344
129 148 4.544115
129 152 5.165419
129 153 4.322738
129 154 4.611652
129 157 3.667157
129 158 3.501717
129 160 4.417418
129 161 3.484230
129 162 2.885706
129 163 5.009573
129 168 4.179595
130 133 3.422962
130 134 4.538916
130 138 3.572776
130 139 4.400064
130 162 4.507125
130 168 4.951785
130 172 4.954039
131 133 4.038331
131 138 3.807783
132 133 2.784967
132 134 4.033737
132 135 5.193836
132 137 4.663117
132 138 2.430803
132 139 4.175422
132 141 4.911518
132 142 4.266791
132 148 4.999459
133 143 2.812931
133 144 4.200161
133 145 4.669121
133 147 4.935629
133 148 2.528517
133 149 4.851550
133 151 5.054808
133 152 4.691273
133 153 4.301353
133 158 3.616208
133 162 4.512519
133 163 4.814292
133 167 5.064830
133 168 3.819742
133 171 4.480089
133 172 4.671978
134 143 2.432783
134 144 3.802302
134 145 4.366262
134 147 4.861240
134 148 2.552465
134 149 4.162057
134 151 4.949515
134 152 4.930973
134 153 4.371154
134 158 3.965736
134 162 5.068785
134 163 4.531067
134 164 5.096568
134 167 4.411166
134 168 3.649543
134 171 3.594638
134 172 4.282834
134 178 4.304691
135 143 1.335827
135 144 2.435094
135 145 2.955094
135 146 3.754942
135 147 3.720508
135 148 2.029036
135 149 2.753418
135 150 4.557658
135 151 3.990595
135 152 3.964455
135 153 3.247756
135 154 4.396300
135 155 4.455842
135 157 5.085774
135 158 3.094811
135 162 4.637125
135 163 3.735218
135 164 4.450948
135 165 4.850770
135 167 4.164139
135 168 3.011541
135 170 5.077494
135 171 3.311695
135 172 4.327070
135 173 4.140003
135 174 5.081974
135 177 4.743802
135 178 3.138741
135 181 4.423132
135 182 4.204326
135 188 5.196504
136 143 2.254544
136 144 2.777517
136 145 2.870230
136 146 3.289195
136 147 4.268030
136 148 3.145246
136 149 2.818478
136 150 4.893073
136 151 4.682927
136 152 4.638324
136 153 3.353427
136 154 4.253990
136 155 3.928711
136 156 4.826529
136 157 5.148952
136 158 3.547960
136 159 5.041964
136 162 4.766775
136 163 3.126461
136 164 3.574262
136 165 3.742362
136 166 4.940945
136 167 3.354213
136 168 2.670339
136 169 4.639489
136 170 4.183449
136 171 2.448863
136 172 3.792734
136 173 2.963544
136 174 3.917785
136 175 5.091721
136 177 3.742441
136 178 1.980644
136 179 4.475136
136 180 4.792261
136 181 3.583943
136 182 3.235542
136 183 5.108905
136 188 4.351497
137 143 3.059646
137 144 4.379622
137 148 2.962223
137 149 4.495207
137 151 5.050809
137 158 5.136956
137 168 5.109628
137 171 4.690490
138 143 3.347662
138 144 4.746225
138 148 2.782246
138 151 5.198733
138 152 4.965849
138 153 5.052577
138 158 4.268312
138 168 4.807470
139 143 3.318285
139 144 4.565854
139 145 4.883628
139 148 3.587887
139 149 4.853229
139 153 4.833185
139 158 4.544069
139 162 5.165059
139 163 4.322624
139 164 4.611185
139 167 3.666891
139 168 3.502408
139 170 4.416679
139 171 2.885285
139 172 3.483701
139 173 5.009314
139 178 4.179345
140 143 3.423247
140 144 4.539504
140 148 3.572984
140 149 4.400974
140 171 4.507025
140 178 4.952087
140 182 4.955275
141 143 2.784145
141 144 4.033629
141 145 5.192930
141 147 4.662515
141 148 2.430045
141 149 4.175629
141 151 4.266446
141 152 4.910722
141 158 4.998888
142 143 4.038242
142 148 3.807701
143 153 2.813465
143 154 4.200476
143 155 4.669551
143 157 4.935954
143 158 2.528694
143 159 4.851795
143 161 5.054762
143 162 4.691382
143 163 4.302090
143 168 3.617921
143 171 4.513267
143 173 4.814913
143 177 5.065962
143 178 3.820297
143 181 4.482430
143 182 4.672765
144 153 2.433177
144 154 3.802403
144 155 4.366392
144 157 4.861737
144 158 2.552728
144 159 4.162087
144 161 4.949809
144 162 4.931267
144 163 4.371532
144 168 3.967055
144 171 5.069283
144 173 4.531057
144 174 5.096375
144 177 4.411524
144 178 3.649499
144 181 3.596075
144 182 4.282747
144 188 4.304757
145 153 1.335376
145 154 2.434789
145 155 2.955087
145 156 3.754327
145 157 3.720532
145 158 2.028387
145 159 2.753374
145 160 4.556830
145 161 3.990385
145 162 3.964244
145 163 3.247684
145 164 4.396459
145 165 4.456761
145 167 5.085812
145 168 3.095173
145 171 4.637173
145 173 3.735303
145 174 4.451115
145 175 4.850075
145 177 4.164722
145 178 3.011357
145 180 5.078666
145 181 3.312835
145 182 4.327007
145 183 4.140718
145 184 5.081439
145 187 4.743346
145 188 3.139278
145 191 4.422085
145 192 4.204268
145 198 5.196800
146 153 2.254488
146 154 2.777218
146 155 2.870450
146 156 3.288674
146 157 4.268455
146 158 3.145324
146 159 2.818106
146 160 4.892564
146 161 4.683091
146 162 4.638921
146 163 3.354010
146 164 4.254725
146 165 3.929890
146 166 4.827670
146 167 5.149836
146 168 3.548966
146 169 5.043440
146 171 4.767777
146 173 3.126897
146 174 3.574562
146 175 3.741413
146 176 4.940290
146 177 3.354557
146 178 2.670757
146 179 4.639457
146 180 4.184244
146 181 2.449036
146 182 3.792622
146 183 2.963707
146 184 3.916478
146 185 5.092051
146 187 3.741088
146 188 1.980733
146 189 4.473600
146 190 4.791447
146 191 3.582302
146 192 3.234437
146 193 5.108682
146 198 4.351602
147 153 3.060086
147 154 4.379941
147 158 2.962100
147 159 4.495576
147 161 5.051040
147 168 5.137905
147 178 5.109749
147 181 4.692471
148 153 3.348618
148 154 4.746960
148 158 2.782955
148 161 5.199123
148 162 4.966243
148 163 5.053481
148 168 4.270241
148 178 4.807961
149 153 3.318693
149 154 4.565966
149 155 4.883854
149 158 3.588215
149 159 4.853328
149 163 4.833791
149 168 4.545592
149 171 5.165858
149 173 4.322852
149 174 4.611226
149 177 3.667484
149 178 3.502727
149 180 4.417991
149 181 2.887207
149 182 3.483837
149 183 5.009536
149 188 4.179624
150 153 3.423676
150 154 4.539835
150 158 3.572813
150 159 4.401305
150 181 4.509377
150 188 4.953446
150 192 4.954826
151 153 4.038018
151 158 3.807213
152 153 2.784496
152 154 4.033899
152 155 5.193098
152 157 4.662662
152 158 2.429661
152 159 4.175941
152 161 4.266427
152 162 4.910079
152 168 4.999429
153 163 2.813075
153 164 4.200431
153 165 4.670028
153 167 4.935807
153 168 2.528859
153 169 4.852529
153 171 4.691260
153 172 5.054742
153 173 4.301601
153 178 3.617242
153 181 4.513502
153 183 4.814721
153 187 5.064711
153 188 3.819810
153 191 4.480579
153 192 4.672132
154 163 2.432494
154 164 3.802281
154 165 4.366632
154 167 4.861342
154 168 2.552065
154 169 4.162742
154 171 4.930864
154 172 4.949657
154 173 4.370769
154 178 3.966064
154 181 5.068589
154 183 4.530658
154 184 5.094836
154 187 4.410421
154 188 3.648703
154 191 3.594422
154 192 4.282531
154 198 4.304341
155 163 1.334816
155 164 2.434824
155 165 2.955517
155 166 3.754499
155 167 3.720222
155 168 2.027442
155 169 2.754222
155 170 4.557318
155 171 3.963920
155 172 3.990497
155 173 3.247147
155 174 4.395805
155 175 4.455410
155 177 5.085290
155 178 3.094367
155 181 4.636336
155 183 3.735203
155 184 4.450180
155 185 4.850477
155 187 4.164336
155 188 3.010754
155 190 5.078660
155 191 3.312283
155 192 4.327555
155 193 4.140103
155 194 5.082231
155 197 4.743393
155 198 3.138895
155 201 4.422475
155 202 4.204812
155 208 5.197848
156 163 2.253458
156 164 2.777032
156 165 2.870687
156 166 3.289228
156 167 4.267893
156 168 3.143654
156 169 2.818811
156 170 4.893029
156 171 4.638282
156 172 4.683008
156 173 3.353324
156 174 4.254138
156 175 3.928946
156 176 4.827073
156 177 5.148947
156 178 3.547852
156 179 5.042341
156 181 4.766065
156 183 3.126919
156 184 3.574139
156 185 3.742425
156 186 4.941432
156 187 3.354718
156 188 2.670001
156 189 4.638665
156 190 4.184843
156 191 2.449354
156 192 3.793577
156 193 2.963869
156 194 3.918098
156 195 5.092096
156 197 3.741866
156 198 1.981301
156 199 4.475749
156 200 4.791413
156 201 3.583364
156 202 3.235669
156 203 5.109795
156 208 4.353336
157 163 3.059609
157 164 4.380110
157 168 2.961220
157 169 4.496285
157 172 5.050478
157 178 5.137438
157 188 5.109697
157 191 4.691685
158 163 3.348552
158 164 4.747236
158 168 2.783512
158 171 4.966314
158 172 5.199185
158 173 5.053287
158 178 4.269833
158 188 4.807709
159 163 3.318191
159 164 4.566045
159 165 4.884312
159 168 3.587620
159 169 4.854143
159 173 4.833321
159 178 4.544881
159 181 5.165144
159 183 4.322813
159 184 4.609944
159 187 3.666556
159 188 3.502345
159 190 4.417192
159 191 2.885532
159 192 3.483828
159 193 5.008921
159 198 4.179865
160 163 3.422565
160 164 4.539585
160 168 3.571035
160 169 4.401674
160 191 4.508492
160 198 4.953406
160 202 4.955398
161 163 4.037391
161 168 3.806355
162 163 2.784893
162 164 4.034951
162 165 5.194593
162 167 4.663080
162 168 2.429478
162 169 4.177587
162 171 4.910311
162 172 4.266550
162 178 4.999455
163 173 2.813171
163 174 4.200185
163 175 4.668947
163 177 4.935889
163 178 2.528719
163 179 4.852066
163 181 4.691223
163 182 5.054604
163 183 4.301621
163 188 3.616764
163 191 4.512797
163 193 4.814047
163 197 5.064789
163 198 3.818915
163 201 4.481005
163 202 4.672513
164 173 2.432236
164 174 3.801578
164 175 4.365482
164 177 4.860923
164 178 2.551690
164 179 4.161744
164 181 4.930315
164 182 4.949031
164 183 4.370698
164 188 3.965584
164 191 5.068817
164 193 4.530193
164 194 5.095791
164 197 4.410797
164 198 3.647628
164 201 3.594858
164 202 4.283258
164 208 4.304828
165 173 1.334973
165 174 2.434150
165 175 2.954325
165 176 3.753683
165 177 3.719802
165 178 2.027838
165 179 2.752954
165 180 4.555910
165 181 3.963197
165 182 3.989939
165 183 3.247062
165 184 4.395536
165 185 4.456058
165 187 5.085526
165 188 3.094165
165 191 4.636945
165 193 3.734667
165 194 4.450678
165 195 4.849486
165 197 4.164358
165 198 3.009482
165 200 5.077917
165 201 3.312349
165 202 4.327956
165 203 4.139891
165 204 5.081332
165 207 4.742708
165 208 3.139059
165 211 4.421957
165 212 4.203356
165 218 5.195906
166 173 2.253952
166 174 2.777239
166 175 2.870847
166 176 3.289540
166 177 4.267843
166 178 3.144059
166 179 2.818287
166 180 4.891905
166 181 4.637544
166 182 4.682743
166 183 3.353886
166 184 4.254894
166 185 3.930347
166 186 4.827843
166 187 5.149957
166 188 3.548131
166 189 5.042714
166 191 4.767502
166 193 3.127079
166 194 3.575020
166 195 3.742060
166 196 4.941245
166 197 3.354912
166 198 2.669102
166 199 4.640016
166 200 4.184229
166 201 2.449405
166 202 3.793902
166 203 2.964255
166 204 3.917844
166 205 5.092909
166 207 3.741826
166 208 1.981894
166 209 4.475086
166 210 4.791270
166 211 3.583545
166 212 3.234697
166 213 5.109425
166 218 4.352227
167 173 3.059866
167 174 4.379827
167 178 2.961407
167 179 4.496045
167 182 5.050660
167 188 5.137116
167 198 5.108444
167 201 4.691929
168 173 3.348631
168 174 4.747025
168 178 2.783661
168 181 4.967182
168 182 5.199707
168 183 5.053201
168 188 4.269395
168 198 4.806254
169 173 3.318567
169 174 4.565920
169 175 4.883795
169 178 3.587967
169 179 4.853484
169 183 4.833811
169 188 4.545060
169 191 5.166200
169 193 4.322481
169 194 4.610840
169 197 3.666663
169 198 3.501555
169 200 4.416582
169 201 2.885546
169 202 3.484383
169 203 5.009109
169 208 4.180042
170 173 3.422692
170 174 4.538959
170 178 3.571052
170 179 4.400938
170 201 4.509643
170 208 4.953788
170 212 4.955245
171 173 2.785280
171 174 4.034814
171 175 5.193852
171 177 4.663601
171 178 2.429863
171 179 4.177623
171 181 4.911191
171 182 4.267031
171 188 4.999327
172 173 4.038319
172 178 3.807034
173 183 2.812975
173 184 4.199671
173 185 4.669669
173 187 4.935521
173 188 2.528209
173 189 4.851339
173 191 4.690974
173 192 5.054773
173 193 4.301260
173 198 3.615649
173 201 4.513131
173 203 4.814487
173 207 5.064892
173 208 3.820036
173 211 4.481338
173 212 4.671871
174 183 2.432276
174 184 3.801659
174 185 4.366458
174 187 4.860955
174 188 2.551590
174 189 4.161745
174 191 4.930441
174 192 4.949442
174 193 4.370655
174 198 3.964693
174 201 5.068878
174 203 4.530545
174 204 5.095587
174 207 4.410661
174 208 3.648768
174 211 3.595105
174 212 4.282268
174 218 4.303995
175 183 1.334255
175 184 2.434420
175 185 2.955504
175 186 3.754002
175 187 3.719758
175 188 2.026837
175 189 2.753254
175 190 4.556799
175 191 3.963250
175 192 3.990152
175 193 3.247244
175 194 4.396055
175 195 4.455937
175 197 5.085433
175 198 3.093396
175 201 4.636994
175 203 3.735585
175 204 4.451174
175 205 4.851087
175 207 4.164567
175 208 3.011353
175 210 5.077908
175 211 3.312594
175 212 4.327294
175 213 4.140586
175 214 5.082352
175 217 4.744091
175 218 3.139280
175 221 4.205119
175 222 4.422326
175 228 5.196954
176 183 2.252844
176 184 2.777065
176 185 2.870979
176 186 3.288625
176 187 4.267443
176 188 3.143200
176 189 2.818009
176 190 4.892282
176 191 4.637573
176 192 4.682586
176 193 3.353676
176 194 4.254703
176 195 3.929809
176 196 4.827454
176 197 5.149659
176 198 3.547127
176 199 5.042675
176 201 4.767427
176 203 3.127498
176 204 3.575250
176 205 3.743164
176 206 4.941666
176 207 3.354941
176 208 2.670460
176 209 4.640266
176 210 4.184030
176 211 2.449277
176 212 3.793385
176 213 2.964308
176 214 3.918047
176 215 5.092640
176 217 3.742291
176 218 1.981396
176 219 4.475425
176 220 4.792020
176 221 3.235684
176 222 3.582927
176 223 5.109857
176 228 4.352421
177 183 3.059174
177 184 4.378830
177 188 2.961063
177 189 4.494963
177 192 5.050031
177 198 5.135916
177 208 5.108912
177 211 4.691236
178 183 3.348508
178 184 4.746274
178 188 2.783174
178 191 4.966398
178 192 5.199527
178 193 5.052698
178 198 4.268291
178 208 4.807384
179 183 3.317757
179 184 4.565389
179 185 4.883959
179 188 3.587178
179 189 4.852936
179 193 4.833008
179 198 4.543241
179 201 5.165611
179 203 4.322106
179 204 4.610169
179 207 3.666416
179 208 3.501628
179 210 4.416229
179 211 2.885908
179 212 3.483308
179 213 5.008357
179 218 4.178479
180 183 3.421991
180 184 4.538274
180 188 3.571029
180 189 4.400397
180 211 4.507343
180 218 4.951349
180 221 4.954171
181 183 2.783109
181 184 4.031971
181 185 5.192138
181 187 4.661139
181 188 2.428342
181 189 4.174636
181 191 4.908859
181 192 4.264979
181 198 4.997136
182 183 4.037322
182 188 3.806206
183 193 2.812896
183 194 4.199876
183 195 4.668703
183 197 4.935306
183 198 2.528203
183 199 4.851793
183 201 4.691134
183 202 5.054806
183 203 4.301474
183 208 3.617160
183 211 4.512198
183 213 4.813828
183 217 5.064899
183 218 3.819125
183 221 4.672225
183 222 4.480508
184 193 2.432890
184 194 3.802277
184 195 4.366472
184 197 4.861006
184 198 2.552291
184 199 4.162479
184 201 4.930912
184 202 4.949434
184 203 4.371886
184 208 3.967022
184 211 5.068620
184 213 4.531351
184 214 5.096650
184 217 4.411927
184 218 3.649626
184 221 4.283767
184 222 3.595696
184 228 4.304788
185 193 1.335198
185 194 2.434483
185 195 2.954984
185 196 3.753911
185 197 3.719801
185 198 2.028151
185 199 2.753118
185 200 4.555966
185 201 3.963929
185 202 3.990183
185 203 3.248250
185 204 4.396531
185 205 4.456371
185 207 5.085540
185 208 3.095648
185 211 4.636625
185 213 3.735509
185 214 4.451076
185 215 4.850759
185 217 4.164936
185 218 3.011518
185 220 5.078459
185 221 4.328234
185 222 3.312655
185 223 4.140387
185 224 5.081749
185 227 4.742964
185 228 3.138794
185 231 4.204213
185 232 4.420573
185 238 5.196057
186 193 2.254253
186 194 2.777604
186 195 2.871058
186 196 3.289124
186 197 4.268134
186 198 3.144555
186 199 2.818612
186 200 4.892323
186 201 4.638438
186 202 4.683311
186 203 3.354304
186 204 4.254770
186 205 3.929476
186 206 4.827352
186 207 5.148840
186 208 3.548580
186 209 5.043266
186 211 4.765823
186 213 3.126797
186 214 3.574420
186 215 3.742630
186 216 4.941112
186 217 3.354428
186 218 2.670191
186 219 4.639436
186 220 4.183858
186 221 3.793179
186 222 2.449017
186 223 2.964217
186 224 3.917961
186 225 5.092433
186 227 3.742156
186 228 1.981000
186 229 4.475337
186 230 4.792525
186 231 3.235791
186 232 3.582360
186 233 5.109085
186 238 4.351794
187 193 3.060108
187 194 4.379972
187 198 2.962804
187 199 4.496288
187 202 5.050665
187 208 5.138337
187 218 5.109581
187 222 4.691674
188 193 3.348065
188 194 4.746417
188 198 2.782799
188 201 4.966296
188 202 5.199289
188 203 5.052886
188 208 4.269653
188 218 4.806588
189 193 3.317877
189 194 4.565307
189 195 4.883572
189 198 3.587316
189 199 4.852872
189 203 4.833756
189 208 4.545067
189 211 5.165080
189 213 4.322959
189 214 4.611390
189 217 3.667795
189 218 3.502740
189 220 4.417814
189 221 3.484939
189 222 2.886314
189 223 5.009345
189 228 4.178929
190 193 3.423358
190 194 4.539515
190 198 3.573268
190 199 4.401560
190 222 4.508476
190 228 4.952261
190 231 4.955273
191 193 2.784656
191 194 4.034125
191 195 5.193148
191 197 4.662420
191 198 2.430861
191 199 4.177093
191 201 4.910531
191 202 4.266366
191 208 5.000148
192 193 4.038840
192 198 3.808575
193 203 2.813683
193 204 4.200197
193 205 4.669456
193 207 4.935181
193 208 2.529635
193 209 4.852214
193 211 4.690582
193 212 5.054152
193 213 4.301618
193 218 3.617048
193 222 4.513331
193 223 4.814756
193 227 5.065141
193 228 3.819930
193 231 4.672797
193 232 4.479830
194 203 2.433283
194 204 3.802250
194 205 4.366227
194 207 4.860802
194 208 2.553066
194 209 4.162642
194 211 4.930208
194 212 4.949134
194 213 4.371044
194 218 3.966097
194 222 5.069066
194 223 4.530934
194 224 5.096106
194 227 4.411126
194 228 3.649284
194 231 4.283212
194 232 3.594030
194 238 4.303855
195 203 1.335310
195 204 2.434980
195 205 2.955401
195 206 3.754785
195 207 3.719637
195 208 2.027569
195 209 2.754123
195 210 4.555921
195 211 3.963017
195 212 3.989870
195 213 3.247777
195 214 4.396218
195 215 4.456553
195 217 5.085992
195 218 3.094712
195 222 4.637330
195 223 3.736075
195 224 4.451586
195 225 4.850781
195 227 4.165207
195 228 3.012140
195 230 5.079476
195 231 4.328134
195 232 3.312473
195 233 4.140495
195 234 5.082528
195 237 4.743999
195 238 3.139253
195 241 4.205045
195 242 4.421757
195 248 5.197485
196 203 2.253712
196 204 2.777297
196 205 2.870181
196 206 3.289048
196 207 4.267231
196 208 3.143727
196 209 2.818867
196 210 4.891414
196 211 4.636934
196 212 4.682547
196 213 3.353420
196 214 4.253976
196 215 3.929359
196 216 4.827307
196 217 5.149128
196 218 3.547752
196 219 5.042036
196 222 4.766859
196 223 3.127102
196 224 3.574932
196 225 3.742263
196 226 4.942044
196 227 3.355126
196 228 2.670831
196 229 4.639847
196 230 4.185252
196 231 3.793465
196 232 2.449544
196 233 2.963784
196 234 3.918065
196 235 5.092857
196 237 3.742284
196 238 1.980907
196 239 4.475139
196 240 4.792138
196 241 3.235857
196 242 3.582355
196 243 5.109758
196 248 4.352491
197 203 3.060581
197 204 4.380244
197 208 2.962955
197 209 4.496659
197 212 5.050629
197 218 5.137357
197 228 5.109845
197 232 4.690861
198 203 3.347946
198 204 4.745680
198 208 2.783244
198 211 4.964850
198 212 5.197401
198 213 5.052276
198 218 4.268645
198 228 4.807224
199 203 3.318603
199 204 4.565613
199 205 4.883225
199 208 3.588486
199 209 4.853501
199 213 4.833034
199 218 4.544541
199 222 5.165508
199 223 4.322073
199 224 4.610382
199 227 3.666404
199 228 3.501944
199 230 4.417052
199 231 3.483918
199 232 2.883960
199 233 5.007720
199 238 4.177779
200 203 3.423205
200 204 4.539586
200 208 3.572352
200 209 4.401984
200 232 4.507793
200 238 4.952553
200 241 4.955899
201 203 2.784915
201 204 4.034033
201 205 5.193493
201 207 4.662461
201 208 2.430690
201 209 4.176807
201 211 4.910331
201 212 4.265993
201 218 4.998987
202 203 4.039154
202 208 3.808910
203 213 2.812924
203 214 4.199697
203 215 4.669120
203 217 4.935829
203 218 2.528464
203 219 4.851262
203 221 5.055261
203 222 4.691398
203 223 4.302101
203 228 3.617842
203 232 4.513068
203 233 4.814071
203 237 5.064837
203 238 3.819540
203 241 4.672398
203 242 4.479807
204 213 2.432698
204 214 3.801814
204 215 4.366043
204 217 4.861331
204 218 2.551905
204 219 4.161663
204 221 4.950004
204 222 4.930841
204 223 4.371812
204 228 3.967107
204 232 5.069385
204 233 4.531009
204 234 5.096204
204 237 4.411390
204 238 3.649583
204 241 4.283489
204 242 3.594694
204 248 4.304447
205 213 1.334992
205 214 2.434090
205 215 2.954229
205 216 3.753706
205 217 3.719958
205 218 2.027699
205 219 2.752761
205 220 4.556540
205 221 3.990807
205 222 3.963569
205 223 3.247604
205 224 4.395476
205 225 4.455453
205 227 5.085367
205 228 3.094999
205 232 4.636849
205 233 3.734817
205 234 4.450522
205 235 4.850510
205 237 4.164320
205 238 3.011002
205 240 5.078298
205 241 4.327647
205 242 3.311755
205 243 4.140249
205 244 5.081213
205 247 4.743335
205 248 3.138618
205 251 4.422218
205 252 4.204982
205 259 5.197116
206 213 2.253546
206 214 2.776551
206 215 2.869766
206 216 3.288717
206 217 4.267454
206 218 3.143737
206 219 2.817272
206 220 4.892042
206 221 4.683019
206 222 4.637730
206 223 3.354044
206 224 4.254297
206 225 3.929500
206 226 4.827792
206 227 5.149632
206 228 3.548714
206 229 5.042105
206 232 4.767725
206 233 3.127300
206 234 3.574910
206 235 3.742979
206 236 4.941413
206 237 3.355027
206 238 2.671077
206 239 4.639542
206 240 4.184836
206 241 3.793923
206 242 2.449329
206 243 2.964328
206 244 3.917360
206 245 5.091775
206 247 3.741925
206 248 1.981015
206 249 4.474381
206 250 4.792201
206 251 3.583149
206 252 3.235924
206 253 5.109713
206 259 4.352839
207 213 3.059232
207 214 4.378996
207 218 2.960882
207 219 4.494966
207 221 5.050623
207 228 5.137427
207 238 5.109386
207 242 4.691136
208 213 3.347496
208 214 4.745665
208 218 2.782457
208 221 5.199315
208 222 4.966257
208 223 5.053053
208 228 4.269744
208 238 4.806489
209 213 3.318425
209 214 4.565568
209 215 4.883685
209 218 3.587700
209 219 4.852769
209 223 4.834383
209 228 4.546142
209 232 5.166693
209 233 4.323053
209 234 4.611054
209 237 3.667252
209 238 3.503242
209 240 4.417389
209 241 3.484627
209 242 2.885392
209 243 5.009204
209 248 4.179034
210 213 3.421656
210 214 4.537909
210 218 3.570268
210 219 4.399714
210 242 4.508113
210 248 4.951799
210 252 4.955757
211 213 2.783061
211 214 4.032355
211 215 5.191600
211 217 4.661494
211 218 2.428022
211 219 4.174964
211 221 4.265563
211 222 4.908853
211 228 4.998263
212 213 4.037947
212 218 3.806679
213 223 2.813702
213 224 4.199825
213 225 4.669169
213 227 4.935697
213 228 2.529157
213 229 4.851441
213 231 5.054741
213 232 4.691092
213 233 4.301471
213 238 3.617038
213 242 4.512523
213 243 4.814745
213 247 5.065106
213 248 3.819768
213 251 4.481259
213 252 4.672882
214 223 2.432952
214 224 3.801464
214 225 4.365878
214 227 4.860906
214 228 2.552055
214 229 4.161404
214 231 4.949232
214 232 4.930462
214 233 4.370728
214 238 3.965807
214 242 5.068184
214 243 4.530956
214 244 5.095309
214 247 4.411071
214 248 3.649008
214 251 3.595389
214 252 4.283195
214 259 4.305122
215 223 1.335683
215 224 2.434498
215 225 2.954948
215 226 3.754492
215 227 3.720337
215 228 2.028103
215 229 2.753186
215 230 4.557309
215 231 3.990592
215 232 3.964166
215 233 3.247180
215 234 4.395707
215 235 4.456085
215 237 5.085036
215 238 3.094272
215 242 4.635950
215 243 3.735215
215 244 4.449851
215 245 4.849613
215 247 4.163945
215 248 3.011055
215 250 5.077966
215 251 3.312197
215 252 4.327184
215 253 4.140559
215 254 5.081291
215 258 4.743700
215 259 3.139536
215 261 4.187232
215 262 4.441245
216 223 2.253781
216 224 2.776808
216 225 2.870726
216 226 3.289277
216 227 4.267830
216 228 3.143969
216 229 2.817475
216 230 4.892683
216 231 4.682658
216 232 4.638556
216 233 3.353886
216 234 4.254602
216 235 3.930147
216 236 4.827717
216 237 5.149298
216 238 3.548183
216 239 5.042856
216 242 4.766730
216 243 3.127553
216 244 3.574328
216 245 3.742154
216 246 4.941260
216 247 3.354639
216 248 2.670965
216 249 4.638863
216 250 4.184310
216 251 2.449434
216 252 3.793330
216 253 2.964686
216 254 3.917441
216 255 5.092429
216 257 5.104416
216 258 3.742280
216 259 1.982083
216 260 4.474055
216 261 3.218786
216 262 3.602219
216 263 4.789788
217 223 3.059842
217 224 4.378978
217 228 2.961272
217 229 4.494853
217 231 5.050277
217 238 5.136928
217 248 5.109506
217 251 4.691677
218 223 3.348968
218 224 4.746450
218 228 2.783738
218 231 5.199473
218 232 4.966080
218 233 5.052725
218 238 4.269235
218 248 4.807065
219 223 3.318548
219 224 4.565086
219 225 4.883301
219 228 3.587811
219 229 4.852437
219 233 4.833013
219 238 4.544519
219 242 5.164701
219 243 4.322231
219 244 4.609691
219 247 3.666507
219 248 3.501669
219 250 4.417193
219 251 2.885760
219 252 3.483711
219 253 5.009005
219 259 4.179551
220 223 3.422571
220 224 4.538190
220 228 3.570932
220 229 4.399833
220 251 4.508715
220 259 4.952934
220 261 4.944146
221 223 4.038820
221 228 3.807409
222 223 2.784735
222 224 4.033568
222 225 5.193133
222 227 4.662421
222 228 2.429201
222 229 4.176165
222 231 4.266323
222 232 4.909640
222 238 4.998663
223 233 2.812805
223 234 4.200071
223 235 4.669714
223 237 4.935728
223 238 2.528297
223 239 4.851803
223 241 5.055169
223 242 4.690804
223 243 4.302245
223 248 3.617900
223 251 4.513431
223 253 4.814715
223 258 5.064755
223 259 3.820145
223 261 4.653268
223 262 4.497658
224 233 2.432430
224 234 3.802181
224 235 4.366477
224 237 4.861173
224 238 2.551549
224 239 4.162580
224 241 4.949917
224 242 4.930124
224 243 4.371501
224 248 3.966758
224 251 5.068628
224 253 4.530937
224 254 5.095050
224 258 4.410967
224 259 3.649090
224 261 4.263548
224 262 3.608933
225 233 1.334730
225 234 2.434633
225 235 2.955341
225 236 3.754337
225 237 3.719815
225 238 2.027172
225 239 2.753724
225 240 4.556555
225 241 3.990382
225 242 3.963107
225 243 3.248078
225 244 4.395692
225 245 4.455852
225 247 5.085391
225 248 3.095409
225 251 4.636938
225 253 3.735851
225 254 4.450492
225 255 4.850635
225 257 4.193688
225 258 4.164898
225 259 3.011563
225 261 4.308871
225 262 3.324225
225 263 5.087392
226 233 2.254300
226 234 2.777509
226 235 2.870638
226 236 3.288838
226 237 4.267936
226 238 3.144379
226 239 2.818962
226 240 4.892459
226 241 4.683454
226 242 4.637961
226 243 3.354139
226 244 4.253925
226 245 3.928932
226 246 4.826845
226 247 5.148934
226 248 3.549012
226 249 5.041760
226 251 4.766725
226 253 3.126836
226 254 3.573577
226 255 3.741753
226 256 4.950404
226 257 3.018618
226 258 3.354394
226 259 2.670007
226 260 4.638229
226 261 3.776165
226 262 2.455807
226 263 4.195191
227 233 3.059598
227 234 4.380110
227 238 2.961111
227 239 4.496421
227 241 5.051231
227 248 5.138274
227 259 5.109769
227 262 4.701832
228 233 3.348482
228 234 4.747137
228 238 2.783347
228 242 4.966458
228 243 5.053926
228 248 4.270465
228 259 4.807702
229 233 3.317916
229 234 4.565588
229 235 4.883599
229 238 3.587127
229 239 4.853614
229 243 4.833398
229 248 4.545065
229 251 5.164752
229 253 4.322057
229 254 4.609267
229 257 5.031255
229 258 3.666271
229 259 3.501594
229 261 3.465212
229 262 2.899001
229 263 4.421949
230 233 3.422855
230 234 4.539729
230 238 3.571439
230 239 4.401912
230 262 4.514514
231 233 4.037563
231 238 3.806314
232 233 2.785236
232 234 4.035357
232 235 5.194823
232 237 4.663863
232 238 2.429714
232 239 4.178149
232 241 4.267669
232 242 4.910523
232 248 5.000703
233 243 2.814145
233 244 4.200079
233 245 4.669253
233 247 4.935873
233 248 2.529765
233 249 4.851621
233 251 4.691512
233 252 5.055559
233 253 4.302349
233 257 4.877028
233 259 3.617744
233 262 4.524571
234 243 2.432863
234 244 3.801596
234 245 4.365674
234 247 4.860834
234 248 2.552345
234 249 4.161469
234 251 4.930543
234 252 4.949768
234 253 4.371441
234 257 4.603100
234 259 3.966454
234 262 5.077318
235 243 1.335488
235 244 2.434595
235 245 2.954671
235 246 3.753975
235 247 3.720088
235 248 2.028334
235 249 2.753002
235 250 4.556591
235 251 3.963878
235 252 3.990871
235 253 3.247979
235 254 4.395714
235 255 4.455959
235 257 3.785957
235 258 5.085765
235 259 3.095111
235 262 4.644874
236 243 2.253670
236 244 2.777358
236 245 2.870587
236 246 3.289161
236 247 4.267648
236 248 3.144117
236 249 2.818216
236 250 4.892008
236 251 4.637844
236 252 4.683055
236 253 3.354138
236 254 4.254510
236 255 3.929897
236 256 4.851091
236 257 3.181355
236 258 5.149662
236 259 3.548262
236 260 5.042604
236 262 4.770517
237 243 3.059629
237 244 4.379111
237 248 2.961413
237 249 4.495049
237 252 5.050953
237 259 5.137509
238 243 3.349505
238 244 4.746699
238 248 2.784503
238 251 4.966960
238 253 5.053648
238 259 4.270127
239 243 3.318297
239 244 4.565247
239 245 4.883373
239 248 3.587856
239 249 4.852563
239 253 4.833922
239 257 4.411565
239 259 4.545169
239 262 5.170858
240 243 3.422641
240 244 4.538867
240 248 3.571419
240 249 4.400721
241 243 4.038538
241 248 3.807527
242 243 2.784698
242 244 4.033822
242 245 5.192833
242 247 4.662735
242 248 2.429279
242 249 4.176450
242 251 4.910299
242 252 4.267214
242 259 4.999469
243 253 2.813671
243 254 4.199733
243 255 4.669230
243 257 4.323903
243 258 4.935989
243 259 2.529429
243 260 4.851132
243 261 5.040884
243 262 4.703120
244 253 2.432759
244 254 3.801665
244 255 4.366053
244 257 4.361827
244 258 4.860925
244 259 2.551921
244 260 4.161580
244 261 4.939298
244 262 4.940754
245 253 1.335002
245 254 2.434820
245 255 2.955243
245 256 3.733713
245 257 3.210734
245 258 3.720189
245 259 2.027109
245 260 2.753518
245 261 3.984141
245 262 3.970429
245 263 4.556866
246 253 2.253337
246 254 2.777429
246 255 2.870584
246 256 3.270499
246 257 3.300874
246 258 4.267774
246 259 3.143337
246 260 2.818589
246 261 4.680681
246 262 4.640364
246 263 4.892370
247 253 3.059660
247 254 4.379012
247 259 2.961703
247 260 4.494731
247 261 5.041678
248 253 3.349237
248 254 4.746503
248 257 5.076966
248 259 2.784502
248 261 5.184191
248 262 4.981383
249 253 3.317817
249 254 4.565041
249 255 4.883300
249 257 4.828241
249 259 3.587082
249 260 4.852556
250 253 3.421968
250 254 4.537948
250 259 3.571138
250 260 4.399487
251 253 2.784365
251 254 4.033056
251 255 5.192479
251 258 4.662265
251 259 2.429761
251 260 4.175134
251 261 4.256698
251 262 4.925234
252 253 4.038171
252 259 3.807561

RESIDUES
ALA 1
 0.0 12.000000
 0.1 12.000000
 0.2 12.000000
 0.3 12.000000
 0.4 12.000000
 0.5 12.000000
 0.6 12.000000
 0.7 12.000000
 0.8 12.000000
 0.9 12.000000
 1.0 12.000000
 1.1 11.666667
 1.2 11.666667
 1.3 11.666667
 1.4 11.666667
 1.5 11.666667
 1.6 11.545455
 1.7 10.875000
 1.8 10.531250
 1.9 10.500000
 2.0 10.360465
 2.1 10.242424
 2.2 9.299017
 2.3 8.208918
 2.4 7.847053
 2.5 7.241421
 2.6 6.127435
 2.7 4.930341
 2.8 3.352486
 2.9 2.522393
 3.0 2.021595
 3.1 1.235679
 3.2 1.147942
 3.3 1.405468
 3.4 1.833956
 3.5 2.001018
 3.6 2.068866
 3.7 1.958125
 3.8 1.672152
 3.9 1.221544
 4.0 1.121803
 4.1 1.407025
 4.2 1.561546
 4.3 1.776555
 4.4 1.847170
 4.5 2.037984
 4.6 2.177528
 4.7 2.635360
 4.8 3.477299
 4.9 4.167846
 5.0 4.217620
 5.1 4.416716
 5.2 4.631347

ALA 2
 0.0 10.000000
 0.1 10.000000
 0.2 10.000000
 0.3 10.000000
 0.4 10.000000
 0.5 10.000000
 0.6 10.000000
 0.7 10.000000
 0.8 10.000000
 0.9 10.000000
 1.0 10.000000
 1.1 9.166667
 1.2 9.166667
 1.3 9.166667
 1.4 9.166667
 1.5 9.166667
 1.6 9.045455
 1.7 8.437500
 1.8 7.921875
 1.9 7.857143
 2.0 7.569767
 2.1 7.338384
 2.2 5.604731
 2.3 3.635642
 2.4 3.028871
 2.5 2.017107
 2.6 -0.117478
 2.7 -2.375258
 2.8 -5.166996
 2.9 -6.363374
 3.0 -7.045957
 3.1 -7.877293
 3.2 -7.572907
 3.3 -6.516373
 3.4 -4.928105
 3.5 -4.016287
 3.6 -3.057909
 3.7 -2.692649
 3.8 -2.536563
 3.9 -2.713988
 4.0 -3.010981
 4.1 -2.647506
 4.2 -2.287285
 4.3 -1.494100
 4.4 -1.129193
 4.5 -0.648756
 4.6 -0.491178
 4.7 -0.399646
 4.8 0.398491
 4.9 1.681686
 5.0 1.389879
 5.1 1.708603
 5.2 2.658075

ALA 3
 0.0 10.000000
 0.1 10.000000
 0.2 10.000000
 0.3 10.000000
 0.4 10.000000
 0.5 10.000000
 0.6 10.000000
 0.7 10.000000
 0.8 10.000000
 0.9 10.000000
 1.0 10.000000
 1.1 9.166667
 1.2 9.166667
 1.3 9.166667
 1.4 9.166667
 1.5 9.166667
 1.6 9.136364
 1.7 8.875000
 1.8 8.343750
 1.9 8.285714
 2.0 8.011628
 2.1 7.787879
 2.2 6.230446
 2.3 4.478315
 2.4 3.941750
 2.5 2.996138
 2.6 0.854609
 2.7 -1.409416
 2.8 -4.114969
 2.9 -5.080289
 3.0 -5.596252
 3.1 -5.927959
 3.2 -5.096396
 3.3 -3.357107
 3.4 -1.072956
 3.5 0.061643
 3.6 1.338715
 3.7 1.827943
 3.8 2.204366
 3.9 2.416688
 4.0 2.947933
 4.1 3.802594
 4.2 4.269915
 4.3 5.044291
 4.4 5.257840
 4.5 5.843356
 4.6 6.741626
 4.7 8.776285
 4.8 12.418639
 4.9 16.238300
 5.0 17.074438
 5.1 18.385780
 5.2 20.117246

ALA 4
 0.0 10.000000
 0.1 10.000000
 0.2 10.000000
 0.3 10.000000
 0.4 10.000000
 0.5 10.000000
 0.6 10.000000
 0.7 10.000000
 0.8 10.000000
 0.9 10.000000
 1.0 10.000000
 1.1 9.500000
 1.2 9.500000
 1.3 9.500000
 1.4 9.500000
 1.5 9.500000
 1.6 9.409091
 1.7 8.875000
 1.8 8.468750
 1.9 8.428571
 2.0 8.156977
 2.1 7.939394
 2.2 6.380880
 2.3 4.570121
 2.4 3.960508
 2.5 2.881138
 2.6 0.673130
 2.7 -1.718154
 2.8 -4.621708
 2.9 -5.685920
 3.0 -6.237410
 3.1 -6.702969
 3.2 -5.927338
 3.3 -4.375279
 3.4 -2.449930
 3.5 -1.567449
 3.6 -0.774009
 3.7 -0.643665
 3.8 -0.730490
 3.9 -1.093765
 4.0 -1.072489
 4.1 -0.189483
 4.2 0.373713
 4.3 1.338210
 4.4 1.617682
 4.5 1.956502
 4.6 2.071758
 4.7 2.683708
 4.8 4.372217
 4.9 7.169066
 5.0 7.151171
 5.1 8.052609
 5.2 9.455042

ALA 5
 0.0 10.000000
 0.1 10.000000
 0.2 10.000000
 0.3 10.000000
 0.4 10.000000
 0.5 10.000000
 0.6 10.000000
 0.7 10.000000
 0.8 10.000000
 0.9 10.000000
 1.0 10.000000
 1.1 9.500000
 1.2 9.500000
 1.3 9.500000
 1.4 9.500000
 1.5 9.500000
 1.6 9.409091
 1.7 8.812500
 1.8 8.140625
 1.9 8.071429
 2.0 7.750000
 2.1 7.484848
 2.2 5.802766
 2.3 4.006065
 2.4 3.442674
 2.5 2.459044
 2.6 0.375196
 2.7 -1.896002
 2.8 -4.659455
 2.9 -5.578364
 3.0 -6.041479
 3.1 -6.282424
 3.2 -5.292780
 3.3 -3.325860
 3.4 -0.770720
 3.5 0.513154
 3.6 1.989159
 3.7 2.469104
 3.8 2.523727
 3.9 2.458491
 4.0 3.212872
 4.1 5.226978
 4.2 7.172817
 4.3 9.803043
 4.4 10.858798
 4.5 12.251413
 4.6 13.253495
 4.7 14.766414
 4.8 17.867045
 4.9 22.882204
 5.0 24.097692
 5.1 25.801094
 5.2 28.681540

ALA 6
 0.0 10.000000
 0.1 10.000000
 0.2 10.000000
 0.3 10.000000
 0.4 10.000000
 0.5 10.000000
 0.6 10.000000
 0.7 10.000000
 0.8 10.000000
 0.9 10.000000
 1.0 10.000000
 1.1 9.500000
 1.2 9.500000
 1.3 9.500000
 1.4 9.500000
 1.5 9.500000
 1.6 9.409091
 1.7 8.812500
 1.8 8.078125
 1.9 8.000000
 2.0 7.691860
 2.1 7.434343
 2.2 5.777063
 2.3 4.017573
 2.4 3.483091
 2.5 2.519327
 2.6 0.432087
 2.7 -1.838868
 2.8 -4.600597
 2.9 -5.528228
 3.0 -6.010136
 3.1 -6.253767
 3.2 -5.262165
 3.3 -3.296009
 3.4 -0.738712
 3.5 0.540341
 3.6 2.013157
 3.7 2.508673
 3.8 2.563215
 3.9 2.476563
 4.0 3.199343
 4.1 5.064417
 4.2 6.401883
 4.3 8.597735
 4.4 9.465489
 4.5 10.536730
 4.6 11.239835
 4.7 12.588158
 4.8 15.070346
 4.9 18.508063
 5.0 18.187671
 5.1 19.146061
 5.2 20.649777

ALA 7
 0.0 10.000000
 0.1 10.000000
 0.2 10.000000
 0.3 10.000000
 0.4 10.000000
 0.5 10.000000
 0.6 10.000000
 0.7 10.000000
 0.8 10.000000
 0.9 10.000000
 1.0 10.000000
 1.1 9.500000
 1.2 9.500000
 1.3 9.500000
 1.4 9.500000
 1.5 9.500000
 1.6 9.409091
 1.7 8.750000
 1.8 8.000000
 1.9 7.928571
 2.0 7.662791
 2.1 7.434343
 2.2 5.762743
 2.3 4.058478
 2.4 3.524720
 2.5 2.539736
 2.6 0.464674
 2.7 -1.793239
 2.8 -4.583101
 2.9 -5.520259
 3.0 -5.994610
 3.1 -6.250965
 3.2 -5.253093
 3.3 -3.273345
 3.4 -0.695693
 3.5 0.588548
 3.6 2.075631
 3.7 2.546101
 3.8 2.588662
 3.9 2.481877
 4.0 3.201202
 4.1 5.095151
 4.2 6.430003
 4.3 8.610523
 4.4 9.466245
 4.5 10.522022
 4.6 11.173093
 4.7 12.518140
 4.8 15.014918
 4.9 18.451008
 5.0 18.111786
 5.1 19.082493
 5.2 20.572879

ALA 8
 0.0 10.000000
 0.1 10.000000
 0.2 10.000000
 0.3 10.000000
 0.4 10.000000
 0.5 10.000000
 0.6 10.000000
 0.7 10.000000
 0.8 10.000000
 0.9 10.000000
 1.0 10.000000
 1.1 9.333333
 1.2 9.333333
 1.3 9.333333
 1.4 9.333333
 1.5 9.333333
 1.6 9.272727
 1.7 8.750000
 1.8 7.937500
 1.9 7.857143
 2.0 7.604651
 2.1 7.383838
 2.2 5.711314
 2.3 3.991668
 2.4 3.462220
 2.5 2.500428
 2.6 0.422283
 2.7 -1.843617
 2.8 -4.623315
 2.9 -5.576631
 3.0 -6.056800
 3.1 -6.291903
 3.2 -5.273561
 3.3 -3.284647
 3.4 -0.700960
 3.5 0.584279
 3.6 2.059930
 3.7 2.518629
 3.8 2.560950
 3.9 2.480251
 4.0 3.198252
 4.1 5.099746
 4.2 6.457213
 4.3 8.631428
 4.4 9.479385
 4.5 10.536102
 4.6 11.205706
 4.7 12.548042
 4.8 15.030017
 4.9 18.416497
 5.0 18.097505
 5.1 19.047866
 5.2 20.498905

ALA 9
 0.0 10.000000
 0.1 10.000000
 0.2 10.000000
 0.3 10.000000
 0.4 10.000000
 0.5 10.000000
 0.6 10.000000
 0.7 10.000000
 0.8 10.000000
 0.9 10.000000
 1.0 10.000000
 1.1 9.333333
 1.2 9.333333
 1.3 9.333333
 1.4 9.333333
 1.5 9.333333
 1.6 9.272727
 1.7 8.812500
 1.8 8.078125
 1.9 8.000000
 2.0 7.720930
 2.1 7.484848
 2.2 5.825623
 2.3 4.083651
 2.4 3.544947
 2.5 2.551283
 2.6 0.446196
 2.7 -1.833811
 2.8 -4.598988
 2.9 -5.565902
 3.0 -6.028472
 3.1 -6.241313
 3.2 -5.227606
 3.3 -3.243697
 3.4 -0.652555
 3.5 0.619977
 3.6 2.068560
 3.7 2.520024
 3.8 2.550599
 3.9 2.454589
 4.0 3.174441
 4.1 5.061975
 4.2 6.432906
 4.3 8.620903
 4.4 9.483706
 4.5 10.549202
 4.6 11.229763
 4.7 12.570923
 4.8 15.039988
 4.9 18.408535
 5.0 18.061088
 5.1 19.007861
 5.2 20.451431

ALA 10
 0.0 10.000000
 0.1 10.000000
 0.2 10.000000
 0.3 10.000000
 0.4 10.000000
 0.5 10.000000
 0.6 10.000000
 0.7 10.000000
 0.8 10.000000
 0.9 10.000000
 1.0 10.000000
 1.1 9.166667
 1.2 9.166667
 1.3 9.166667
 1.4 9.166667
 1.5 9.166667
 1.6 9.136364
 1.7 8.750000
 1.8 8.000000
 1.9 7.928571
 2.0 7.633721
 2.1 7.383838
 2.2 5.708480
 2.3 4.014685
 2.4 3.480553
 2.5 2.504648
 2.6 0.451304
 2.7 -1.809101
 2.8 -4.587632
 2.9 -5.563463
 3.0 -6.038691
 3.1 -6.289485
 3.2 -5.290961
 3.3 -3.328370
 3.4 -0.757825
 3.5 0.527133
 3.6 1.998689
 3.7 2.478071
 3.8 2.541547
 3.9 2.492143
 4.0 3.219704
 4.1 5.081143
 4.2 6.397974
 4.3 8.579506
 4.4 9.443182
 4.5 10.497133
 4.6 11.185886
 4.7 12.535949
 4.8 15.016803
 4.9 18.351114
 5.0 17.971255
 5.1 18.899650
 5.2 20.339032

ALA 11
 0.0 10.000000
 0.1 10.000000
 0.2 10.000000
 0.3 10.000000
 0.4 10.000000
 0.5 10.000000
 0.6 10.000000
 0.7 10.000000
 0.8 10.000000
 0.9 10.000000
 1.0 10.000000
 1.1 9.166667
 1.2 9.166667
 1.3 9.166667
 1.4 9.166667
 1.5 9.166667
 1.6 9.136364
 1.7 8.656250
 1.8 7.859375
 1.9 7.785714
 2.0 7.517442
 2.1 7.282828
 2.2 5.634171
 2.3 3.955030
 2.4 3.416765
 2.5 2.464786
 2.6 0.432783
 2.7 -1.808465
 2.8 -4.583770
 2.9 -5.544899
 3.0 -6.032557
 3.1 -6.280507
 3.2 -5.287062
 3.3 -3.296223
 3.4 -0.718406
 3.5 0.592080
 3.6 2.062798
 3.7 2.532338
 3.8 2.575814
 3.9 2.511857
 4.0 3.211518
 4.1 5.076461
 4.2 6.417608
 4.3 8.608048
 4.4 9.476807
 4.5 10.536000
 4.6 11.214131
 4.7 12.555089
 4.8 15.045889
 4.9 18.367393
 5.0 17.979527
 5.1 18.916690
 5.2 20.355031

ALA 12
 0.0 10.000000
 0.1 10.000000
 0.2 10.000000
 0.3 10.000000
 0.4 10.000000
 0.5 10.000000
 0.6 10.000000
 0.7 10.000000
 0.8 10.000000
 0.9 10.000000
 1.0 10.000000
 1.1 9.333333
 1.2 9.333333
 1.3 9.333333
 1.4 9.333333
 1.5 9.333333
 1.6 9.272727
 1.7 8.750000
 1.8 8.000000
 1.9 7.928571
 2.0 7.662791
 2.1 7.434343
 2.2 5.777017
 2.3 4.062056
 2.4 3.510818
 2.5 2.508277
 2.6 0.434587
 2.7 -1.835846
 2.8 -4.594623
 2.9 -5.508312
 3.0 -5.958920
 3.1 -6.172765
 3.2 -5.160698
 3.3 -3.182640
 3.4 -0.636094
 3.5 0.635685
 3.6 2.090485
 3.7 2.536321
 3.8 2.572158
 3.9 2.465814
 4.0 3.192406
 4.1 5.076296
 4.2 6.434996
 4.3 8.622632
 4.4 9.479487
 4.5 10.537242
 4.6 11.216201
 4.7 12.568598
 4.8 15.055418
 4.9 18.336418
 5.0 17.913110
 5.1 18.822990
 5.2 20.199687

ALA 13
 0.0 10.000000
 0.1 10.000000
 0.2 10.000000
 0.3 10.000000
 0.4 10.000000
 0.5 10.000000
 0.6 10.000000
 0.7 10.000000
 0.8 10.000000
 0.9 10.000000
 1.0 10.000000
 1.1 9.333333
 1.2 9.333333
 1.3 9.333333
 1.4 9.333333
 1.5 9.333333
 1.6 9.272727
 1.7 8.750000
 1.8 8.125000
 1.9 8.071429
 2.0 7.779070
 2.1 7.535354
 2.2 5.885600
 2.3 4.118823
 2.4 3.555023
 2.5 2.530302
 2.6 0.417935
 2.7 -1.851049
 2.8 -4.625418
 2.9 -5.564392
 3.0 -6.022093
 3.1 -6.251682
 3.2 -5.256668
 3.3 -3.280587
 3.4 -0.705425
 3.5 0.562640
 3.6 2.050709
 3.7 2.508133
 3.8 2.540512
 3.9 2.436890
 4.0 3.177583
 4.1 5.073076
 4.2 6.429357
 4.3 8.623971
 4.4 9.483897
 4.5 10.550646
 4.6 11.232278
 4.7 12.597101
 4.8 15.088557
 4.9 18.401240
 5.0 17.964945
 5.1 18.876243
 5.2 20.254613

ALA 14
 0.0 10.000000
 0.1 10.000000
 0.2 10.000000
 0.3 10.000000
 0.4 10.000000
 0.5 10.000000
 0.6 10.000000
 0.7 10.000000
 0.8 10.000000
 0.9 10.000000
 1.0 10.000000
 1.1 9.500000
 1.2 9.500000
 1.3 9.500000
 1.4 9.500000
 1.5 9.500000
 1.6 9.409091
 1.7 8.750000
 1.8 8.187500
 1.9 8.142857
 2.0 7.866279
 2.1 7.636364
 2.2 5.928469
 2.3 4.121711
 2.4 3.542409
 2.5 2.514063
 2.6 0.384239
 2.7 -1.880791
 2.8 -4.637879
 2.9 -5.555878
 3.0 -6.011171
 3.1 -6.218432
 3.2 -5.205567
 3.3 -3.237652
 3.4 -0.668079
 3.5 0.607575
 3.6 2.086033
 3.7 2.546965
 3.8 2.584859
 3.9 2.481939
 4.0 3.217718
 4.1 5.079225
 4.2 6.408209
 4.3 8.607953
 4.4 9.475309
 4.5 10.541511
 4.6 11.221727
 4.7 12.590278
 4.8 15.089216
 4.9 18.411799
 5.0 18.022974
 5.1 18.961152
 5.2 20.393794

ALA 15
 0.0 10.000000
 0.1 10.000000
 0.2 10.000000
 0.3 10.000000
 0.4 10.000000
 0.5 10.000000
 0.6 10.000000
 0.7 10.000000
 0.8 10.000000
 0.9 10.000000
 1.0 10.000000
 1.1 9.500000
 1.2 9.500000
 1.3 9.500000
 1.4 9.500000
 1.5 9.500000
 1.6 9.409091
 1.7 8.656250
 1.8 8.046875
 1.9 8.000000
 2.0 7.750000
 2.1 7.535354
 2.2 5.868457
 2.3 4.153306
 2.4 3.600477
 2.5 2.580616
 2.6 0.453804
 2.7 -1.825361
 2.8 -4.621216
 2.9 -5.585824
 3.0 -6.060604
 3.1 -6.296510
 3.2 -5.289910
 3.3 -3.315549
 3.4 -0.711071
 3.5 0.582773
 3.6 2.076901
 3.7 2.561468
 3.8 2.612461
 3.9 2.528123
 4.0 3.252619
 4.1 5.108294
 4.2 6.418670
 4.3 8.620344
 4.4 9.475151
 4.5 10.539200
 4.6 11.220705
 4.7 12.610589
 4.8 15.089038
 4.9 18.422775
 5.0 18.049127
 5.1 18.990118
 5.2 20.404385

ALA 16
 0.0 10.000000
 0.1 10.000000
 0.2 10.000000
 0.3 10.000000
 0.4 10.000000
 0.5 10.000000
 0.6 10.000000
 0.7 10.000000
 0.8 10.000000
 0.9 10.000000
 1.0 10.000000
 1.1 9.333333
 1.2 9.333333
 1.3 9.333333
 1.4 9.333333
 1.5 9.333333
 1.6 9.272727
 1.7 8.750000
 1.8 8.000000
 1.9 7.928571
 2.0 7.633721
 2.1 7.383838
 2.2 5.745589
 2.3 4.068522
 2.4 3.537333
 2.5 2.549157
 2.6 0.471543
 2.7 -1.788178
 2.8 -4.563833
 2.9 -5.532470
 3.0 -5.997933
 3.1 -6.248642
 3.2 -5.235162
 3.3 -3.263532
 3.4 -0.676505
 3.5 0.587786
 3.6 2.057289
 3.7 2.502841
 3.8 2.536933
 3.9 2.443134
 4.0 3.188432
 4.1 5.098415
 4.2 6.456742
 4.3 8.628860
 4.4 9.482868
 4.5 10.553217
 4.6 11.216962
 4.7 12.559737
 4.8 15.060591
 4.9 18.409444
 5.0 18.123384
 5.1 19.083381
 5.2 20.559039

ALA 17
 0.0 10.000000
 0.1 10.000000
 0.2 10.000000
 0.3 10.000000
 0.4 10.000000
 0.5 10.000000
 0.6 10.000000
 0.7 10.000000
 0.8 10.000000
 0.9 10.000000
 1.0 10.000000
 1.1 9.333333
 1.2 9.333333
 1.3 9.333333
 1.4 9.333333
 1.5 9.333333
 1.6 9.272727
 1.7 8.812500
 1.8 8.078125
 1.9 8.000000
 2.0 7.691860
 2.1 7.434343
 2.2 5.731303
 2.3 4.014642
 2.4 3.472939
 2.5 2.490453
 2.6 0.444717
 2.7 -1.812195
 2.8 -4.596255
 2.9 -5.534618
 3.0 -6.001232
 3.1 -6.260127
 3.2 -5.256913
 3.3 -3.279318
 3.4 -0.719989
 3.5 0.555821
 3.6 2.027199
 3.7 2.497716
 3.8 2.547670
 3.9 2.478286
 4.0 3.237002
 4.1 5.166980
 4.2 6.537567
 4.3 8.696440
 4.4 9.542149
 4.5 10.608098
 4.6 11.269337
 4.7 12.594254
 4.8 15.087969
 4.9 18.526516
 5.0 18.238570
 5.1 19.206207
 5.2 20.709464

ALA 18
 0.0 10.000000
 0.1 10.000000
 0.2 10.000000
 0.3 10.000000
 0.4 10.000000
 0.5 10.000000
 0.6 10.000000
 0.7 10.000000
 0.8 10.000000
 0.9 10.000000
 1.0 10.000000
 1.1 9.166667
 1.2 9.166667
 1.3 9.166667
 1.4 9.166667
 1.5 9.166667
 1.6 9.136364
 1.7 8.750000
 1.8 8.000000
 1.9 7.928571
 2.0 7.633721
 2.1 7.383838
 2.2 5.662731
 2.3 3.954297
 2.4 3.431273
 2.5 2.461635
 2.6 0.399457
 2.7 -1.826028
 2.8 -4.598813
 2.9 -5.509795
 3.0 -5.969352
 3.1 -6.182074
 3.2 -5.187919
 3.3 -3.209261
 3.4 -0.686981
 3.5 0.584556
 3.6 2.045741
 3.7 2.509641
 3.8 2.565051
 3.9 2.491939
 4.0 3.245285
 4.1 5.123401
 4.2 6.457274
 4.3 8.629215
 4.4 9.480875
 4.5 10.528770
 4.6 11.188874
 4.7 12.556087
 4.8 15.054524
 4.9 18.470367
 5.0 18.216704
 5.1 19.208267
 5.2 20.710438

ALA 19
 0.0 10.000000
 0.1 10.000000
 0.2 10.000000
 0.3 10.000000
 0.4 10.000000
 0.5 10.000000
 0.6 10.000000
 0.7 10.000000
 0.8 10.000000
 0.9 10.000000
 1.0 10.000000
 1.1 9.166667
 1.2 9.166667
 1.3 9.166667
 1.4 9.166667
 1.5 9.166667
 1.6 9.136364
 1.7 8.750000
 1.8 8.000000
 1.9 7.928571
 2.0 7.633721
 2.1 7.383838
 2.2 5.705589
 2.3 3.980159
 2.4 3.442636
 2.5 2.461101
 2.6 0.399783
 2.7 -1.832824
 2.8 -4.591054
 2.9 -5.540959
 3.0 -6.010375
 3.1 -6.268570
 3.2 -5.300016
 3.3 -3.322095
 3.4 -0.711315
 3.5 0.590640
 3.6 2.094132
 3.7 2.578606
 3.8 2.615032
 3.9 2.498201
 4.0 3.202065
 4.1 5.077392
 4.2 6.433252
 4.3 8.621044
 4.4 9.482099
 4.5 10.552994
 4.6 11.227234
 4.7 12.611714
 4.8 15.125548
 4.9 18.590606
 5.0 18.300081
 5.1 19.290408
 5.2 20.785583

ALA 20
 0.0 10.000000
 0.1 10.000000
 0.2 10.000000
 0.3 10.000000
 0.4 10.000000
 0.5 10.000000
 0.6 10.000000
 0.7 10.000000
 0.8 10.000000
 0.9 10.000000
 1.0 10.000000
 1.1 9.333333
 1.2 9.333333
 1.3 9.333333
 1.4 9.333333
 1.5 9.333333
 1.6 9.272727
 1.7 8.750000
 1.8 8.062500
 1.9 8.000000
 2.0 7.720930
 2.1 7.484848
 2.2 5.877029
 2.3 4.168392
 2.4 3.619417
 2.5 2.617824
 2.6 0.541109
 2.7 -1.753361
 2.8 -4.535778
 2.9 -5.499528
 3.0 -5.969650
 3.1 -6.228186
 3.2 -5.219097
 3.3 -3.257268
 3.4 -0.655875
 3.5 0.626866
 3.6 2.113297
 3.7 2.577335
 3.8 2.629430
 3.9 2.522947
 4.0 3.240077
 4.1 5.117211
 4.2 6.494524
 4.3 8.669574
 4.4 9.521433
 4.5 10.593011
 4.6 11.265156
 4.7 12.592744
 4.8 15.096428
 4.9 18.559819
 5.0 18.298132
 5.1 19.286095
 5.2 20.822580

ALA 21
 0.0 10.000000
 0.1 10.000000
 0.2 10.000000
 0.3 10.000000
 0.4 10.000000
 0.5 10.000000
 0.6 10.000000
 0.7 10.000000
 0.8 10.000000
 0.9 10.000000
 1.0 10.000000
 1.1 9.333333
 1.2 9.333333
 1.3 9.333333
 1.4 9.333333
 1.5 9.333333
 1.6 9.272727
 1.7 8.812500
 1.8 8.140625
 1.9 8.071429
 2.0 7.779070
 2.1 7.535354
 2.2 5.828446
 2.3 4.096539
 2.4 3.563848
 2.5 2.564874
 2.6 0.443261
 2.7 -1.834852
 2.8 -4.626572
 2.9 -5.626065
 3.0 -6.105445
 3.1 -6.346373
 3.2 -5.342296
 3.3 -3.383633
 3.4 -0.761838
 3.5 0.531309
 3.6 2.029800
 3.7 2.512192
 3.8 2.564031
 3.9 2.495062
 4.0 3.238848
 4.1 5.170636
 4.2 6.522037
 4.3 8.687383
 4.4 9.532607
 4.5 10.581330
 4.6 11.223193
 4.7 12.563368
 4.8 15.071939
 4.9 18.581621
 5.0 18.271184
 5.1 19.261336
 5.2 20.773447

ALA 22
 0.0 10.000000
 0.1 10.000000
 0.2 10.000000
 0.3 10.000000
 0.4 10.000000
 0.5 10.000000
 0.6 10.000000
 0.7 10.000000
 0.8 10.000000
 0.9 10.000000
 1.0 10.000000
 1.1 9.500000
 1.2 9.500000
 1.3 9.500000
 1.4 9.500000
 1.5 9.500000
 1.6 9.409091
 1.7 8.812500
 1.8 8.140625
 1.9 8.071429
 2.0 7.779070
 2.1 7.535354
 2.2 5.762731
 2.3 4.003866
 2.4 3.469152
 2.5 2.479447
 2.6 0.368630
 2.7 -1.878791
 2.8 -4.661409
 2.9 -5.620504
 3.0 -6.100850
 3.1 -6.314650
 3.2 -5.307544
 3.3 -3.317564
 3.4 -0.762306
 3.5 0.541705
 3.6 2.021814
 3.7 2.485972
 3.8 2.531983
 3.9 2.486486
 4.0 3.252674
 4.1 5.364761
 4.2 7.285318
 4.3 9.887860
 4.4 10.959185
 4.5 12.347154
 4.6 13.266836
 4.7 14.715564
 4.8 17.583417
 4.9 22.308912
 5.0 23.388959
 5.1 24.964691
 5.2 27.618429

ALA 23
 0.0 10.000000
 0.1 10.000000
 0.2 10.000000
 0.3 10.000000
 0.4 10.000000
 0.5 10.000000
 0.6 10.000000
 0.7 10.000000
 0.8 10.000000
 0.9 10.000000
 1.0 10.000000
 1.1 9.500000
 1.2 9.500000
 1.3 9.500000
 1.4 9.500000
 1.5 9.500000
 1.6 9.409091
 1.7 8.875000
 1.8 8.343750
 1.9 8.285714
 2.0 8.040698
 2.1 7.838384
 2.2 6.243737
 2.3 4.464517
 2.4 3.888538
 2.5 2.859119
 2.6 0.664413
 2.7 -1.720203
 2.8 -4.660126
 2.9 -5.846153
 3.0 -6.458888
 3.1 -6.943826
 3.2 -6.180100
 3.3 -4.632947
 3.4 -2.763515
 3.5 -1.903821
 3.6 -1.165063
 3.7 -1.065316
 3.8 -1.183808
 3.9 -1.432313
 4.0 -1.116664
 4.1 -0.014133
 4.2 0.788254
 4.3 1.927024
 4.4 2.239023
 4.5 2.593025
 4.6 2.848555
 4.7 3.515575
 4.8 5.284827
 4.9 8.772780
 5.0 9.788277
 5.1 10.945091
 5.2 12.996379

ALA 24
 0.0 10.000000
 0.1 10.000000
 0.2 10.000000
 0.3 10.000000
 0.4 10.000000
 0.5 10.000000
 0.6 10.000000
 0.7 10.000000
 0.8 10.000000
 0.9 10.000000
 1.0 10.000000
 1.1 9.333333
 1.2 9.333333
 1.3 9.333333
 1.4 9.333333
 1.5 9.333333
 1.6 9.272727
 1.7 8.875000
 1.8 8.343750
 1.9 8.285714
 2.0 8.040698
 2.1 7.838384
 2.2 6.260880
 2.3 4.639086
 2.4 4.142326
 2.5 3.268975
 2.6 1.311522
 2.7 -0.832434
 2.8 -3.446899
 2.9 -4.400158
 3.0 -4.906031
 3.1 -5.224799
 3.2 -4.264807
 3.3 -2.412284
 3.4 -0.079082
 3.5 1.085385
 3.6 2.391551
 3.7 2.705348
 3.8 2.630847
 3.9 2.411707
 4.0 2.712354
 4.1 3.772242
 4.2 4.668192
 4.3 5.638159
 4.4 6.105466
 4.5 6.747320
 4.6 6.917451
 4.7 7.222289
 4.8 8.497896
 4.9 10.657034
 5.0 11.044244
 5.1 11.690747
 5.2 13.054097

ALA 25
 0.0 10.000000
 0.1 10.000000
 0.2 10.000000
 0.3 10.000000
 0.4 10.000000
 0.5 10.000000
 0.6 10.000000
 0.7 10.000000
 0.8 10.000000
 0.9 10.000000
 1.0 10.000000
 1.1 9.333333
 1.2 9.333333
 1.3 9.333333
 1.4 9.333333
 1.5 9.333333
 1.6 9.272727
 1.7 8.875000
 1.8 8.343750
 1.9 8.285714
 2.0 8.011628
 2.1 7.787879
 2.2 6.263726
 2.3 4.670681
 2.4 4.173879
 2.5 3.295686
 2.6 1.337935
 2.7 -0.806777
 2.8 -3.444506
 2.9 -4.636246
 3.0 -5.336044
 3.1 -6.327697
 3.2 -6.052360
 3.3 -5.146106
 3.4 -3.898882
 3.5 -3.342602
 3.6 -2.675005
 3.7 -2.486345
 3.8 -2.524619
 3.9 -2.739186
 4.0 -2.438430
 4.1 -1.370163
 4.2 -0.613305
 4.3 0.378116
 4.4 0.762049
 4.5 1.263766
 4.6 1.340237
 4.7 1.504558
 4.8 2.011291
 4.9 3.304156
 5.0 3.490727
 5.1 3.870399
 5.2 4.646149

ALA 26
 0.0 0.000000
 0.1 0.000000
 0.2 0.000000
 0.3 0.000000
 0.4 0.000000
 0.5 0.000000
 0.6 0.000000
 0.7 0.000000
 0.8 0.000000
 0.9 0.000000
 1.0 0.000000
 1.1 0.000000
 1.2 0.000000
 1.3 0.000000
 1.4 0.000000
 1.5 0.000000
 1.6 0.000000
 1.7 0.000000
 1.8 0.000000
 1.9 0.000000
 2.0 0.000000
 2.1 0.000000
 2.2 0.000000
 2.3 0.000000
 2.4 0.000000
 2.5 0.000000
 2.6 0.000000
 2.7 0.000000
 2.8 0.000000
 2.9 0.000000
 3.0 0.000000
 3.1 0.000000
 3.2 0.000000
 3.3 0.000000
 3.4 0.000000
 3.5 0.000000
 3.6 0.000000
 3.7 0.000000
 3.8 0.000000
 3.9 0.000000
 4.0 0.000000
 4.1 0.000000
 4.2 0.000000
 4.3 0.000000
 4.4 0.000000
 4.5 0.000000
 4.6 0.000000
 4.7 0.000000
 4.8 0.000000
 4.9 0.000000
 5.0 0.000000
 5.1 0.000000
 5.2 0.000000

