ATOMS
N -12.238 -11.650 -11.484
CA -10.789 -11.650 -11.484
C -10.265 -10.221 -11.484
O -9.373 -9.885 -10.709

N -10.825 -9.380 -12.357
CA -10.414 -7.994 -12.455
C -10.569 -7.306 -11.106
O -9.662 -6.610 -10.656

N -11.721 -7.504 -10.463
CA -11.990 -6.905 -9.171
C -10.917 -7.313 -8.172
O -10.386 -6.471 -7.451

N -10.599 -8.609 -8.132
CA -9.593 -9.123 -7.224
C -8.269 -8.409 -7.452
O -7.622 -7.979 -6.500

N -7.867 -8.285 -8.720
CA -6.625 -7.626 -9.068
C -6.614 -6.206 -8.521
O -5.632 -5.778 -7.920

N -7.712 -5.477 -8.732
CA -7.826 -4.111 -8.261
C -7.612 -4.057 -6.755
O -6.862 -3.217 -6.263

N -8.274 -4.958 -6.024
CA -8.154 -5.010 -4.581
C -6.696 -5.189 -4.184
O -6.201 -4.489 -3.303

N -6.010 -6.130 -4.836
CA -4.615 -6.398 -4.550
C -3.792 -5.129 -4.726
O -2.976 -4.793 -3.871

N -4.009 -4.426 -5.840
CA -3.290 -3.201 -6.125
C -3.491 -2.202 -4.995
O -2.531 -1.600 -4.519

N -4.743 -2.028 -4.566
CA -5.064 -1.106 -3.496
C -4.275 -1.461 -2.244
O -3.686 -0.587 -1.611

N -4.265 -2.747 -1.888
CA -3.550 -3.213 -0.717
C -2.080 -2.829 -0.814
O -1.506 -2.315 0.144

N -1.473 -3.080 -1.976
CA -0.076 -2.761 -2.195
C 0.167 -1.280 -1.946
O 1.117 -0.913 -1.258

N -0.695 -0.429 -2.508
CA -0.571 1.005 -2.346
C -0.582 1.368 -0.868
O 0.252 2.146 -0.412

N -1.532 0.800 -0.121
CA -1.649 1.064 1.299
C -0.346 0.717 2.005
O 0.153 1.499 2.811

N 0.204 -0.461 1.698
CA 1.444 -0.907 2.302
C 2.546 0.111 2.046
O 3.277 0.481 2.963

N 2.664 0.563 0.795
CA 3.674 1.534 0.424
C 3.531 2.788 1.274
O 4.517 3.297 1.802

N 2.299 3.285 1.404
CA 2.032 4.475 2.188
C 2.522 4.282 3.616
O 3.187 5.155 4.168

N 2.190 3.134 4.211
CA 2.596 2.831 5.569
C 4.111 2.903 5.690
O 4.632 3.510 6.623

N 4.817 2.281 4.744
CA 6.266 2.276 4.747
C 6.794 3.704 4.744
O 7.685 4.039 5.521

N 6.239 4.544 3.867
CA 6.654 5.929 3.766
C 6.498 6.621 5.112
O 7.406 7.316 5.563

N 5.343 6.429 5.754
CA 5.073 7.033 7.043
C 6.143 6.625 8.046
O 6.674 7.467 8.766

N 6.456 5.328 8.091
CA 7.458 4.814 9.003
C 8.785 5.523 8.776
O 9.431 5.954 9.728

N 9.191 5.641 7.509
CA 10.436 6.295 7.162
C 10.449 7.717 7.704
O 11.432 8.144 8.307

N 9.354 8.449 7.488
CA 9.243 9.817 7.955
C 9.454 9.875 9.461
O 10.205 10.714 9.952

N 8.787 8.979 10.193
CA 8.903 8.930 11.636
C 10.359 8.748 12.038
O 10.854 9.449 12.918

N 11.045 7.803 11.391
CA 12.438 7.532 11.681
C 13.265 8.797 11.503
O 14.061 9.075 12.397

EDGES
1 5 2.812756
1 6 4.199542
1 7 4.668916
1 9 4.301052
2 5 2.432350
2 6 3.801290
2 7 4.365962
2 9 4.370398
2 13 4.529866
3 5 1.335294
3 6 2.434044
3 7 2.955085
3 8 3.753467
3 9 3.247224
3 10 4.395617
3 11 4.455436
3 13 3.734435
3 14 4.450257
3 17 4.139830
4 5 2.253715
4 6 2.776343
4 7 2.870412
4 8 3.288154
4 9 3.353026
4 10 4.253767
4 11 3.928802
4 13 3.126049
4 14 3.574111
4 15 3.742384
4 17 2.963808
4 18 3.917584
5 9 2.812371
5 10 4.199220
5 11 4.668531
5 13 4.300714
6 9 2.432368
6 10 3.801888
6 11 4.365874
6 13 4.370444
6 17 4.530134
7 9 1.334075
7 10 2.433982
7 11 2.954574
7 12 3.753630
7 13 3.247058
7 14 4.395906
7 15 4.456268
7 17 3.735270
7 18 4.450953
7 21 4.140479
8 9 2.252990
8 10 2.777019
8 11 2.870451
8 12 3.288696
8 13 3.353289
8 14 4.254240
8 15 3.929690
8 17 3.126619
8 18 3.574545
8 19 3.743227
8 21 2.964450
8 22 3.918153
9 13 2.813089
9 14 4.200079
9 15 4.669202
9 17 4.301317
10 13 2.432698
10 14 3.802097
10 15 4.366099
10 17 4.371147
10 21 4.531356
11 13 1.335043
11 14 2.434703
11 15 2.954915
11 16 3.754486
11 17 3.247705
11 18 4.395685
11 19 4.456799
11 21 3.735843
11 22 4.451405
11 25 4.140698
12 13 2.253924
12 14 2.777316
12 15 2.870110
12 16 3.289097
12 17 3.353553
12 18 4.253685
12 19 3.929772
12 21 3.127183
12 22 3.574815
12 23 3.742578
12 25 2.964126
12 26 3.918322
13 17 2.813280
13 18 4.199412
13 19 4.669685
13 21 4.301650
14 17 2.432969
14 18 3.801364
14 19 4.366410
14 21 4.370989
14 25 4.530672
15 17 1.335966
15 18 2.434601
15 19 2.955502
15 20 3.754325
15 21 3.247349
15 22 4.395854
15 23 4.456160
15 25 3.734784
15 26 4.450738
15 29 4.140094
16 17 2.254343
16 18 2.777272
16 19 2.871243
16 20 3.289514
16 21 3.354091
16 22 4.254898
16 23 3.930294
16 25 3.126999
16 26 3.574989
16 27 3.742383
16 29 2.964159
16 30 3.917156
17 21 2.812300
17 22 4.199362
17 23 4.669286
17 25 4.301511
18 21 2.431597
18 22 3.801168
18 23 4.365993
18 25 4.370739
18 29 4.530570
19 21 1.334753
19 22 2.434249
19 23 2.955158
19 24 3.754223
19 25 3.247786
19 26 4.396091
19 27 4.455399
19 29 3.734945
19 30 4.449911
19 33 4.140312
20 21 2.253075
20 22 2.776474
20 23 2.870447
20 24 3.288962
20 25 3.353711
20 26 4.254319
20 27 3.928958
20 29 3.126954
20 30 3.574296
20 31 3.742785
20 33 2.964529
20 34 3.917642
21 25 2.813977
21 26 4.200506
21 27 4.668994
21 29 4.301398
22 25 2.433574
22 26 3.802392
22 27 4.365881
22 29 4.370909
22 33 4.530999
23 25 1.335817
23 26 2.434800
23 27 2.954746
23 28 3.754178
23 29 3.247506
23 30 4.395943
23 31 4.456279
23 33 3.735638
23 34 4.450766
23 37 4.140015
24 25 2.254317
24 26 2.777272
24 27 2.870293
24 28 3.288846
24 29 3.353774
24 30 4.254661
24 31 3.929760
24 33 3.127334
24 34 3.574701
24 35 3.741883
24 37 2.963729
24 38 3.917322
25 29 2.812583
25 30 4.199352
25 31 4.669301
25 33 4.301988
26 29 2.432316
26 30 3.801582
26 31 4.366031
26 33 4.371174
26 37 4.530725
27 29 1.334609
27 30 2.434378
27 31 2.954755
27 32 3.754089
27 33 3.247226
27 34 4.395505
27 35 4.455549
27 37 3.735245
27 38 4.450579
27 41 4.140621
28 29 2.253764
28 30 2.777532
28 31 2.870159
28 32 3.288718
28 33 3.353387
28 34 4.254004
28 35 3.929037
28 37 3.126892
28 38 3.574172
28 39 3.741623
28 41 2.963931
28 42 3.917062
29 33 2.813473
29 34 4.199876
29 35 4.669028
29 37 4.301697
30 33 2.433130
30 34 3.802244
30 35 4.366671
30 37 4.371903
30 41 4.531947
31 33 1.335026
31 34 2.434418
31 35 2.954707
31 36 3.753240
31 37 3.247492
31 38 4.394930
31 39 4.455091
31 41 3.735224
31 42 4.449910
31 45 4.139887
32 33 2.253606
32 34 2.777333
32 35 2.870868
32 36 3.288340
32 37 3.354182
32 38 4.253744
32 39 3.928963
32 41 3.127287
32 42 3.574016
32 43 3.742374
32 45 2.963849
32 46 3.917652
33 37 2.812870
33 38 4.198781
33 39 4.668318
33 41 4.301498
34 37 2.432616
34 38 3.801019
34 39 4.365774
34 41 4.371374
34 45 4.531041
35 37 1.334849
35 38 2.433628
35 39 2.954951
35 40 3.754691
35 41 3.248007
35 42 4.396235
35 43 4.456996
35 45 3.735983
35 46 4.451371
35 49 4.140811
36 37 2.253517
36 38 2.776086
36 39 2.869927
36 40 3.288869
36 41 3.353286
36 42 4.253861
36 43 3.929487
36 45 3.126758
36 46 3.574342
36 47 3.741916
36 49 2.964162
36 50 3.917851
37 41 2.813739
37 42 4.200271
37 43 4.670190
37 45 4.302058
38 41 2.432477
38 42 3.801906
38 43 4.366476
38 45 4.370624
38 49 4.530191
39 41 1.334403
39 42 2.434514
39 43 2.955393
39 44 3.754893
39 45 3.247182
39 46 4.395907
39 47 4.455663
39 49 3.735120
39 50 4.450975
39 53 4.140447
40 41 2.253346
40 42 2.777338
40 43 2.870716
40 44 3.289135
40 45 3.353452
40 46 4.254343
40 47 3.929133
40 49 3.126604
40 50 3.574621
40 51 3.742845
40 53 2.963711
40 54 3.917049
41 45 2.813165
41 46 4.200258
41 47 4.668841
41 49 4.301444
42 45 2.432427
42 46 3.802297
42 47 4.366122
42 49 4.371426
42 53 4.531193
43 45 1.334801
43 46 2.434708
43 47 2.954629
43 48 3.753532
43 49 3.247747
43 50 4.395869
43 51 4.456650
43 53 3.734996
43 54 4.450391
43 57 4.139351
44 45 2.254044
44 46 2.777542
44 47 2.870236
44 48 3.288060
44 49 3.353777
44 50 4.254025
44 51 3.929683
44 53 3.126360
44 54 3.573810
44 55 3.741917
44 57 2.962487
44 58 3.916877
45 49 2.813558
45 50 4.199730
45 51 4.669716
45 53 4.301035
46 49 2.432972
46 50 3.801392
46 51 4.366418
46 53 4.370599
46 57 4.530325
47 49 1.335324
47 50 2.434311
47 51 2.955501
47 52 3.754711
47 53 3.247095
47 54 4.395704
47 55 4.456633
47 57 3.735086
47 58 4.451445
47 61 4.140621
48 49 2.253908
48 50 2.777015
48 51 2.870829
48 52 3.289593
48 53 3.353258
48 54 4.254120
48 55 3.929941
48 57 3.126629
48 58 3.574992
48 59 3.742597
48 61 2.964219
48 62 3.918569
49 53 2.812255
49 54 4.199097
49 55 4.669292
49 57 4.301123
50 53 2.432318
50 54 3.801525
50 55 4.366322
50 57 4.370780
50 61 4.530615
51 53 1.335340
51 54 2.434501
51 55 2.955271
51 56 3.753988
51 57 3.247675
51 58 4.396499
51 59 4.455988
51 61 3.734985
51 62 4.450883
51 65 4.139690
52 53 2.253675
52 54 2.777057
52 55 2.870807
52 56 3.288790
52 57 3.354229
52 58 4.255287
52 59 3.930067
52 61 3.127376
52 62 3.575405
52 63 3.742539
52 65 2.964015
52 66 3.918245
53 57 2.812931
53 58 4.200161
53 59 4.669121
53 61 4.301353
54 57 2.432783
54 58 3.802302
54 59 4.366262
54 61 4.371154
54 65 4.531067
55 57 1.335827
55 58 2.435094
55 59 2.955094
55 60 3.754942
55 61 3.247756
55 62 4.396300
55 63 4.455842
55 65 3.735218
55 66 4.450948
55 69 4.140003
56 57 2.254544
56 58 2.777517
56 59 2.870230
56 60 3.289195
56 61 3.353427
56 62 4.253990
56 63 3.928711
56 65 3.126461
56 66 3.574262
56 67 3.742362
56 69 2.963544
56 70 3.917785
57 61 2.813465
57 62 4.200476
57 63 4.669551
57 65 4.302090
58 61 2.433177
58 62 3.802403
58 63 4.366392
58 65 4.371532
58 69 4.531057
59 61 1.335376
59 62 2.434789
59 63 2.955087
59 64 3.754327
59 65 3.247684
59 66 4.396459
59 67 4.456761
59 69 3.735303
59 70 4.451115
59 73 4.140718
60 61 2.254488
60 62 2.777218
60 63 2.870450
60 64 3.288674
60 65 3.354010
60 66 4.254725
60 67 3.929890
60 69 3.126897
60 70 3.574562
60 71 3.741413
60 73 2.963707
60 74 3.916478
61 65 2.813075
61 66 4.200431
61 67 4.670028
61 69 4.301601
62 65 2.432494
62 66 3.802281
62 67 4.366632
62 69 4.370769
62 73 4.530658
63 65 1.334816
63 66 2.434824
63 67 2.955517
63 68 3.754499
63 69 3.247147
63 70 4.395805
63 71 4.455410
63 73 3.735203
63 74 4.450180
63 77 4.140103
64 65 2.253458
64 66 2.777032
64 67 2.870687
64 68 3.289228
64 69 3.353324
64 70 4.254138
64 71 3.928946
64 73 3.126919
64 74 3.574139
64 75 3.742425
64 77 2.963869
64 78 3.918098
65 69 2.813171
65 70 4.200185
65 71 4.668947
65 73 4.301621
66 69 2.432236
66 70 3.801578
66 71 4.365482
66 73 4.370698
66 77 4.530193
67 69 1.334973
67 70 2.434150
67 71 2.954325
67 72 3.753683
67 73 3.247062
67 74 4.395536
67 75 4.456058
67 77 3.734667
67 78 4.450678
67 81 4.139891
68 69 2.253952
68 70 2.777239
68 71 2.870847
68 72 3.289540
68 73 3.353886
68 74 4.254894
68 75 3.930347
68 77 3.127079
68 78 3.575020
68 79 3.742060
68 81 2.964255
68 82 3.917844
69 73 2.812975
69 74 4.199671
69 75 4.669669
69 77 4.301260
70 73 2.432276
70 74 3.801659
70 75 4.366458
70 77 4.370655
70 81 4.530545
71 73 1.334255
71 74 2.434420
71 75 2.955504
71 76 3.754002
71 77 3.247244
71 78 4.396055
71 79 4.455937
71 81 3.735585
71 82 4.451174
71 85 4.140586
72 73 2.252844
72 74 2.777065
72 75 2.870979
72 76 3.288625
72 77 3.353676
72 78 4.254703
72 79 3.929809
72 81 3.127498
72 82 3.575250
72 83 3.743164
72 85 2.964308
72 86 3.918047
73 77 2.812896
73 78 4.199876
73 79 4.668703
73 81 4.301474
74 77 2.432890
74 78 3.802277
74 79 4.366472
74 81 4.371886
74 85 4.531351
75 77 1.335198
75 78 2.434483
75 79 2.954984
75 80 3.753911
75 81 3.248250
75 82 4.396531
75 83 4.456371
75 85 3.735509
75 86 4.451076
75 89 4.140387
76 77 2.254253
76 78 2.777604
76 79 2.871058
76 80 3.289124
76 81 3.354304
76 82 4.254770
76 83 3.929476
76 85 3.126797
76 86 3.574420
76 87 3.742630
76 89 2.964217
76 90 3.917961
77 81 2.813683
77 82 4.200197
77 83 4.669456
77 85 4.301618
78 81 2.433283
78 82 3.802250
78 83 4.366227
78 85 4.371044
78 89 4.530934
79 81 1.335310
79 82 2.434980
79 83 2.955401
79 84 3.754785
79 85 3.247777
79 86 4.396218
79 87 4.456553
79 89 3.736075
79 90 4.451586
79 93 4.140495
80 81 2.253712
80 82 2.777297
80 83 2.870181
80 84 3.289048
80 85 3.353420
80 86 4.253976
80 87 3.929359
80 89 3.127102
80 90 3.574932
80 91 3.742263
80 93 2.963784
80 94 3.918065
81 85 2.812924
81 86 4.199697
81 87 4.669120
81 89 4.302101
82 85 2.432698
82 86 3.801814
82 87 4.366043
82 89 4.371812
82 93 4.531009
83 85 1.334992
83 86 2.434090
83 87 2.954229
83 88 3.753706
83 89 3.247604
83 90 4.395476
83 91 4.455453
83 93 3.734817
83 94 4.450522
83 97 4.140249
84 85 2.253546
84 86 2.776551
84 87 2.869766
84 88 3.288717
84 89 3.354044
84 90 4.254297
84 91 3.929500
84 93 3.127300
84 94 3.574910
84 95 3.742979
84 97 2.964328
84 98 3.917360
85 89 2.813702
85 90 4.199825
85 91 4.669169
85 93 4.301471
86 89 2.432952
86 90 3.801464
86 91 4.365878
86 93 4.370728
86 97 4.530956
87 89 1.335683
87 90 2.434498
87 91 2.954948
87 92 3.754492
87 93 3.247180
87 94 4.395707
87 95 4.456085
87 97 3.735215
87 98 4.449851
87 101 4.140559
88 89 2.253781
88 90 2.776808
88 91 2.870726
88 92 3.289277
88 93 3.353886
88 94 4.254602
88 95 3.930147
88 97 3.127553
88 98 3.574328
88 99 3.742154
88 101 2.964686
88 102 3.917441
89 93 2.812805
89 94 4.200071
89 95 4.669714
89 97 4.302245
90 93 2.432430
90 94 3.802181
90 95 4.366477
90 97 4.371501
90 101 4.530937
91 93 1.334730
91 94 2.434633
91 95 2.955341
91 96 3.754337
91 97 3.248078
91 98 4.395692
91 99 4.455852
91 101 3.735851
91 102 4.450492
92 93 2.254300
92 94 2.777509
92 95 2.870638
92 96 3.288838
92 97 3.354139
92 98 4.253925
92 99 3.928932
92 101 3.126836
92 102 3.573577
92 103 3.741753
93 97 2.814145
93 98 4.200079
93 99 4.669253
93 101 4.302349
94 97 2.432863
94 98 3.801596
94 99 4.365674
94 101 4.371441
95 97 1.335488
95 98 2.434595
95 99 2.954671
95 100 3.753975
95 101 3.247979
95 102 4.395714
95 103 4.455959
96 97 2.253670
96 98 2.777358
96 99 2.870587
96 100 3.289161
96 101 3.354138
96 102 4.254510
96 103 3.929897
97 101 2.813671
97 102 4.199733
97 103 4.669230
98 101 2.432759
98 102 3.801665
98 103 4.366053
99 101 1.335002
99 102 2.434820
99 103 2.955243
99 104 3.733713
100 101 2.253337
100 102 2.777429
100 103 2.870584
100 104 3.270499

RESIDUES
ALA 1
 0.0 4.000000
 0.1 4.000000
 0.2 4.000000
 0.3 4.000000
 0.4 4.000000
 0.5 4.000000
 0.6 4.000000
 0.7 4.000000
 0.8 4.000000
 0.9 4.000000
 1.0 4.000000
 1.1 3.666667
 1.2 3.666667
 1.3 3.666667
 1.4 3.666667
 1.5 3.666667
 1.6 3.666667
 1.7 3.666667
 1.8 3.666667
 1.9 3.666667
 2.0 3.166667
 2.1 3.166667
 2.2 2.724138
 2.3 2.642857
 2.4 2.642857
 2.5 2.395522
 2.6 1.634615
 2.7 1.012195
 2.8 0.607143
 2.9 0.420683
 3.0 0.315387
 3.1 0.011050
 3.2 -0.026846
 3.3 0.030155
 3.4 0.235477
 3.5 0.396217
 3.6 0.409648
 3.7 0.319505
 3.8 0.309935
 3.9 0.282670
 4.0 0.240862
 4.1 0.295973
 4.2 0.379332
 4.3 0.387191
 4.4 0.390276
 4.5 0.407263
 4.6 0.396413

ALA 2
 0.0 4.000000
 0.1 4.000000
 0.2 4.000000
 0.3 4.000000
 0.4 4.000000
 0.5 4.000000
 0.6 4.000000
 0.7 4.000000
 0.8 4.000000
 0.9 4.000000
 1.0 4.000000
 1.1 3.166667
 1.2 3.166667
 1.3 3.166667
 1.4 3.166667
 1.5 3.166667
 1.6 3.166667
 1.7 3.166667
 1.8 3.166667
 1.9 3.166667
 2.0 2.166667
 2.1 2.166667
 2.2 1.362069
 2.3 1.214286
 2.4 1.214286
 2.5 0.768657
 2.6 -0.725962
 2.7 -1.943089
 2.8 -2.714286
 2.9 -2.991902
 3.0 -3.075344
 3.1 -3.352790
 3.2 -3.212617
 3.3 -2.837733
 3.4 -2.292037
 3.5 -1.706862
 3.6 -1.411338
 3.7 -1.594802
 3.8 -1.615871
 3.9 -1.665435
 4.0 -1.894143
 4.1 -1.901198
 4.2 -1.495894
 4.3 -1.299846
 4.4 -1.220495
 4.5 -0.980778
 4.6 -0.808857

ALA 3
 0.0 4.000000
 0.1 4.000000
 0.2 4.000000
 0.3 4.000000
 0.4 4.000000
 0.5 4.000000
 0.6 4.000000
 0.7 4.000000
 0.8 4.000000
 0.9 4.000000
 1.0 4.000000
 1.1 3.166667
 1.2 3.166667
 1.3 3.166667
 1.4 3.166667
 1.5 3.166667
 1.6 3.166667
 1.7 3.166667
 1.8 3.166667
 1.9 3.166667
 2.0 2.166667
 2.1 2.166667
 2.2 1.482759
 2.3 1.357143
 2.4 1.357143
 2.5 0.940299
 2.6 -0.581731
 2.7 -1.869919
 2.8 -2.678571
 2.9 -2.961415
 3.0 -3.009032
 3.1 -3.161740
 3.2 -2.927450
 3.3 -2.411129
 3.4 -1.688275
 3.5 -0.769833
 3.6 -0.141606
 3.7 -0.267341
 3.8 -0.282720
 3.9 -0.307738
 4.0 -0.413816
 4.1 -0.305166
 4.2 0.085017
 4.3 0.216412
 4.4 0.264404
 4.5 0.431494
 4.6 0.497832

ALA 4
 0.0 4.000000
 0.1 4.000000
 0.2 4.000000
 0.3 4.000000
 0.4 4.000000
 0.5 4.000000
 0.6 4.000000
 0.7 4.000000
 0.8 4.000000
 0.9 4.000000
 1.0 4.000000
 1.1 3.500000
 1.2 3.500000
 1.3 3.500000
 1.4 3.500000
 1.5 3.500000
 1.6 3.500000
 1.7 3.500000
 1.8 3.500000
 1.9 3.500000
 2.0 2.333333
 2.1 2.333333
 2.2 1.689655
 2.3 1.571429
 2.4 1.571429
 2.5 1.134328
 2.6 -0.423077
 2.7 -1.735772
 2.8 -2.571429
 2.9 -2.894390
 3.0 -2.949903
 3.1 -3.118398
 3.2 -2.940805
 3.3 -2.458440
 3.4 -1.717110
 3.5 -0.976935
 3.6 -0.604366
 3.7 -0.610374
 3.8 -0.616419
 3.9 -0.630859
 4.0 -0.595153
 4.1 -0.364781
 4.2 -0.224860
 4.3 -0.242507
 4.4 -0.247367
 4.5 -0.239790
 4.6 -0.285929

ALA 5
 0.0 4.000000
 0.1 4.000000
 0.2 4.000000
 0.3 4.000000
 0.4 4.000000
 0.5 4.000000
 0.6 4.000000
 0.7 4.000000
 0.8 4.000000
 0.9 4.000000
 1.0 4.000000
 1.1 3.500000
 1.2 3.500000
 1.3 3.500000
 1.4 3.500000
 1.5 3.500000
 1.6 3.500000
 1.7 3.500000
 1.8 3.500000
 1.9 3.500000
 2.0 2.166667
 2.1 2.166667
 2.2 1.482759
 2.3 1.357143
 2.4 1.357143
 2.5 0.917910
 2.6 -0.610577
 2.7 -1.865854
 2.8 -2.678571
 2.9 -3.002049
 3.0 -3.073516
 3.1 -3.232072
 3.2 -3.092886
 3.3 -2.610681
 3.4 -1.825697
 3.5 -0.803746
 3.6 -0.191352
 3.7 -0.040863
 3.8 -0.034968
 3.9 -0.041445
 4.0 -0.037821
 4.1 0.059754
 4.2 0.035830
 4.3 0.025588
 4.4 0.025171
 4.5 0.021078
 4.6 0.009051

ALA 6
 0.0 4.000000
 0.1 4.000000
 0.2 4.000000
 0.3 4.000000
 0.4 4.000000
 0.5 4.000000
 0.6 4.000000
 0.7 4.000000
 0.8 4.000000
 0.9 4.000000
 1.0 4.000000
 1.1 3.500000
 1.2 3.500000
 1.3 3.500000
 1.4 3.500000
 1.5 3.500000
 1.6 3.500000
 1.7 3.500000
 1.8 3.500000
 1.9 3.500000
 2.0 2.166667
 2.1 2.166667
 2.2 1.543103
 2.3 1.428571
 2.4 1.428571
 2.5 0.992537
 2.6 -0.538462
 2.7 -1.886179
 2.8 -2.750000
 2.9 -3.079268
 3.0 -3.145151
 3.1 -3.330994
 3.2 -3.164362
 3.3 -2.650776
 3.4 -1.857706
 3.5 -0.850196
 3.6 -0.198352
 3.7 -0.027264
 3.8 -0.014301
 3.9 -0.007770
 4.0 0.002184
 4.1 0.076449
 4.2 0.032298
 4.3 0.022169
 4.4 0.018495
 4.5 0.016263
 4.6 0.022306

ALA 7
 0.0 4.000000
 0.1 4.000000
 0.2 4.000000
 0.3 4.000000
 0.4 4.000000
 0.5 4.000000
 0.6 4.000000
 0.7 4.000000
 0.8 4.000000
 0.9 4.000000
 1.0 4.000000
 1.1 3.500000
 1.2 3.500000
 1.3 3.500000
 1.4 3.500000
 1.5 3.500000
 1.6 3.500000
 1.7 3.500000
 1.8 3.500000
 1.9 3.500000
 2.0 2.333333
 2.1 2.333333
 2.2 1.629310
 2.3 1.500000
 2.4 1.500000
 2.5 1.082090
 2.6 -0.399038
 2.7 -1.764228
 2.8 -2.642857
 2.9 -2.987805
 3.0 -3.075258
 3.1 -3.300166
 3.2 -3.102886
 3.3 -2.576129
 3.4 -1.788991
 3.5 -0.807348
 3.6 -0.153732
 3.7 0.020209
 3.8 0.037710
 3.9 0.043759
 4.0 0.067383
 4.1 0.143193
 4.2 0.046115
 4.3 0.017798
 4.4 0.018785
 4.5 0.011564
 4.6 0.000628

ALA 8
 0.0 4.000000
 0.1 4.000000
 0.2 4.000000
 0.3 4.000000
 0.4 4.000000
 0.5 4.000000
 0.6 4.000000
 0.7 4.000000
 0.8 4.000000
 0.9 4.000000
 1.0 4.000000
 1.1 3.333333
 1.2 3.333333
 1.3 3.333333
 1.4 3.333333
 1.5 3.333333
 1.6 3.333333
 1.7 3.333333
 1.8 3.333333
 1.9 3.333333
 2.0 2.333333
 2.1 2.333333
 2.2 1.508621
 2.3 1.357143
 2.4 1.357143
 2.5 0.932836
 2.6 -0.519231
 2.7 -1.796748
 2.8 -2.642857
 2.9 -2.987805
 3.0 -3.059161
 3.1 -3.272624
 3.2 -3.080604
 3.3 -2.551828
 3.4 -1.773853
 3.5 -0.788819
 3.6 -0.117521
 3.7 -0.003962
 3.8 0.008860
 3.9 0.016131
 4.0 0.003383
 4.1 0.043888
 4.2 -0.006115
 4.3 -0.018787
 4.4 -0.013215
 4.5 -0.006132
 4.6 -0.003510

ALA 9
 0.0 4.000000
 0.1 4.000000
 0.2 4.000000
 0.3 4.000000
 0.4 4.000000
 0.5 4.000000
 0.6 4.000000
 0.7 4.000000
 0.8 4.000000
 0.9 4.000000
 1.0 4.000000
 1.1 3.333333
 1.2 3.333333
 1.3 3.333333
 1.4 3.333333
 1.5 3.333333
 1.6 3.333333
 1.7 3.333333
 1.8 3.333333
 1.9 3.333333
 2.0 2.333333
 2.1 2.333333
 2.2 1.568966
 2.3 1.428571
 2.4 1.428571
 2.5 0.962687
 2.6 -0.567308
 2.7 -1.845528
 2.8 -2.678571
 2.9 -3.018293
 3.0 -3.060957
 3.1 -3.189724
 3.2 -2.967584
 3.3 -2.423871
 3.4 -1.605505
 3.5 -0.693159
 3.6 -0.124268
 3.7 -0.049709
 3.8 -0.044699
 3.9 -0.050921
 4.0 -0.035199
 4.1 0.050583
 4.2 0.028847
 4.3 0.024423
 4.4 0.022516
 4.5 0.020543
 4.6 0.016811

ALA 10
 0.0 4.000000
 0.1 4.000000
 0.2 4.000000
 0.3 4.000000
 0.4 4.000000
 0.5 4.000000
 0.6 4.000000
 0.7 4.000000
 0.8 4.000000
 0.9 4.000000
 1.0 4.000000
 1.1 3.166667
 1.2 3.166667
 1.3 3.166667
 1.4 3.166667
 1.5 3.166667
 1.6 3.166667
 1.7 3.166667
 1.8 3.166667
 1.9 3.166667
 2.0 2.166667
 2.1 2.166667
 2.2 1.482759
 2.3 1.357143
 2.4 1.357143
 2.5 0.917910
 2.6 -0.524038
 2.7 -1.821138
 2.8 -2.678571
 2.9 -3.018293
 3.0 -3.075290
 3.1 -3.234834
 3.2 -3.024631
 3.3 -2.475612
 3.4 -1.682018
 3.5 -0.710101
 3.6 -0.107873
 3.7 0.032764
 3.8 0.048570
 3.9 0.054366
 4.0 0.046117
 4.1 0.109144
 4.2 0.013757
 4.3 -0.019048
 4.4 -0.022087
 4.5 -0.024576
 4.6 -0.030005

ALA 11
 0.0 4.000000
 0.1 4.000000
 0.2 4.000000
 0.3 4.000000
 0.4 4.000000
 0.5 4.000000
 0.6 4.000000
 0.7 4.000000
 0.8 4.000000
 0.9 4.000000
 1.0 4.000000
 1.1 3.166667
 1.2 3.166667
 1.3 3.166667
 1.4 3.166667
 1.5 3.166667
 1.6 3.166667
 1.7 3.166667
 1.8 3.166667
 1.9 3.166667
 2.0 2.166667
 2.1 2.166667
 2.2 1.482759
 2.3 1.357143
 2.4 1.357143
 2.5 0.962687
 2.6 -0.427885
 2.7 -1.756098
 2.8 -2.642857
 2.9 -2.995951
 3.0 -3.080677
 3.1 -3.292403
 3.2 -3.076107
 3.3 -2.507241
 3.4 -1.694229
 3.5 -0.703471
 3.6 -0.056254
 3.7 0.037291
 3.8 0.046720
 3.9 0.045974
 4.0 0.041796
 4.1 0.075866
 4.2 0.000111
 4.3 -0.019904
 4.4 -0.021469
 4.5 -0.029391
 4.6 -0.028770

ALA 12
 0.0 4.000000
 0.1 4.000000
 0.2 4.000000
 0.3 4.000000
 0.4 4.000000
 0.5 4.000000
 0.6 4.000000
 0.7 4.000000
 0.8 4.000000
 0.9 4.000000
 1.0 4.000000
 1.1 3.333333
 1.2 3.333333
 1.3 3.333333
 1.4 3.333333
 1.5 3.333333
 1.6 3.333333
 1.7 3.333333
 1.8 3.333333
 1.9 3.333333
 2.0 2.333333
 2.1 2.333333
 2.2 1.568966
 2.3 1.428571
 2.4 1.428571
 2.5 1.007463
 2.6 -0.427885
 2.7 -1.719512
 2.8 -2.571429
 2.9 -2.926829
 3.0 -3.001806
 3.1 -3.191077
 3.2 -2.987718
 3.3 -2.445422
 3.4 -1.628440
 3.5 -0.678094
 3.6 -0.105577
 3.7 -0.065104
 3.8 -0.063516
 3.9 -0.056607
 4.0 -0.034378
 4.1 0.053513
 4.2 0.056383
 4.3 0.060963
 4.4 0.055193
 4.5 0.046008
 4.6 0.035046

ALA 13
 0.0 4.000000
 0.1 4.000000
 0.2 4.000000
 0.3 4.000000
 0.4 4.000000
 0.5 4.000000
 0.6 4.000000
 0.7 4.000000
 0.8 4.000000
 0.9 4.000000
 1.0 4.000000
 1.1 3.333333
 1.2 3.333333
 1.3 3.333333
 1.4 3.333333
 1.5 3.333333
 1.6 3.333333
 1.7 3.333333
 1.8 3.333333
 1.9 3.333333
 2.0 2.333333
 2.1 2.333333
 2.2 1.568966
 2.3 1.428571
 2.4 1.428571
 2.5 0.985075
 2.6 -0.500000
 2.7 -1.760163
 2.8 -2.607143
 2.9 -2.957317
 3.0 -3.046624
 3.1 -3.239448
 3.2 -3.082819
 3.3 -2.563259
 3.4 -1.743119
 3.5 -0.733072
 3.6 -0.100915
 3.7 -0.021868
 3.8 -0.021387
 3.9 -0.041298
 4.0 -0.055969
 4.1 0.010134
 4.2 -0.007455
 4.3 -0.020515
 4.4 -0.016924
 4.5 -0.011605
 4.6 -0.018429

ALA 14
 0.0 4.000000
 0.1 4.000000
 0.2 4.000000
 0.3 4.000000
 0.4 4.000000
 0.5 4.000000
 0.6 4.000000
 0.7 4.000000
 0.8 4.000000
 0.9 4.000000
 1.0 4.000000
 1.1 3.500000
 1.2 3.500000
 1.3 3.500000
 1.4 3.500000
 1.5 3.500000
 1.6 3.500000
 1.7 3.500000
 1.8 3.500000
 1.9 3.500000
 2.0 2.500000
 2.1 2.500000
 2.2 1.715517
 2.3 1.571429
 2.4 1.571429
 2.5 1.126866
 2.6 -0.466346
 2.7 -1.804878
 2.8 -2.678571
 2.9 -3.034585
 3.0 -3.130871
 3.1 -3.301160
 3.2 -3.080604
 3.3 -2.551828
 3.4 -1.752404
 3.5 -0.754841
 3.6 -0.117324
 3.7 -0.013302
 3.8 0.001871
 3.9 0.009288
 4.0 0.028526
 4.1 0.112909
 4.2 0.043830
 4.3 0.036699
 4.4 0.041505
 4.5 0.041119
 4.6 0.023296

ALA 15
 0.0 4.000000
 0.1 4.000000
 0.2 4.000000
 0.3 4.000000
 0.4 4.000000
 0.5 4.000000
 0.6 4.000000
 0.7 4.000000
 0.8 4.000000
 0.9 4.000000
 1.0 4.000000
 1.1 3.500000
 1.2 3.500000
 1.3 3.500000
 1.4 3.500000
 1.5 3.500000
 1.6 3.500000
 1.7 3.500000
 1.8 3.500000
 1.9 3.500000
 2.0 2.500000
 2.1 2.500000
 2.2 1.775862
 2.3 1.642857
 2.4 1.642857
 2.5 1.201493
 2.6 -0.394231
 2.7 -1.804878
 2.8 -2.714286
 2.9 -3.032537
 3.0 -3.134398
 3.1 -3.342486
 3.2 -3.137517
 3.3 -2.577483
 3.4 -1.779642
 3.5 -0.760797
 3.6 -0.089225
 3.7 0.044148
 3.8 0.053774
 3.9 0.044534
 4.0 0.044260
 4.1 0.100930
 4.2 0.030915
 4.3 0.010919
 4.4 0.006044
 4.5 0.003959
 4.6 -0.000230

ALA 16
 0.0 4.000000
 0.1 4.000000
 0.2 4.000000
 0.3 4.000000
 0.4 4.000000
 0.5 4.000000
 0.6 4.000000
 0.7 4.000000
 0.8 4.000000
 0.9 4.000000
 1.0 4.000000
 1.1 3.333333
 1.2 3.333333
 1.3 3.333333
 1.4 3.333333
 1.5 3.333333
 1.6 3.333333
 1.7 3.333333
 1.8 3.333333
 1.9 3.333333
 2.0 2.166667
 2.1 2.166667
 2.2 1.543103
 2.3 1.428571
 2.4 1.428571
 2.5 1.014925
 2.6 -0.471154
 2.7 -1.784553
 2.8 -2.642857
 2.9 -2.987805
 3.0 -3.073473
 3.1 -3.249558
 3.2 -3.038054
 3.3 -2.518716
 3.4 -1.727890
 3.5 -0.748246
 3.6 -0.099789
 3.7 -0.027143
 3.8 -0.013473
 3.9 -0.012173
 4.0 0.018760
 4.1 0.101775
 4.2 0.045970
 4.3 0.017706
 4.4 0.020873
 4.5 0.010025
 4.6 -0.018454

ALA 17
 0.0 4.000000
 0.1 4.000000
 0.2 4.000000
 0.3 4.000000
 0.4 4.000000
 0.5 4.000000
 0.6 4.000000
 0.7 4.000000
 0.8 4.000000
 0.9 4.000000
 1.0 4.000000
 1.1 3.333333
 1.2 3.333333
 1.3 3.333333
 1.4 3.333333
 1.5 3.333333
 1.6 3.333333
 1.7 3.333333
 1.8 3.333333
 1.9 3.333333
 2.0 2.166667
 2.1 2.166667
 2.2 1.422414
 2.3 1.285714
 2.4 1.285714
 2.5 0.865672
 2.6 -0.548077
 2.7 -1.796748
 2.8 -2.642857
 2.9 -2.995951
 3.0 -3.044806
 3.1 -3.214061
 3.2 -3.041342
 3.3 -2.497078
 3.4 -1.694138
 3.5 -0.769297
 3.6 -0.163155
 3.7 -0.060077
 3.8 -0.049280
 3.9 -0.040958
 4.0 -0.016985
 4.1 0.046888
 4.2 0.031332
 4.3 0.022500
 4.4 0.021375
 4.5 0.016782
 4.6 0.015561

ALA 18
 0.0 4.000000
 0.1 4.000000
 0.2 4.000000
 0.3 4.000000
 0.4 4.000000
 0.5 4.000000
 0.6 4.000000
 0.7 4.000000
 0.8 4.000000
 0.9 4.000000
 1.0 4.000000
 1.1 3.166667
 1.2 3.166667
 1.3 3.166667
 1.4 3.166667
 1.5 3.166667
 1.6 3.166667
 1.7 3.166667
 1.8 3.166667
 1.9 3.166667
 2.0 2.166667
 2.1 2.166667
 2.2 1.362069
 2.3 1.214286
 2.4 1.214286
 2.5 0.791045
 2.6 -0.596154
 2.7 -1.813008
 2.8 -2.642857
 2.9 -2.971561
 3.0 -3.001828
 3.1 -3.156575
 3.2 -2.968725
 3.3 -2.390845
 3.4 -1.581018
 3.5 -0.691370
 3.6 -0.095000
 3.7 0.038000
 3.8 0.043989
 3.9 0.035005
 4.0 0.052827
 4.1 0.112358
 4.2 0.027570
 4.3 0.010368
 4.4 0.006705
 4.5 -0.003136
 4.6 -0.015485

ALA 19
 0.0 4.000000
 0.1 4.000000
 0.2 4.000000
 0.3 4.000000
 0.4 4.000000
 0.5 4.000000
 0.6 4.000000
 0.7 4.000000
 0.8 4.000000
 0.9 4.000000
 1.0 4.000000
 1.1 3.166667
 1.2 3.166667
 1.3 3.166667
 1.4 3.166667
 1.5 3.166667
 1.6 3.166667
 1.7 3.166667
 1.8 3.166667
 1.9 3.166667
 2.0 2.166667
 2.1 2.166667
 2.2 1.422414
 2.3 1.285714
 2.4 1.285714
 2.5 0.888060
 2.6 -0.500000
 2.7 -1.735772
 2.8 -2.571429
 2.9 -2.926829
 3.0 -3.000043
 3.1 -3.232569
 3.2 -3.110805
 3.3 -2.616483
 3.4 -1.842661
 3.5 -0.841877
 3.6 -0.158507
 3.7 0.012824
 3.8 0.026011
 3.9 0.033272
 4.0 0.006923
 4.1 0.039155
 4.2 -0.018430
 4.3 -0.024515
 4.4 -0.018335
 4.5 -0.007720
 4.6 0.000413

ALA 20
 0.0 4.000000
 0.1 4.000000
 0.2 4.000000
 0.3 4.000000
 0.4 4.000000
 0.5 4.000000
 0.6 4.000000
 0.7 4.000000
 0.8 4.000000
 0.9 4.000000
 1.0 4.000000
 1.1 3.333333
 1.2 3.333333
 1.3 3.333333
 1.4 3.333333
 1.5 3.333333
 1.6 3.333333
 1.7 3.333333
 1.8 3.333333
 1.9 3.333333
 2.0 2.333333
 2.1 2.333333
 2.2 1.629310
 2.3 1.500000
 2.4 1.500000
 2.5 1.082090
 2.6 -0.379808
 2.7 -1.723577
 2.8 -2.607143
 2.9 -2.957317
 3.0 -3.059151
 3.1 -3.299282
 3.2 -3.125302
 3.3 -2.591966
 3.4 -1.773670
 3.5 -0.757152
 3.6 -0.077324
 3.7 -0.006088
 3.8 -0.004344
 3.9 -0.018183
 4.0 -0.026684
 4.1 0.016930
 4.2 0.022532
 4.3 0.017096
 4.4 0.016756
 4.5 0.022370
 4.6 0.029612

ALA 21
 0.0 4.000000
 0.1 4.000000
 0.2 4.000000
 0.3 4.000000
 0.4 4.000000
 0.5 4.000000
 0.6 4.000000
 0.7 4.000000
 0.8 4.000000
 0.9 4.000000
 1.0 4.000000
 1.1 3.333333
 1.2 3.333333
 1.3 3.333333
 1.4 3.333333
 1.5 3.333333
 1.6 3.333333
 1.7 3.333333
 1.8 3.333333
 1.9 3.333333
 2.0 2.333333
 2.1 2.333333
 2.2 1.629310
 2.3 1.500000
 2.4 1.500000
 2.5 1.059701
 2.6 -0.447115
 2.7 -1.825203
 2.8 -2.714286
 2.9 -3.048780
 3.0 -3.154108
 3.1 -3.389945
 3.2 -3.195705
 3.3 -2.665172
 3.4 -1.873028
 3.5 -0.800688
 3.6 -0.073915
 3.7 0.041209
 3.8 0.053763
 3.9 0.058513
 4.0 0.067648
 4.1 0.123342
 4.2 0.049672
 4.3 0.022757
 4.4 0.019091
 4.5 0.005827
 4.6 -0.014133

ALA 22
 0.0 4.000000
 0.1 4.000000
 0.2 4.000000
 0.3 4.000000
 0.4 4.000000
 0.5 4.000000
 0.6 4.000000
 0.7 4.000000
 0.8 4.000000
 0.9 4.000000
 1.0 4.000000
 1.1 3.500000
 1.2 3.500000
 1.3 3.500000
 1.4 3.500000
 1.5 3.500000
 1.6 3.500000
 1.7 3.500000
 1.8 3.500000
 1.9 3.500000
 2.0 2.333333
 2.1 2.333333
 2.2 1.568966
 2.3 1.428571
 2.4 1.428571
 2.5 0.985075
 2.6 -0.475962
 2.7 -1.784553
 2.8 -2.642857
 2.9 -2.979659
 3.0 -3.071677
 3.1 -3.290055
 3.2 -3.110738
 3.3 -2.594845
 3.4 -1.830358
 3.5 -0.818920
 3.6 -0.183169
 3.7 -0.050423
 3.8 -0.036785
 3.9 -0.021796
 4.0 -0.008908
 4.1 0.077840
 4.2 0.035617
 4.3 0.024596
 4.4 0.023345
 4.5 0.019029
 4.6 0.013056

ALA 23
 0.0 4.000000
 0.1 4.000000
 0.2 4.000000
 0.3 4.000000
 0.4 4.000000
 0.5 4.000000
 0.6 4.000000
 0.7 4.000000
 0.8 4.000000
 0.9 4.000000
 1.0 4.000000
 1.1 3.500000
 1.2 3.500000
 1.3 3.500000
 1.4 3.500000
 1.5 3.500000
 1.6 3.500000
 1.7 3.500000
 1.8 3.500000
 1.9 3.500000
 2.0 2.333333
 2.1 2.333333
 2.2 1.568966
 2.3 1.428571
 2.4 1.428571
 2.5 1.007463
 2.6 -0.408654
 2.7 -1.666667
 2.8 -2.500000
 2.9 -2.825171
 3.0 -2.915785
 3.1 -3.185580
 3.2 -3.072752
 3.3 -2.602060
 3.4 -1.880807
 3.5 -1.096768
 3.6 -0.670423
 3.7 -0.643797
 3.8 -0.651634
 3.9 -0.665157
 4.0 -0.606398
 4.1 -0.359872
 4.2 -0.201711
 4.3 -0.217404
 4.4 -0.225185
 4.5 -0.224926
 4.6 -0.276816

ALA 24
 0.0 4.000000
 0.1 4.000000
 0.2 4.000000
 0.3 4.000000
 0.4 4.000000
 0.5 4.000000
 0.6 4.000000
 0.7 4.000000
 0.8 4.000000
 0.9 4.000000
 1.0 4.000000
 1.1 3.333333
 1.2 3.333333
 1.3 3.333333
 1.4 3.333333
 1.5 3.333333
 1.6 3.333333
 1.7 3.333333
 1.8 3.333333
 1.9 3.333333
 2.0 2.333333
 2.1 2.333333
 2.2 1.629310
 2.3 1.500000
 2.4 1.500000
 2.5 1.082090
 2.6 -0.360577
 2.7 -1.650407
 2.8 -2.500000
 2.9 -2.776390
 3.0 -2.844065
 3.1 -3.104945
 3.2 -2.977584
 3.3 -2.466888
 3.4 -1.769064
 3.5 -0.775341
 3.6 -0.022239
 3.7 0.040846
 3.8 0.035839
 3.9 0.012037
 4.0 -0.069939
 4.1 0.076401
 4.2 0.355800
 4.3 0.455250
 4.4 0.534044
 4.5 0.721025
 4.6 0.777862

ALA 25
 0.0 4.000000
 0.1 4.000000
 0.2 4.000000
 0.3 4.000000
 0.4 4.000000
 0.5 4.000000
 0.6 4.000000
 0.7 4.000000
 0.8 4.000000
 0.9 4.000000
 1.0 4.000000
 1.1 3.333333
 1.2 3.333333
 1.3 3.333333
 1.4 3.333333
 1.5 3.333333
 1.6 3.333333
 1.7 3.333333
 1.8 3.333333
 1.9 3.333333
 2.0 2.166667
 2.1 2.166667
 2.2 1.603448
 2.3 1.500000
 2.4 1.500000
 2.5 1.089552
 2.6 -0.317308
 2.7 -1.634146
 2.8 -2.500000
 2.9 -2.768293
 3.0 -2.944505
 3.1 -3.486381
 3.2 -3.525973
 3.3 -3.253190
 3.4 -2.819908
 3.5 -2.311812
 3.6 -1.946000
 3.7 -1.867582
 3.8 -1.865591
 3.9 -1.858403
 4.0 -1.777801
 4.1 -1.470813
 4.2 -1.183268
 4.3 -1.081588
 4.4 -1.014935
 4.5 -0.858658
 4.6 -0.810546

ALA 26
 0.0 0.000000
 0.1 0.000000
 0.2 0.000000
 0.3 0.000000
 0.4 0.000000
 0.5 0.000000
 0.6 0.000000
 0.7 0.000000
 0.8 0.000000
 0.9 0.000000
 1.0 0.000000
 1.1 0.000000
 1.2 0.000000
 1.3 0.000000
 1.4 0.000000
 1.5 0.000000
 1.6 0.000000
 1.7 0.000000
 1.8 0.000000
 1.9 0.000000
 2.0 0.000000
 2.1 0.000000
 2.2 0.000000
 2.3 0.000000
 2.4 0.000000
 2.5 0.000000
 2.6 0.000000
 2.7 0.000000
 2.8 0.000000
 2.9 0.000000
 3.0 0.000000
 3.1 0.000000
 3.2 0.000000
 3.3 0.000000
 3.4 0.000000
 3.5 0.000000
 3.6 0.000000
 3.7 0.000000
 3.8 0.000000
 3.9 0.000000
 4.0 0.000000
 4.1 0.000000
 4.2 0.000000
 4.3 0.000000
 4.4 0.000000
 4.5 0.000000
 4.6 0.000000

