ATOMS
N -10.502 -12.587 -12.097
CA -9.053 -12.587 -12.097
C -8.530 -11.157 -12.097
O -7.637 -10.822 -11.322

N -9.089 -10.316 -12.970
CA -8.679 -8.930 -13.068
C -8.833 -8.242 -11.719
O -7.926 -7.546 -11.269

N -9.986 -8.440 -11.075
CA -10.254 -7.841 -9.784
C -9.181 -8.249 -8.784
O -8.651 -7.407 -8.063

N -8.864 -9.545 -8.744
CA -7.858 -10.059 -7.837
C -6.533 -9.345 -8.065
O -5.886 -8.915 -7.113

N -6.132 -9.222 -9.332
CA -4.889 -8.563 -9.681
C -4.879 -7.143 -9.134
O -3.896 -6.715 -8.533

N -5.977 -6.413 -9.344
CA -6.091 -5.047 -8.874
C -5.684 -4.963 -7.409
O -5.251 -3.912 -6.944

N -5.824 -6.076 -6.685
CA -5.472 -6.125 -5.280
C -4.084 -5.539 -5.069
O -3.775 -5.047 -3.986

N -3.247 -5.593 -6.108
CA -1.898 -5.069 -6.033
C -1.914 -3.663 -5.452
O -0.928 -3.220 -4.867

N -3.039 -2.962 -5.614
CA -3.180 -1.612 -5.107
C -2.735 -1.550 -3.653
O -2.320 -0.497 -3.174

N -2.822 -2.683 -2.953
CA -2.429 -2.754 -1.560
C -1.053 -2.132 -1.372
O -0.729 -1.656 -0.286

N -0.245 -2.136 -2.434
CA 1.090 -1.574 -2.383
C 1.026 -0.115 -1.954
O 1.783 0.311 -1.084

N 0.121 0.650 -2.568
CA -0.038 2.054 -2.249
C -0.333 2.224 -0.765
O 0.273 3.062 -0.102

N -1.268 1.424 -0.246
CA -1.639 1.487 1.153
C -0.415 1.267 2.029
O -0.189 2.012 2.980

N 0.375 0.240 1.707
CA 1.571 -0.074 2.463
C 2.500 1.131 2.496
O 3.009 1.496 3.554

N 2.721 1.748 1.333
CA 3.586 2.906 1.232
C 3.098 4.006 2.164
O 3.888 4.596 2.897

N 1.792 4.279 2.133
CA 1.204 5.304 2.973
C 1.503 5.016 4.437
O 2.280 5.730 5.065

N 0.882 3.965 4.978
CA 1.082 3.587 6.362
C 2.560 3.339 6.628
O 3.205 4.116 7.328

N 3.094 2.251 6.067
CA 4.489 1.905 6.245
C 5.376 3.051 5.780
O 6.012 3.715 6.596

N 5.415 3.282 4.466
CA 6.221 4.344 3.899
C 5.831 5.681 4.512
O 6.598 6.263 5.276

N 4.634 6.167 4.175
CA 4.146 7.430 4.692
C 4.136 7.404 6.213
O 4.934 8.086 6.852

N 3.229 6.613 6.791
CA 3.118 6.501 8.232
C 4.447 6.058 8.826
O 4.914 6.637 9.805

N 5.056 5.030 8.230
CA 6.326 4.515 8.700
C 7.368 5.625 8.712
O 8.090 5.789 9.693

N 7.444 6.385 7.618
CA 8.394 7.473 7.506
C 8.196 8.461 8.647
O 9.161 8.873 9.288

N 6.941 8.839 8.899
CA 6.621 9.773 9.959
C 7.140 9.251 11.291
O 7.766 9.991 12.048

N 6.880 7.973 11.575
CA 7.320 7.358 12.811
C 8.831 7.482 12.948
O 9.263 7.866 14.032

EDGES
1 5 2.813563
1 6 4.199978
1 7 4.669847
1 8 5.721280
1 9 4.302133
1 10 5.285451
1 11 5.615982
1 13 4.814501
1 14 5.615080
2 5 2.433283
2 6 3.802153
2 7 4.366956
2 8 5.231385
2 9 4.371794
2 10 5.414507
2 11 5.459908
2 13 4.531235
2 14 5.095725
2 15 5.754823
2 17 5.244110
3 5 1.334875
3 6 2.434044
3 7 2.954982
3 8 3.753628
3 9 3.247539
3 10 4.395225
3 11 4.456033
3 12 5.509110
3 13 3.735333
3 14 4.450257
3 15 4.850606
3 17 4.140031
3 18 5.081611
4 5 2.253940
4 6 2.777399
4 7 2.871311
4 8 3.289150
4 9 3.354510
4 10 4.254468
4 11 3.930103
4 12 4.828199
4 13 3.127674
4 14 3.574386
4 15 3.742779
4 16 4.941491
4 17 2.963971
4 18 3.917584
4 19 5.092048
4 21 5.109537
5 9 2.813363
5 10 4.199220
5 11 4.669427
5 12 5.721256
5 13 4.301644
5 14 5.284799
5 15 5.615603
5 17 4.814118
5 18 5.615205
6 9 2.433187
6 10 3.801474
6 11 4.366740
6 12 5.231667
6 13 4.371433
6 14 5.414060
6 15 5.459629
6 17 4.531023
6 18 5.096132
6 19 5.754105
6 21 5.244451
7 9 1.335421
7 10 2.433982
7 11 2.955567
7 12 3.754555
7 13 3.247983
7 14 4.395684
7 15 4.456268
7 16 5.509353
7 17 3.735448
7 18 4.451025
7 19 4.850169
7 21 4.140363
7 22 5.081399
8 9 2.253990
8 10 2.777019
8 11 2.871317
8 12 3.289891
8 13 3.354321
8 14 4.254223
8 15 3.929690
8 16 4.827846
8 17 3.127200
8 18 3.574829
8 19 3.742305
8 20 4.941372
8 21 2.964442
8 22 3.917684
8 23 5.157330
8 25 5.252843
9 13 2.813089
9 14 4.199308
9 15 4.669297
9 16 5.721282
9 17 4.301498
9 18 5.285620
9 19 5.615259
9 21 4.814267
9 22 5.614969
10 13 2.432553
10 14 3.801467
10 15 4.366099
10 16 5.231361
10 17 4.370623
10 18 5.414344
10 19 5.458968
10 21 4.530509
10 22 5.095597
10 25 5.687172
11 13 1.334805
11 14 2.433770
11 15 2.954671
11 16 3.754041
11 17 3.247065
11 18 4.395961
11 19 4.455664
11 20 5.508846
11 21 3.734985
11 22 4.450731
11 23 4.991736
11 25 4.516324
11 26 5.526850
12 13 2.253924
12 14 2.777234
12 15 2.870849
12 16 3.289649
12 17 3.354094
12 18 4.255221
12 19 3.929977
12 20 4.828021
12 21 3.127183
12 22 3.575041
12 23 3.899223
12 24 5.002718
12 25 3.415022
12 26 4.415275
12 27 5.771564
13 17 2.813165
13 18 4.200347
13 19 4.669254
13 20 5.721402
13 21 4.301650
13 22 5.285682
13 23 5.734924
13 25 5.051242
14 17 2.432009
14 18 3.801751
14 19 4.365742
14 20 5.231080
14 21 4.370644
14 22 5.414592
14 23 5.556858
14 25 4.618284
14 26 5.263801
15 17 1.334623
15 18 2.434279
15 19 2.954197
15 20 3.753624
15 21 3.246783
15 22 4.395754
15 23 4.511437
15 24 5.693650
15 25 3.618486
15 26 4.387522
15 27 5.427638
15 29 5.357719
16 17 2.253603
16 18 2.777145
16 19 2.870274
16 20 3.288845
16 21 3.353453
16 22 4.254947
16 23 3.968214
16 24 5.045968
16 25 2.871750
16 26 3.363835
16 27 4.338492
16 28 5.403321
16 29 4.360049
16 30 5.644667
17 21 2.813299
17 22 4.200246
17 23 4.694434
17 25 4.122959
17 26 5.142540
17 29 5.646861
18 21 2.433067
18 22 3.802408
18 23 4.330590
18 24 5.408698
18 25 4.004424
18 26 5.064833
18 27 5.573432
18 29 4.927818
19 21 1.335142
19 22 2.435110
19 23 2.894141
19 24 3.920950
19 25 2.833569
19 26 4.030048
19 27 4.441741
19 28 5.666916
19 29 3.771286
19 30 4.775357
19 33 5.766868
20 21 2.253772
20 22 2.777864
20 23 2.744052
20 24 3.495391
20 25 2.746017
20 26 3.662497
20 27 3.663006
20 28 4.844799
20 29 2.749675
20 30 3.598794
20 31 4.768185
20 33 4.831151
21 25 2.684634
21 26 4.105370
21 27 4.756359
21 29 4.312423
21 30 5.422850
22 25 2.433485
22 26 3.802904
22 27 4.329912
22 28 5.408919
22 29 4.004648
22 30 5.064880
22 31 5.574304
22 33 4.928441
23 25 1.335120
23 26 2.434713
23 27 2.892642
23 28 3.920238
23 29 2.833455
23 30 4.029691
23 31 4.442156
23 32 5.667393
23 33 3.771213
23 34 4.774769
23 37 5.765881
24 25 2.253510
24 26 2.777608
24 27 2.743108
24 28 3.495220
24 29 2.746029
24 30 3.662128
24 31 3.663828
24 32 4.845732
24 33 2.750335
24 34 3.599112
24 35 4.768646
24 37 4.831000
25 29 2.684613
25 30 4.105195
25 31 4.757201
25 33 4.312802
25 34 5.422925
26 29 2.432947
26 30 3.802055
26 31 4.330172
26 32 5.409023
26 33 4.004449
26 34 5.064619
26 35 5.573950
26 37 4.927960
27 29 1.335292
27 30 2.434911
27 31 2.893953
27 32 3.921594
27 33 2.833722
27 34 4.029887
27 35 4.442632
27 36 5.667847
27 37 3.771848
27 38 4.775807
27 41 5.767283
28 29 2.253838
28 30 2.777377
28 31 2.743708
28 32 3.495640
28 33 2.745779
28 34 3.661952
28 35 3.663536
28 36 4.845500
28 37 2.750235
28 38 3.599311
28 39 4.768596
28 41 4.831514
29 33 2.685044
29 34 4.105466
29 35 4.757627
29 37 4.313091
29 38 5.423408
30 33 2.432466
30 34 3.801559
30 35 4.329934
30 36 5.408803
30 37 4.004144
30 38 5.064476
30 39 5.573591
30 41 4.928255
31 33 1.335391
31 34 2.434827
31 35 2.893996
31 36 3.921438
31 37 2.833702
31 38 4.029785
31 39 4.442036
31 40 5.667436
31 41 3.771686
31 42 4.775636
31 43 5.785145
31 45 5.573208
32 33 2.254084
32 34 2.777547
32 35 2.743710
32 36 3.495517
32 37 2.745724
32 38 3.661476
32 39 3.662567
32 40 4.844714
32 41 2.749733
32 42 3.598874
32 43 4.684518
32 45 4.621980
33 37 2.684372
33 38 4.104909
33 39 4.756854
33 41 4.312901
33 42 5.423518
33 45 5.684211
34 37 2.432061
34 38 3.801233
34 39 4.329521
34 40 5.408454
34 41 4.004214
34 42 5.065029
34 43 5.465606
34 45 4.739174
34 46 5.610694
35 37 1.334638
35 38 2.433907
35 39 2.893235
35 40 3.920709
35 41 2.833630
35 42 4.030397
35 43 4.369319
35 44 5.520453
35 45 3.764832
35 46 4.715277
35 47 5.324775
35 49 4.754410
35 50 5.789838
36 37 2.253762
36 38 2.776855
36 39 2.743304
36 40 3.495012
36 41 2.745823
36 42 3.662473
36 43 3.581905
36 44 4.674994
36 45 2.764295
36 46 3.545525
36 47 4.141895
36 48 5.369107
36 49 3.656519
36 50 4.808632
36 53 5.624087
37 41 2.685051
37 42 4.105913
37 43 4.732835
37 45 4.462999
37 46 5.539444
37 49 5.158509
38 41 2.432212
38 42 3.801722
38 43 4.365385
38 44 5.230846
38 45 4.371016
38 46 5.413729
38 47 5.459462
38 49 4.531026
38 50 5.096131
38 51 5.753743
38 53 5.244020
39 41 1.334438
39 42 2.434324
39 43 2.954531
39 44 3.754210
39 45 3.247802
39 46 4.395674
39 47 4.456634
39 48 5.508976
39 49 3.736206
39 50 4.451537
39 51 4.850469
39 53 4.140750
39 54 5.082122
40 41 2.253566
40 42 2.777210
40 43 2.870005
40 44 3.288774
40 45 3.353753
40 46 4.253816
40 47 3.929460
40 48 4.826736
40 49 3.127063
40 50 3.574531
40 51 3.741891
40 52 4.940909
40 53 2.964065
40 54 3.917873
40 55 5.092478
40 57 5.109880
41 45 2.813131
41 46 4.199187
41 47 4.669358
41 48 5.720643
41 49 4.302031
41 50 5.285445
41 51 5.614951
41 53 4.814318
41 54 5.615186
42 45 2.432974
42 46 3.801674
42 47 4.366653
42 48 5.230960
42 49 4.372063
42 50 5.414837
42 51 5.459125
42 53 4.530996
42 54 5.095594
42 55 5.754109
42 57 5.244473
43 45 1.334633
43 46 2.433862
43 47 2.954915
43 48 3.753697
43 49 3.247802
43 50 4.395689
43 51 4.455412
43 52 5.508603
43 53 3.735338
43 54 4.450685
43 55 4.850535
43 57 4.141034
43 58 5.082385
44 45 2.253757
44 46 2.776925
44 47 2.870329
44 48 3.288225
44 49 3.354044
44 50 4.254084
44 51 3.928856
44 52 4.826829
44 53 3.126849
44 54 3.574126
44 55 3.742043
44 56 4.941492
44 57 2.964237
44 58 3.917740
44 59 5.092323
44 61 5.108248
45 49 2.814264
45 50 4.200477
45 51 4.669089
45 52 5.721140
45 53 4.302121
45 54 5.285607
45 55 5.615612
45 57 4.814915
45 58 5.615671
46 49 2.433477
46 50 3.802406
46 51 4.366095
46 52 5.231348
46 53 4.371625
46 54 5.414814
46 55 5.459707
46 57 4.531715
46 58 5.096728
46 59 5.754943
46 61 5.244182
47 49 1.335510
47 50 2.434652
47 51 2.954490
47 52 3.753759
47 53 3.247815
47 54 4.396135
47 55 4.455857
47 56 5.509329
47 57 3.735652
47 58 4.451033
47 59 4.850394
47 61 4.139693
47 62 5.081477
48 49 2.253544
48 50 2.776940
48 51 2.869936
48 52 3.288566
48 53 3.353590
48 54 4.254236
48 55 3.929109
48 56 4.827462
48 57 3.127063
48 58 3.574893
48 59 3.742528
48 60 4.941192
48 61 2.963727
48 62 3.917774
48 63 5.092498
48 65 5.195449
49 53 2.813452
49 54 4.200310
49 55 4.669287
49 56 5.721705
49 57 4.302364
49 58 5.286031
49 59 5.615762
49 61 4.813966
49 62 5.614904
50 53 2.432719
50 54 3.802226
50 55 4.365971
50 56 5.231519
50 57 4.371512
50 58 5.414834
50 59 5.459547
50 61 4.530720
50 62 5.095541
50 63 5.754186
50 65 5.208315
51 53 1.335108
51 54 2.435330
51 55 2.955302
51 56 3.755242
51 57 3.248118
51 58 4.396536
51 59 4.456626
51 60 5.509217
51 61 3.735480
51 62 4.450805
51 63 4.850999
51 65 4.202144
51 66 5.137927
51 69 5.439373
52 53 2.253577
52 54 2.777820
52 55 2.870738
52 56 3.289823
52 57 3.354162
52 58 4.255040
52 59 3.930173
52 60 4.827616
52 61 3.127468
52 62 3.574600
52 63 3.742957
52 64 4.926125
52 65 2.992199
52 66 3.941318
52 67 4.756662
52 69 4.512735
52 70 5.705730
53 57 2.813833
53 58 4.200441
53 59 4.669725
53 60 5.721189
53 61 4.301498
53 62 5.285271
53 63 5.615644
53 65 4.983183
53 66 5.776788
53 69 5.517851
54 57 2.432917
54 58 3.802103
54 59 4.366638
54 60 5.231228
54 61 4.371081
54 62 5.414580
54 63 5.459799
54 65 4.807647
54 66 5.370684
54 67 5.474844
54 69 4.551260
54 70 5.170560
54 73 5.481887
55 57 1.334953
55 58 2.434690
55 59 2.955242
55 60 3.754140
55 61 3.246989
55 62 4.395574
55 63 4.455863
55 64 5.272472
55 65 4.099976
55 66 4.794645
55 67 4.685327
55 68 5.723240
55 69 3.789364
55 70 4.313954
55 71 4.768903
55 73 4.123703
55 74 5.112496
55 77 5.721389
56 57 2.253728
56 58 2.777177
56 59 2.870561
56 60 3.288509
56 61 3.353419
56 62 4.253992
56 63 3.929138
56 64 4.554264
56 65 3.556384
56 66 3.996308
56 67 3.612164
56 68 4.598466
56 69 2.625342
56 70 3.098251
56 71 3.602192
56 72 4.816195
56 73 3.132152
56 74 4.306631
56 75 5.137672
56 77 4.984426
57 61 2.812295
57 62 4.199527
57 63 4.668850
57 64 5.475274
57 65 4.645755
57 66 5.599918
57 67 5.531205
57 69 4.775238
57 70 5.222855
57 71 5.340659
57 73 4.407548
57 74 5.057032
57 77 5.591430
58 61 2.432153
58 62 3.802027
58 63 4.366121
58 64 4.936851
58 65 4.739790
58 66 5.748972
58 67 5.509717
58 69 4.903908
58 70 5.191106
58 71 4.889727
58 73 3.734350
58 74 4.015465
58 75 4.847582
58 77 4.515936
58 78 5.722917
59 61 1.334588
59 62 2.434445
59 63 2.954768
59 64 3.472334
59 65 3.582029
59 66 4.675791
59 67 4.545506
59 68 5.166280
59 69 4.279422
59 70 4.796211
59 71 4.379128
59 72 5.312128
59 73 3.345425
59 74 3.588537
59 75 3.973414
59 76 5.198903
59 77 3.327663
59 78 4.383248
59 79 5.386859
59 81 5.312508
60 61 2.253309
60 62 2.776850
60 63 2.869882
60 64 2.927771
60 65 3.710089
60 66 4.571427
60 67 4.154996
60 68 4.508952
60 69 4.022233
60 70 4.337256
60 71 3.593447
60 72 4.355472
60 73 2.553446
60 74 2.551548
60 75 2.749673
60 76 3.972736
60 77 2.158203
60 78 3.364542
60 79 4.352267
60 80 5.377382
60 81 4.434615
60 82 5.717005
60 85 5.476629
61 65 3.003452
61 66 4.343663
61 67 4.656012
61 68 5.386201
61 69 4.613496
61 70 5.460607
61 71 5.258674
61 73 4.423011
61 74 4.768545
61 75 4.892726
61 77 3.976339
61 78 4.692398
61 79 5.648572
61 81 5.404580
62 65 2.432412
62 66 3.801091
62 67 4.365660
62 68 4.937749
62 69 4.739804
62 70 5.748949
62 71 5.510067
62 73 4.904085
62 74 5.191278
62 75 4.890785
62 77 3.735569
62 78 4.016242
62 79 4.848116
62 81 4.515665
62 82 5.723049
63 65 1.335261
63 66 2.434113
63 67 2.954667
63 68 3.473426
63 69 3.582374
63 70 4.675829
63 71 4.545878
63 72 5.165749
63 73 4.279175
63 74 4.795889
63 75 4.379433
63 76 5.312058
63 77 3.346133
63 78 3.588575
63 79 3.973589
63 80 5.198931
63 81 3.327281
63 82 4.383546
63 83 5.386671
63 85 5.197197
64 65 2.253264
64 66 2.776664
64 67 2.870235
64 68 2.929469
64 69 3.710801
64 70 4.571948
64 71 4.156138
64 72 4.509103
64 73 4.022404
64 74 4.337284
64 75 3.594136
64 76 4.355885
64 77 2.554288
64 78 2.551683
64 79 2.750439
64 80 3.973389
64 81 2.158556
64 82 3.365498
64 83 4.352998
64 84 5.498018
64 85 4.267716
64 86 5.573111
64 89 5.797735
65 69 3.002776
65 70 4.342734
65 71 4.655603
65 72 5.384916
65 73 4.612670
65 74 5.460110
65 75 5.258746
65 77 4.423926
65 78 4.768828
65 79 4.892899
65 81 3.975837
65 82 4.692495
65 83 5.647741
65 85 5.397407
66 69 2.433118
66 70 3.801376
66 71 4.366286
66 72 4.937210
66 73 4.739486
66 74 5.748803
66 75 5.510022
66 77 4.904699
66 78 5.190919
66 79 4.890665
66 81 3.735014
66 82 4.016664
66 83 4.847717
66 85 4.622158
67 69 1.335523
67 70 2.433945
67 71 2.954980
67 72 3.472564
67 73 3.581692
67 74 4.675509
67 75 4.545532
67 76 5.165571
67 77 4.279751
67 78 4.795808
67 79 4.379523
67 80 5.312256
67 81 3.345625
67 82 3.589209
67 83 3.973026
67 84 5.148927
67 85 3.414074
67 86 4.456334
67 87 5.717142
68 69 2.254033
68 70 2.776701
68 71 2.871197
68 72 2.928459
68 73 3.710889
68 74 4.572339
68 75 4.156315
68 76 4.509186
68 77 4.023686
68 78 4.337807
68 79 3.594570
68 80 4.356250
68 81 2.554203
68 82 2.552060
68 83 2.749169
68 84 3.925768
68 85 2.252821
68 86 3.432525
68 87 4.639300
68 88 5.679382
68 89 4.816802
69 73 3.002200
69 74 4.342695
69 75 4.655544
69 76 5.385150
69 77 4.613710
69 78 5.460711
69 79 5.259324
69 81 4.423737
69 82 4.769728
69 83 4.892437
69 85 4.031235
69 86 4.743860
70 73 2.432786
70 74 3.801613
70 75 4.366054
70 76 4.937510
70 77 4.740313
70 78 5.749355
70 79 5.510411
70 81 4.904180
70 82 5.191438
70 83 4.889860
70 85 3.745309
70 86 4.026623
70 87 5.311603
70 89 5.539635
71 73 1.334720
71 74 2.433934
71 75 2.954953
71 76 3.473362
71 77 3.582743
71 78 4.676781
71 79 4.546834
71 80 5.166795
71 81 4.280137
71 82 4.797225
71 83 4.379864
71 84 5.410496
71 85 3.165650
71 86 3.401793
71 87 4.380658
71 88 5.493087
71 89 4.332485
71 90 5.625076
72 73 2.254063
72 74 2.777252
72 75 2.870709
72 76 2.928839
72 77 3.711122
72 78 4.572570
72 79 4.156295
72 80 4.509242
72 81 4.022626
72 82 4.337456
72 83 3.593296
72 84 4.476759
72 85 2.305020
72 86 2.272754
72 87 3.156627
72 88 4.267431
72 89 3.197500
72 90 4.541430
72 91 5.612573
72 93 5.694052
73 77 3.002976
73 78 4.343655
73 79 4.656043
73 80 5.385422
73 81 4.613001
73 82 5.460854
73 83 5.258593
73 85 4.165583
73 86 4.502995
73 87 5.228037
73 89 4.866267
74 77 2.432709
74 78 3.802351
74 79 4.366397
74 80 4.937524
74 81 4.739630
74 82 5.749448
74 83 5.510009
74 85 4.537112
74 86 4.805192
74 87 5.110923
74 89 4.415017
74 90 5.246239
75 77 1.335131
75 78 2.435288
75 79 2.955530
75 80 3.473361
75 81 3.582299
75 82 4.676662
75 83 4.546227
75 84 5.456251
75 85 3.853304
75 86 4.375377
75 87 4.472751
75 88 5.653097
75 89 3.569961
75 90 4.329465
75 91 5.515419
75 93 5.518227
76 77 2.253600
76 78 2.777634
76 79 2.870765
76 80 2.928481
76 81 3.710510
76 82 4.572196
76 83 4.155878
76 84 4.846398
76 85 3.553051
76 86 3.853993
76 87 3.578553
76 88 4.686217
76 89 2.493103
76 90 3.108475
76 91 4.329948
76 92 5.429292
76 93 4.458649
77 81 3.002732
77 82 4.343853
77 83 4.656034
77 84 5.656518
77 85 4.232479
77 86 5.105643
77 87 5.324743
77 89 4.449480
77 90 5.190260
78 81 2.431909
78 82 3.801503
78 83 4.366113
78 84 5.230817
78 85 4.370989
78 86 5.414212
78 87 5.458911
78 89 4.531038
78 90 5.095679
78 91 5.753910
78 93 5.243678
79 81 1.335071
79 82 2.434768
79 83 2.955707
79 84 3.754469
79 85 3.248163
79 86 4.396316
79 87 4.455970
79 88 5.509332
79 89 3.735673
79 90 4.450525
79 91 4.850279
79 93 4.140271
79 94 5.081329
80 81 2.253991
80 82 2.777495
80 83 2.871694
80 84 3.289409
80 85 3.354535
80 86 4.254975
80 87 3.929437
80 88 4.827818
80 89 3.127340
80 90 3.574225
80 91 3.742098
80 92 4.941760
80 93 2.963995
80 94 3.917319
80 95 5.091992
80 97 5.109444
81 85 2.813279
81 86 4.199678
81 87 4.668801
81 88 5.721005
81 89 4.301411
81 90 5.284700
81 91 5.615241
81 93 4.814321
81 94 5.614934
82 85 2.433041
82 86 3.801905
82 87 4.365808
82 88 5.230894
82 89 4.370896
82 90 5.413690
82 91 5.458929
82 93 4.530614
82 94 5.095049
82 95 5.752953
82 97 5.243575
83 85 1.335246
83 86 2.434618
83 87 2.955119
83 88 3.754397
83 89 3.247800
83 90 4.395843
83 91 4.456619
83 92 5.509942
83 93 3.736218
83 94 4.450976
83 95 4.850126
83 97 4.140497
83 98 5.081767
84 85 2.254604
84 86 2.778066
84 87 2.870698
84 88 3.289168
84 89 3.353710
84 90 4.253786
84 91 3.929308
84 92 4.827421
84 93 3.127038
84 94 3.573802
84 95 3.741159
84 96 4.941080
84 97 2.963605
84 98 3.917233
84 99 5.092677
85 89 2.813026
85 90 4.199365
85 91 4.669609
85 92 5.721804
85 93 4.302240
85 94 5.285330
85 95 5.615124
85 97 4.814276
85 98 5.615233
86 89 2.432601
86 90 3.801582
86 91 4.366993
86 92 5.232125
86 93 4.372048
86 94 5.414672
86 95 5.459448
86 97 4.531038
86 98 5.096176
86 99 5.755312
87 89 1.334246
87 90 2.433560
87 91 2.955115
87 92 3.754481
87 93 3.247629
87 94 4.395330
87 95 4.455457
87 96 5.509016
87 97 3.734704
87 98 4.450550
87 99 4.851032
88 89 2.253477
88 90 2.776912
88 91 2.871400
88 92 3.289699
88 93 3.354570
88 94 4.254524
88 95 3.929574
88 96 4.827816
88 97 3.126640
88 98 3.574435
88 99 3.743041
88 100 4.951442
89 93 2.813554
89 94 4.199542
89 95 4.668758
89 96 5.721173
89 97 4.300894
89 98 5.284823
89 99 5.615699
90 93 2.432615
90 94 3.801413
90 95 4.365779
90 96 5.231106
90 97 4.370235
90 98 5.413846
90 99 5.459525
91 93 1.334696
91 94 2.433786
91 95 2.954653
91 96 3.754011
91 97 3.247027
91 98 4.395780
91 99 4.456486
91 100 5.521842
92 93 2.254080
92 94 2.777020
92 95 2.870424
92 96 3.288396
92 97 3.353108
92 98 4.253943
92 99 3.929298
92 100 4.850772
93 97 2.813299
93 98 4.200089
93 99 4.669898
93 100 5.717176
94 97 2.432804
94 98 3.801938
94 99 4.366566
94 100 5.215951
95 97 1.334743
95 98 2.434389
95 99 2.955417
95 100 3.733421
96 97 2.254118
96 98 2.777368
96 99 2.870419
96 100 3.269998

RESIDUES
ALA 1
 0.0 4.000000
 0.1 4.000000
 0.2 4.000000
 0.3 4.000000
 0.4 4.000000
 0.5 4.000000
 0.6 4.000000
 0.7 4.000000
 0.8 4.000000
 0.9 4.000000
 1.0 4.000000
 1.1 4.000000
 1.2 4.000000
 1.3 3.666667
 1.4 3.666667
 1.5 3.666667
 1.6 3.666667
 1.7 3.666667
 1.8 3.666667
 1.9 3.666667
 2.0 3.666667
 2.1 3.666667
 2.2 3.500000
 2.3 3.100000
 2.4 2.375000
 2.5 2.000000
 2.6 2.000000
 2.7 2.000000
 2.8 1.444444
 2.9 0.571429
 3.0 -0.214286
 3.1 -0.566800
 3.2 -0.500200
 3.3 0.041750
 3.4 0.592556
 3.5 0.750000
 3.6 0.614312
 3.7 0.561133
 3.8 0.221889
 3.9 0.155167
 4.0 0.266000
 4.1 0.266000
 4.2 0.278143
 4.3 0.462550
 4.4 0.432800
 4.5 0.373286
 4.6 0.333000
 4.7 0.329200
 4.8 0.351667
 4.9 0.444286
 5.0 0.416000
 5.1 0.425950
 5.2 0.251833
 5.3 0.382000
 5.4 0.690900
 5.5 1.590000
 5.6 2.168533
 5.7 2.506000

ALA 2
 0.0 4.000000
 0.1 4.000000
 0.2 4.000000
 0.3 4.000000
 0.4 4.000000
 0.5 4.000000
 0.6 4.000000
 0.7 4.000000
 0.8 4.000000
 0.9 4.000000
 1.0 4.000000
 1.1 4.000000
 1.2 4.000000
 1.3 3.333333
 1.4 3.333333
 1.5 3.333333
 1.6 3.333333
 1.7 3.333333
 1.8 3.333333
 1.9 3.333333
 2.0 3.333333
 2.1 3.333333
 2.2 3.000000
 2.3 2.200000
 2.4 0.750000
 2.5 0.000000
 2.6 0.000000
 2.7 0.000000
 2.8 -1.166667
 2.9 -2.857143
 3.0 -4.071429
 3.1 -4.600200
 3.2 -4.166800
 3.3 -2.729625
 3.4 -1.444000
 3.5 -1.166000
 3.6 -1.291250
 3.7 -1.299600
 3.8 -1.767556
 3.9 -1.979833
 4.0 -1.883000
 4.1 -1.820375
 4.2 -2.144429
 4.3 -1.738750
 4.4 -1.114367
 4.5 -0.621667
 4.6 -0.582000
 4.7 -0.681000
 4.8 -0.474148
 4.9 -0.001714
 5.0 0.084000
 5.1 0.223200
 5.2 -0.014111
 5.3 0.248800
 5.4 1.422800
 5.5 4.454500
 5.6 5.708067
 5.7 5.787800

ALA 3
 0.0 4.000000
 0.1 4.000000
 0.2 4.000000
 0.3 4.000000
 0.4 4.000000
 0.5 4.000000
 0.6 4.000000
 0.7 4.000000
 0.8 4.000000
 0.9 4.000000
 1.0 4.000000
 1.1 4.000000
 1.2 4.000000
 1.3 3.333333
 1.4 3.333333
 1.5 3.333333
 1.6 3.333333
 1.7 3.333333
 1.8 3.333333
 1.9 3.333333
 2.0 3.333333
 2.1 3.333333
 2.2 3.000000
 2.3 2.200000
 2.4 0.750000
 2.5 0.000000
 2.6 0.000000
 2.7 0.000000
 2.8 -1.222222
 2.9 -2.857143
 3.0 -3.785714
 3.1 -4.300000
 3.2 -3.733600
 3.3 -2.250250
 3.4 -0.259444
 3.5 0.000000
 3.6 -0.120000
 3.7 -0.016200
 3.8 -0.324000
 3.9 -0.899667
 4.0 -0.700000
 4.1 -0.647625
 4.2 -1.001714
 4.3 -0.137600
 4.4 0.271400
 4.5 0.628381
 4.6 0.338667
 4.7 0.579400
 4.8 0.665556
 4.9 0.964143
 5.0 0.990833
 5.1 1.332350
 5.2 1.980944
 5.3 1.272100
 5.4 2.313150
 5.5 5.229650
 5.6 8.116467
 5.7 8.375600

ALA 4
 0.0 4.000000
 0.1 4.000000
 0.2 4.000000
 0.3 4.000000
 0.4 4.000000
 0.5 4.000000
 0.6 4.000000
 0.7 4.000000
 0.8 4.000000
 0.9 4.000000
 1.0 4.000000
 1.1 4.000000
 1.2 4.000000
 1.3 3.333333
 1.4 3.333333
 1.5 3.333333
 1.6 3.333333
 1.7 3.333333
 1.8 3.333333
 1.9 3.333333
 2.0 3.333333
 2.1 3.333333
 2.2 3.000000
 2.3 2.200000
 2.4 0.625000
 2.5 0.000000
 2.6 0.000000
 2.7 0.000000
 2.8 -1.222222
 2.9 -3.047857
 3.0 -4.095571
 3.1 -4.233800
 3.2 -3.433800
 3.3 -2.104000
 3.4 -0.369889
 3.5 -0.333000
 3.6 -0.468688
 3.7 -0.299467
 3.8 -0.788000
 3.9 -1.039333
 4.0 -0.490812
 4.1 -0.532875
 4.2 -0.764000
 4.3 -0.141750
 4.4 -0.017267
 4.5 -0.834238
 4.6 -0.433667
 4.7 -0.626867
 4.8 -0.169259
 4.9 0.767500
 5.0 0.614000
 5.1 0.975850
 5.2 1.113056
 5.3 0.522600
 5.4 1.813900
 5.5 4.297650
 5.6 7.802267
 5.7 9.317800

ALA 5
 0.0 4.000000
 0.1 4.000000
 0.2 4.000000
 0.3 4.000000
 0.4 4.000000
 0.5 4.000000
 0.6 4.000000
 0.7 4.000000
 0.8 4.000000
 0.9 4.000000
 1.0 4.000000
 1.1 4.000000
 1.2 4.000000
 1.3 3.333333
 1.4 3.333333
 1.5 3.333333
 1.6 3.333333
 1.7 3.333333
 1.8 3.333333
 1.9 3.333333
 2.0 3.333333
 2.1 3.333333
 2.2 3.000000
 2.3 2.200000
 2.4 0.750000
 2.5 0.000000
 2.6 0.000000
 2.7 -0.194333
 2.8 -1.407444
 2.9 -2.249714
 3.0 -3.035714
 3.1 -3.216600
 3.2 -2.349800
 3.3 -1.124750
 3.4 0.046000
 3.5 0.033200
 3.6 0.026313
 3.7 0.338867
 3.8 0.352000
 3.9 0.530000
 4.0 0.310937
 4.1 0.310625
 4.2 0.164429
 4.3 -0.388200
 4.4 -0.108900
 4.5 -0.536571
 4.6 -0.266000
 4.7 -0.337200
 4.8 -0.295481
 4.9 1.156357
 5.0 0.958667
 5.1 0.011150
 5.2 -0.483111
 5.3 -0.337100
 5.4 1.387100
 5.5 4.536550
 5.6 9.147533
 5.7 12.329667

ALA 6
 0.0 4.000000
 0.1 4.000000
 0.2 4.000000
 0.3 4.000000
 0.4 4.000000
 0.5 4.000000
 0.6 4.000000
 0.7 4.000000
 0.8 4.000000
 0.9 4.000000
 1.0 4.000000
 1.1 4.000000
 1.2 4.000000
 1.3 3.333333
 1.4 3.333333
 1.5 3.333333
 1.6 3.333333
 1.7 3.333333
 1.8 3.333333
 1.9 3.333333
 2.0 3.333333
 2.1 3.333333
 2.2 3.000000
 2.3 2.200000
 2.4 1.000000
 2.5 0.000000
 2.6 0.000000
 2.7 -0.722333
 2.8 -1.139778
 2.9 -0.832429
 3.0 -1.284714
 3.1 -1.599200
 3.2 -1.332800
 3.3 -0.624250
 3.4 0.148778
 3.5 0.066800
 3.6 -0.010187
 3.7 0.283733
 3.8 0.741222
 3.9 0.326250
 4.0 0.028125
 4.1 -0.143625
 4.2 -0.150000
 4.3 -0.683450
 4.4 -0.739300
 4.5 -1.103857
 4.6 -0.822667
 4.7 -0.655333
 4.8 -1.764704
 4.9 -0.036857
 5.0 -0.099667
 5.1 -0.953550
 5.2 -1.174556
 5.3 -2.160100
 5.4 -1.337700
 5.5 -0.845050
 5.6 2.412133
 5.7 3.720400

ALA 7
 0.0 4.000000
 0.1 4.000000
 0.2 4.000000
 0.3 4.000000
 0.4 4.000000
 0.5 4.000000
 0.6 4.000000
 0.7 4.000000
 0.8 4.000000
 0.9 4.000000
 1.0 4.000000
 1.1 4.000000
 1.2 4.000000
 1.3 3.333333
 1.4 3.333333
 1.5 3.333333
 1.6 3.333333
 1.7 3.333333
 1.8 3.333333
 1.9 3.333333
 2.0 3.333333
 2.1 3.333333
 2.2 3.000000
 2.3 2.200000
 2.4 1.000000
 2.5 0.000000
 2.6 0.000000
 2.7 -1.083333
 2.8 -0.704222
 2.9 -0.059000
 3.0 -0.083000
 3.1 -0.083000
 3.2 -0.083000
 3.3 0.167500
 3.4 -0.267778
 3.5 -0.532800
 3.6 -0.458250
 3.7 0.349933
 3.8 0.657667
 3.9 0.733333
 4.0 0.318500
 4.1 0.089375
 4.2 0.119000
 4.3 -0.998900
 4.4 -1.113700
 4.5 -1.129000
 4.6 -1.265667
 4.7 -1.305800
 4.8 -3.098185
 4.9 -1.539071
 5.0 -1.477833
 5.1 -2.832500
 5.2 -3.093444
 5.3 -3.344000
 5.4 -2.536500
 5.5 -3.661400
 5.6 -1.682200
 5.7 -0.731467

ALA 8
 0.0 4.000000
 0.1 4.000000
 0.2 4.000000
 0.3 4.000000
 0.4 4.000000
 0.5 4.000000
 0.6 4.000000
 0.7 4.000000
 0.8 4.000000
 0.9 4.000000
 1.0 4.000000
 1.1 4.000000
 1.2 4.000000
 1.3 3.333333
 1.4 3.333333
 1.5 3.333333
 1.6 3.333333
 1.7 3.333333
 1.8 3.333333
 1.9 3.333333
 2.0 3.333333
 2.1 3.333333
 2.2 3.000000
 2.3 2.200000
 2.4 0.875000
 2.5 0.000000
 2.6 0.000000
 2.7 -1.000000
 2.8 -0.880222
 2.9 0.048143
 3.0 0.001000
 3.1 0.001000
 3.2 0.001000
 3.3 0.001000
 3.4 0.001000
 3.5 0.033800
 3.6 -0.250000
 3.7 -0.111200
 3.8 0.009222
 3.9 0.014333
 4.0 -0.130437
 4.1 -0.979250
 4.2 -1.000000
 4.3 -1.508550
 4.4 -1.806200
 4.5 -1.633000
 4.6 -1.574750
 4.7 -1.437733
 4.8 -3.610111
 4.9 -2.326429
 5.0 -2.236667
 5.1 -3.720850
 5.2 -4.001000
 5.3 -4.001000
 5.4 -3.932950
 5.5 -5.359800
 5.6 -4.238733
 5.7 -3.566067

ALA 9
 0.0 4.000000
 0.1 4.000000
 0.2 4.000000
 0.3 4.000000
 0.4 4.000000
 0.5 4.000000
 0.6 4.000000
 0.7 4.000000
 0.8 4.000000
 0.9 4.000000
 1.0 4.000000
 1.1 4.000000
 1.2 4.000000
 1.3 3.333333
 1.4 3.333333
 1.5 3.333333
 1.6 3.333333
 1.7 3.333333
 1.8 3.333333
 1.9 3.333333
 2.0 3.333333
 2.1 3.333333
 2.2 3.000000
 2.3 2.200000
 2.4 0.625000
 2.5 0.000000
 2.6 0.000000
 2.7 -1.166667
 2.8 -1.009778
 2.9 -0.107286
 3.0 -0.083000
 3.1 -0.083000
 3.2 -0.066200
 3.3 0.001000
 3.4 0.001000
 3.5 -0.099600
 3.6 -0.416875
 3.7 -0.100067
 3.8 0.001889
 3.9 0.233917
 4.0 0.217625
 4.1 -0.147750
 4.2 0.040286
 4.3 -0.688950
 4.4 -1.177067
 4.5 -1.704095
 4.6 -1.725250
 4.7 -1.465533
 4.8 -2.917444
 4.9 -1.632143
 5.0 -1.600000
 5.1 -2.904150
 5.2 -3.213389
 5.3 -3.103600
 5.4 -3.144950
 5.5 -3.168250
 5.6 -3.753000
 5.7 -5.887867

ALA 10
 0.0 4.000000
 0.1 4.000000
 0.2 4.000000
 0.3 4.000000
 0.4 4.000000
 0.5 4.000000
 0.6 4.000000
 0.7 4.000000
 0.8 4.000000
 0.9 4.000000
 1.0 4.000000
 1.1 4.000000
 1.2 4.000000
 1.3 3.166667
 1.4 3.166667
 1.5 3.166667
 1.6 3.166667
 1.7 3.166667
 1.8 3.166667
 1.9 3.166667
 2.0 3.166667
 2.1 3.166667
 2.2 3.000000
 2.3 2.200000
 2.4 0.500000
 2.5 0.000000
 2.6 0.000000
 2.7 -0.972333
 2.8 -0.722667
 2.9 -0.618714
 3.0 -1.213286
 3.1 -1.599200
 3.2 -1.482600
 3.3 -0.874250
 3.4 -0.249333
 3.5 -0.149400
 3.6 -0.229500
 3.7 -0.250200
 3.8 -0.414556
 3.9 -0.164667
 4.0 -0.062187
 4.1 -0.495875
 4.2 -0.288286
 4.3 -0.526700
 4.4 -0.794400
 4.5 -1.389095
 4.6 -1.433500
 4.7 -1.475200
 4.8 -1.934481
 4.9 -0.689571
 5.0 -0.750000
 5.1 -1.690800
 5.2 -2.049111
 5.3 -1.621600
 5.4 -0.940700
 5.5 0.750250
 5.6 0.251067
 5.7 -1.532200

ALA 11
 0.0 4.000000
 0.1 4.000000
 0.2 4.000000
 0.3 4.000000
 0.4 4.000000
 0.5 4.000000
 0.6 4.000000
 0.7 4.000000
 0.8 4.000000
 0.9 4.000000
 1.0 4.000000
 1.1 4.000000
 1.2 4.000000
 1.3 3.166667
 1.4 3.166667
 1.5 3.166667
 1.6 3.166667
 1.7 3.166667
 1.8 3.166667
 1.9 3.166667
 2.0 3.166667
 2.1 3.166667
 2.2 3.000000
 2.3 2.200000
 2.4 0.625000
 2.5 0.000000
 2.6 0.000000
 2.7 -0.361000
 2.8 -1.064778
 2.9 -1.892714
 3.0 -2.892857
 3.1 -3.350200
 3.2 -3.033600
 3.3 -1.771375
 3.4 -0.351333
 3.5 -0.083000
 3.6 -0.052562
 3.7 -0.477933
 3.8 -0.720111
 3.9 -0.348417
 4.0 -0.124188
 4.1 -0.271250
 4.2 -0.140286
 4.3 -0.418300
 4.4 -0.633267
 4.5 -1.322952
 4.6 -1.391500
 4.7 -1.180267
 4.8 -1.191000
 4.9 -0.079643
 5.0 0.017000
 5.1 -0.246900
 5.2 -0.972389
 5.3 -0.421300
 5.4 0.707850
 5.5 4.060650
 5.6 4.717933
 5.7 4.260200

ALA 12
 0.0 4.000000
 0.1 4.000000
 0.2 4.000000
 0.3 4.000000
 0.4 4.000000
 0.5 4.000000
 0.6 4.000000
 0.7 4.000000
 0.8 4.000000
 0.9 4.000000
 1.0 4.000000
 1.1 4.000000
 1.2 4.000000
 1.3 3.500000
 1.4 3.500000
 1.5 3.500000
 1.6 3.500000
 1.7 3.500000
 1.8 3.500000
 1.9 3.500000
 2.0 3.500000
 2.1 3.500000
 2.2 3.000000
 2.3 2.200000
 2.4 0.875000
 2.5 0.000000
 2.6 0.000000
 2.7 0.000000
 2.8 -1.463111
 2.9 -3.167000
 3.0 -4.381286
 3.1 -4.767200
 3.2 -4.283800
 3.3 -2.354375
 3.4 -0.342333
 3.5 -0.133200
 3.6 -0.520875
 3.7 -0.472867
 3.8 -0.812556
 3.9 -0.763333
 4.0 -0.570875
 4.1 -0.681500
 4.2 -0.695000
 4.3 -0.448850
 4.4 -0.789167
 4.5 -0.770952
 4.6 -0.974500
 4.7 -0.855467
 4.8 0.318593
 4.9 1.142429
 5.0 1.199000
 5.1 1.609850
 5.2 1.012444
 5.3 1.836500
 5.4 3.509300
 5.5 8.219100
 5.6 9.412933
 5.7 9.678667

ALA 13
 0.0 4.000000
 0.1 4.000000
 0.2 4.000000
 0.3 4.000000
 0.4 4.000000
 0.5 4.000000
 0.6 4.000000
 0.7 4.000000
 0.8 4.000000
 0.9 4.000000
 1.0 4.000000
 1.1 4.000000
 1.2 4.000000
 1.3 3.500000
 1.4 3.500000
 1.5 3.500000
 1.6 3.500000
 1.7 3.500000
 1.8 3.500000
 1.9 3.500000
 2.0 3.500000
 2.1 3.500000
 2.2 3.000000
 2.3 2.200000
 2.4 1.000000
 2.5 0.000000
 2.6 0.000000
 2.7 0.000000
 2.8 -1.111111
 2.9 -2.928571
 3.0 -4.142857
 3.1 -4.700400
 3.2 -4.167000
 3.3 -2.270750
 3.4 -0.239889
 3.5 0.001000
 3.6 -0.171688
 3.7 -0.328133
 3.8 -0.896889
 3.9 -0.968083
 4.0 -0.337000
 4.1 -0.258125
 4.2 -0.321143
 4.3 -0.103700
 4.4 0.007433
 4.5 -0.595905
 4.6 -0.461750
 4.7 -0.028200
 4.8 0.991556
 4.9 1.766429
 5.0 1.721333
 5.1 2.341200
 5.2 1.290111
 5.3 1.861000
 5.4 4.082500
 5.5 11.108900
 5.6 13.584333
 5.7 11.989933

ALA 14
 0.0 4.000000
 0.1 4.000000
 0.2 4.000000
 0.3 4.000000
 0.4 4.000000
 0.5 4.000000
 0.6 4.000000
 0.7 4.000000
 0.8 4.000000
 0.9 4.000000
 1.0 4.000000
 1.1 4.000000
 1.2 4.000000
 1.3 3.333333
 1.4 3.333333
 1.5 3.333333
 1.6 3.333333
 1.7 3.333333
 1.8 3.333333
 1.9 3.333333
 2.0 3.333333
 2.1 3.333333
 2.2 3.000000
 2.3 2.200000
 2.4 1.000000
 2.5 0.000000
 2.6 -0.125000
 2.7 -0.500000
 2.8 -1.611111
 2.9 -3.357143
 3.0 -4.642857
 3.1 -5.366400
 3.2 -4.466200
 3.3 -2.604000
 3.4 -0.296556
 3.5 -0.167000
 3.6 0.229438
 3.7 0.555667
 3.8 0.314778
 3.9 -0.090500
 4.0 0.244375
 4.1 0.767250
 4.2 0.843143
 4.3 1.809300
 4.4 2.015467
 4.5 0.620286
 4.6 -0.303917
 4.7 -0.155200
 4.8 0.578704
 4.9 1.677857
 5.0 1.649000
 5.1 1.862950
 5.2 0.325833
 5.3 1.332700
 5.4 3.089250
 5.5 7.432550
 5.6 9.222133
 5.7 8.846733

ALA 15
 0.0 4.000000
 0.1 4.000000
 0.2 4.000000
 0.3 4.000000
 0.4 4.000000
 0.5 4.000000
 0.6 4.000000
 0.7 4.000000
 0.8 4.000000
 0.9 4.000000
 1.0 4.000000
 1.1 4.000000
 1.2 4.000000
 1.3 3.333333
 1.4 3.333333
 1.5 3.333333
 1.6 3.333333
 1.7 3.333333
 1.8 3.333333
 1.9 3.333333
 2.0 3.333333
 2.1 3.333333
 2.2 2.500000
 2.3 1.600000
 2.4 0.250000
 2.5 -0.500000
 2.6 -1.042000
 2.7 -1.167000
 2.8 -2.555222
 2.9 -4.309286
 3.0 -5.595286
 3.1 -5.566800
 3.2 -4.933800
 3.3 -3.562750
 3.4 -1.444222
 3.5 -1.500000
 3.6 -0.708063
 3.7 0.483067
 3.8 1.009556
 3.9 1.141833
 4.0 1.821000
 4.1 2.312875
 4.2 2.504429
 4.3 2.711850
 4.4 1.735200
 4.5 -0.481762
 4.6 0.111667
 4.7 0.523600
 4.8 0.149111
 4.9 0.934643
 5.0 1.072333
 5.1 0.856050
 5.2 0.065111
 5.3 1.511200
 5.4 1.928150
 5.5 2.775350
 5.6 3.459733
 5.7 3.387200

ALA 16
 0.0 4.000000
 0.1 4.000000
 0.2 4.000000
 0.3 4.000000
 0.4 4.000000
 0.5 4.000000
 0.6 4.000000
 0.7 4.000000
 0.8 4.000000
 0.9 4.000000
 1.0 4.000000
 1.1 4.000000
 1.2 4.000000
 1.3 3.333333
 1.4 3.333333
 1.5 3.333333
 1.6 3.333333
 1.7 3.333333
 1.8 3.333333
 1.9 3.333333
 2.0 3.333333
 2.1 3.333333
 2.2 2.750000
 2.3 1.500000
 2.4 0.000000
 2.5 -0.500000
 2.6 -0.917000
 2.7 -1.167000
 2.8 -2.388556
 2.9 -3.904571
 3.0 -5.333571
 3.1 -5.732800
 3.2 -5.332800
 3.3 -4.687500
 3.4 -2.759889
 3.5 -2.883800
 3.6 -1.348938
 3.7 1.067000
 3.8 2.620889
 3.9 2.422333
 4.0 3.637562
 4.1 3.817000
 4.2 3.785857
 4.3 2.619700
 4.4 0.930767
 4.5 -1.395857
 4.6 -0.678167
 4.7 0.231933
 4.8 -0.172148
 4.9 0.662786
 5.0 0.913333
 5.1 0.861200
 5.2 0.492444
 5.3 1.198400
 5.4 1.243550
 5.5 -0.040200
 5.6 2.205400
 5.7 1.381333

ALA 17
 0.0 4.000000
 0.1 4.000000
 0.2 4.000000
 0.3 4.000000
 0.4 4.000000
 0.5 4.000000
 0.6 4.000000
 0.7 4.000000
 0.8 4.000000
 0.9 4.000000
 1.0 4.000000
 1.1 4.000000
 1.2 4.000000
 1.3 3.500000
 1.4 3.500000
 1.5 3.500000
 1.6 3.500000
 1.7 3.500000
 1.8 3.500000
 1.9 3.500000
 2.0 3.500000
 2.1 3.500000
 2.2 3.000000
 2.3 1.600000
 2.4 0.125000
 2.5 -0.500000
 2.6 -0.917000
 2.7 -1.194667
 2.8 -1.962778
 2.9 -3.000000
 3.0 -4.547286
 3.1 -5.633200
 3.2 -5.233600
 3.3 -5.146125
 3.4 -4.704111
 3.5 -4.266600
 3.6 -1.927000
 3.7 1.400267
 3.8 3.323667
 3.9 2.822917
 4.0 2.928375
 4.1 4.050000
 4.2 3.043143
 4.3 1.257400
 4.4 -0.417500
 4.5 -2.043381
 4.6 -1.669750
 4.7 -0.499667
 4.8 -1.218630
 4.9 -0.501714
 5.0 0.340000
 5.1 0.510850
 5.2 0.546000
 5.3 -0.400300
 5.4 -2.319050
 5.5 -8.279400
 5.6 -4.795800
 5.7 -6.851267

ALA 18
 0.0 4.000000
 0.1 4.000000
 0.2 4.000000
 0.3 4.000000
 0.4 4.000000
 0.5 4.000000
 0.6 4.000000
 0.7 4.000000
 0.8 4.000000
 0.9 4.000000
 1.0 4.000000
 1.1 4.000000
 1.2 4.000000
 1.3 3.500000
 1.4 3.500000
 1.5 3.500000
 1.6 3.500000
 1.7 3.500000
 1.8 3.500000
 1.9 3.500000
 2.0 3.500000
 2.1 3.500000
 2.2 3.000000
 2.3 1.900000
 2.4 -0.250000
 2.5 -1.000000
 2.6 -1.125000
 2.7 -1.500000
 2.8 -2.277778
 2.9 -3.476286
 3.0 -5.238429
 3.1 -6.533800
 3.2 -6.134200
 3.3 -5.834000
 3.4 -5.870889
 3.5 -5.867600
 3.6 -3.083625
 3.7 0.144133
 3.8 1.000000
 3.9 0.756750
 4.0 1.106250
 4.1 1.325000
 4.2 0.478286
 4.3 -0.686850
 4.4 -0.502867
 4.5 -0.656952
 4.6 -0.477667
 4.7 -0.084067
 4.8 -0.098185
 4.9 -0.039143
 5.0 0.003333
 5.1 0.023050
 5.2 0.258389
 5.3 0.015000
 5.4 -1.606000
 5.5 -9.747000
 5.6 -11.921400
 5.7 -17.438800

ALA 19
 0.0 4.000000
 0.1 4.000000
 0.2 4.000000
 0.3 4.000000
 0.4 4.000000
 0.5 4.000000
 0.6 4.000000
 0.7 4.000000
 0.8 4.000000
 0.9 4.000000
 1.0 4.000000
 1.1 4.000000
 1.2 4.000000
 1.3 3.333333
 1.4 3.333333
 1.5 3.333333
 1.6 3.333333
 1.7 3.333333
 1.8 3.333333
 1.9 3.333333
 2.0 3.333333
 2.1 3.333333
 2.2 3.000000
 2.3 2.200000
 2.4 0.875000
 2.5 -0.500000
 2.6 -1.042000
 2.7 -1.167000
 2.8 -2.056222
 2.9 -3.405429
 3.0 -5.286429
 3.1 -6.167800
 3.2 -5.800600
 3.3 -5.375500
 3.4 -4.981444
 3.5 -5.633000
 3.6 -2.828375
 3.7 0.011333
 3.8 1.185778
 3.9 1.410583
 4.0 1.203375
 4.1 0.958000
 4.2 0.628000
 4.3 -0.254000
 4.4 -0.453767
 4.5 -1.267810
 4.6 -0.832083
 4.7 -0.536133
 4.8 -0.256296
 4.9 0.026714
 5.0 0.504333
 5.1 0.334300
 5.2 0.416000
 5.3 -0.621700
 5.4 -2.591700
 5.5 -8.595950
 5.6 -12.252133
 5.7 -16.422400

ALA 20
 0.0 4.000000
 0.1 4.000000
 0.2 4.000000
 0.3 4.000000
 0.4 4.000000
 0.5 4.000000
 0.6 4.000000
 0.7 4.000000
 0.8 4.000000
 0.9 4.000000
 1.0 4.000000
 1.1 4.000000
 1.2 4.000000
 1.3 3.333333
 1.4 3.333333
 1.5 3.333333
 1.6 3.333333
 1.7 3.333333
 1.8 3.333333
 1.9 3.333333
 2.0 3.333333
 2.1 3.333333
 2.2 2.500000
 2.3 1.700000
 2.4 0.375000
 2.5 -0.500000
 2.6 -0.584000
 2.7 -0.834000
 2.8 -1.389222
 2.9 -2.500429
 3.0 -3.881571
 3.1 -4.566800
 3.2 -4.333400
 3.3 -3.834000
 3.4 -2.630000
 3.5 -2.317000
 3.6 -0.323250
 3.7 1.577733
 3.8 2.342778
 3.9 2.093417
 4.0 2.667812
 4.1 2.433000
 4.2 2.326429
 4.3 1.170050
 4.4 -1.180800
 4.5 -1.572190
 4.6 0.495500
 4.7 0.667667
 4.8 0.215519
 4.9 0.224643
 5.0 0.393667
 5.1 0.451700
 5.2 0.188167
 5.3 -0.357200
 5.4 -0.399850
 5.5 -1.230500
 5.6 0.071067
 5.7 -3.013800

ALA 21
 0.0 4.000000
 0.1 4.000000
 0.2 4.000000
 0.3 4.000000
 0.4 4.000000
 0.5 4.000000
 0.6 4.000000
 0.7 4.000000
 0.8 4.000000
 0.9 4.000000
 1.0 4.000000
 1.1 4.000000
 1.2 4.000000
 1.3 3.333333
 1.4 3.333333
 1.5 3.333333
 1.6 3.333333
 1.7 3.333333
 1.8 3.333333
 1.9 3.333333
 2.0 3.333333
 2.1 3.333333
 2.2 2.750000
 2.3 1.800000
 2.4 0.375000
 2.5 -0.500000
 2.6 -0.584000
 2.7 -0.861833
 2.8 -1.463444
 2.9 -2.572143
 3.0 -3.596143
 3.1 -4.267200
 3.2 -3.900400
 3.3 -2.604000
 3.4 -0.851889
 3.5 0.267400
 3.6 0.698000
 3.7 1.233733
 3.8 1.343778
 3.9 1.588917
 4.0 2.127438
 4.1 1.846250
 4.2 2.059571
 4.3 1.210950
 4.4 -0.200367
 4.5 -0.501571
 4.6 -0.044917
 4.7 0.172267
 4.8 0.149926
 4.9 0.477643
 5.0 0.702000
 5.1 0.619600
 5.2 0.005389
 5.3 0.534300
 5.4 1.693150
 5.5 4.385600
 5.6 7.991400
 5.7 5.945467

ALA 22
 0.0 4.000000
 0.1 4.000000
 0.2 4.000000
 0.3 4.000000
 0.4 4.000000
 0.5 4.000000
 0.6 4.000000
 0.7 4.000000
 0.8 4.000000
 0.9 4.000000
 1.0 4.000000
 1.1 4.000000
 1.2 4.000000
 1.3 3.166667
 1.4 3.166667
 1.5 3.166667
 1.6 3.166667
 1.7 3.166667
 1.8 3.166667
 1.9 3.166667
 2.0 3.166667
 2.1 3.166667
 2.2 3.000000
 2.3 1.400000
 2.4 -0.625000
 2.5 -1.500000
 2.6 -1.167000
 2.7 -1.111333
 2.8 -1.851667
 2.9 -3.262000
 3.0 -4.024143
 3.1 -4.467000
 3.2 -4.100400
 3.3 -2.104000
 3.4 -0.241444
 3.5 0.682400
 3.6 1.108875
 3.7 0.649533
 3.8 0.019000
 3.9 0.790417
 4.0 1.464938
 4.1 1.095625
 4.2 0.783429
 4.3 0.491500
 4.4 -0.854633
 4.5 -1.716095
 4.6 -0.569750
 4.7 -0.507867
 4.8 -0.855000
 4.9 -1.111571
 5.0 -0.889000
 5.1 -0.163800
 5.2 -0.422222
 5.3 -0.316900
 5.4 0.827150
 5.5 3.160150
 5.6 4.656800
 5.7 1.950667

ALA 23
 0.0 4.000000
 0.1 4.000000
 0.2 4.000000
 0.3 4.000000
 0.4 4.000000
 0.5 4.000000
 0.6 4.000000
 0.7 4.000000
 0.8 4.000000
 0.9 4.000000
 1.0 4.000000
 1.1 4.000000
 1.2 4.000000
 1.3 3.166667
 1.4 3.166667
 1.5 3.166667
 1.6 3.166667
 1.7 3.166667
 1.8 3.166667
 1.9 3.166667
 2.0 3.166667
 2.1 3.166667
 2.2 3.000000
 2.3 2.100000
 2.4 0.750000
 2.5 -0.500000
 2.6 -0.500000
 2.7 -0.500000
 2.8 -1.666667
 2.9 -3.428571
 3.0 -4.357143
 3.1 -4.799800
 3.2 -3.633200
 3.3 -2.083000
 3.4 0.046444
 3.5 0.250000
 3.6 0.469062
 3.7 0.472667
 3.8 0.139222
 3.9 -0.119500
 4.0 0.033000
 4.1 -0.029250
 4.2 -0.217000
 4.3 0.657400
 4.4 0.613767
 4.5 0.337238
 4.6 0.937417
 4.7 1.009200
 4.8 1.040778
 4.9 -0.070214
 5.0 -0.295000
 5.1 0.232000
 5.2 0.171944
 5.3 0.632500
 5.4 1.532950
 5.5 3.232500
 5.6 1.732467
 5.7 1.432200

ALA 24
 0.0 4.000000
 0.1 4.000000
 0.2 4.000000
 0.3 4.000000
 0.4 4.000000
 0.5 4.000000
 0.6 4.000000
 0.7 4.000000
 0.8 4.000000
 0.9 4.000000
 1.0 4.000000
 1.1 4.000000
 1.2 4.000000
 1.3 3.333333
 1.4 3.333333
 1.5 3.333333
 1.6 3.333333
 1.7 3.333333
 1.8 3.333333
 1.9 3.333333
 2.0 3.333333
 2.1 3.333333
 2.2 3.000000
 2.3 2.200000
 2.4 0.750000
 2.5 0.000000
 2.6 0.000000
 2.7 0.000000
 2.8 -1.166667
 2.9 -3.000000
 3.0 -4.142857
 3.1 -4.399800
 3.2 -3.766800
 3.3 -3.188000
 3.4 -1.592556
 3.5 -1.500000
 3.6 -1.364312
 3.7 -1.644400
 3.8 -2.110778
 3.9 -1.924917
 4.0 -1.466000
 4.1 -1.528625
 4.2 -1.704571
 4.3 -0.952050
 4.4 -0.868367
 4.5 -0.693810
 4.6 -0.458500
 4.7 -0.530533
 4.8 -0.269889
 4.9 0.408929
 5.0 0.517000
 5.1 0.435750
 5.2 -0.156833
 5.3 0.229400
 5.4 1.045600
 5.5 2.899050
 5.6 3.398000
 5.7 4.716533

ALA 25
 0.0 4.000000
 0.1 4.000000
 0.2 4.000000
 0.3 4.000000
 0.4 4.000000
 0.5 4.000000
 0.6 4.000000
 0.7 4.000000
 0.8 4.000000
 0.9 4.000000
 1.0 4.000000
 1.1 4.000000
 1.2 4.000000
 1.3 3.666667
 1.4 3.666667
 1.5 3.666667
 1.6 3.666667
 1.7 3.666667
 1.8 3.666667
 1.9 3.666667
 2.0 3.666667
 2.1 3.666667
 2.2 3.500000
 2.3 3.100000
 2.4 2.375000
 2.5 2.000000
 2.6 2.000000
 2.7 2.000000
 2.8 1.388889
 2.9 0.500000
 3.0 -0.214286
 3.1 -0.600200
 3.2 -0.333400
 3.3 -0.083250
 3.4 0.842667
 3.5 0.750000
 3.6 0.614312
 3.7 0.338733
 3.8 0.221889
 3.9 0.195500
 4.0 0.266000
 4.1 0.266000
 4.2 0.230429
 4.3 0.485200
 4.4 0.432500
 4.5 0.345000
 4.6 0.333000
 4.7 0.317133
 4.8 0.342889
 4.9 0.445286
 5.0 0.417000
 5.1 0.400250
 5.2 0.235056
 5.3 0.406200
 5.4 0.672550
 5.5 1.546800
 5.6 2.187467
 5.7 2.484867

