ATOMS
CA -16.627 -16.552 -10.791

CA -16.523 -12.796 -11.373

CA -16.053 -12.659 -7.602

CA -12.393 -13.212 -8.470

CA -12.376 -9.438 -8.926

CA -11.808 -9.418 -5.167

CA -8.163 -9.869 -6.149

CA -8.230 -6.082 -6.476

CA -7.560 -6.177 -2.735

CA -3.935 -6.522 -3.827

CA -4.082 -2.728 -4.023

CA -3.310 -2.936 -0.306

CA 0.290 -3.173 -1.505

CA 0.066 0.622 -1.567

CA 0.942 0.305 2.119

CA 4.512 0.180 0.818

CA 4.215 3.969 0.891

CA 5.196 3.545 4.540

CA 8.731 3.535 3.142

CA 8.365 7.313 3.353

CA 9.451 6.787 6.958

CA 12.947 6.893 5.467

CA 12.515 10.654 5.816

CA 13.709 10.028 9.371

CA 17.161 10.254 7.794

CA 16.668 13.992 8.283

EDGES
1 2 3.802246
1 3 5.065042
1 4 5.871064
1 5 8.494600
1 6 10.283292
1 7 11.740952
2 3 3.802645
2 4 5.065310
2 5 5.870399
2 6 8.494501
2 7 10.283341
2 8 11.740198
3 4 3.801951
3 5 5.064400
3 6 5.869696
3 7 8.493963
3 8 10.282224
3 9 11.740318
4 5 3.801487
4 6 5.064234
4 7 5.869888
4 8 8.493733
4 9 10.282964
4 10 11.741010
5 6 3.801724
5 7 5.064273
5 8 5.869800
5 9 8.494496
5 10 10.283644
5 11 11.741122
6 7 3.801809
6 8 5.064036
6 9 5.870623
6 10 8.495089
6 11 10.283769
6 12 11.741450
7 8 3.801682
7 9 5.064570
7 10 5.871122
7 11 8.495194
7 12 10.283907
7 13 11.741225
8 9 3.801711
8 10 5.065355
8 11 5.871323
8 12 8.495447
8 13 10.284139
8 14 11.741615
9 10 3.801594
9 11 5.064684
9 12 5.870828
9 13 8.494670
9 14 10.283312
9 15 11.741450
10 11 3.801902
10 12 5.064332
10 13 5.870103
10 14 8.494253
10 15 10.283383
10 16 11.740726
11 12 3.802017
11 13 5.064853
11 14 5.870293
11 15 8.494930
11 16 10.283413
11 17 11.740418
12 13 3.801811
12 14 5.064273
12 15 5.870623
12 16 8.494499
12 17 10.282872
12 18 11.740490
13 14 3.802111
13 15 5.065073
13 16 5.870624
13 17 8.494387
13 18 10.283112
13 19 11.740628
14 15 3.801902
14 16 5.064633
14 17 5.870126
14 18 8.494485
14 19 10.283116
14 20 11.740923
15 16 3.801727
15 17 5.064130
15 18 5.869869
15 19 8.493995
15 20 10.282789
15 21 11.740329
16 17 3.801323
16 18 5.064027
16 19 5.870005
16 20 8.494205
16 21 10.283276
16 22 11.739966
17 18 3.802281
17 19 5.064545
17 20 5.870799
17 21 8.495017
17 22 10.282868
17 23 11.740309
18 19 3.801411
18 20 5.064519
18 21 5.870461
18 22 8.493906
18 23 10.282695
18 24 11.740486
19 20 3.801547
19 21 5.065152
19 22 5.869961
19 23 8.494062
19 24 10.282994
19 25 11.740995
20 21 3.801591
20 22 5.063607
20 23 5.869510
20 24 8.493873
20 25 10.283072
20 26 11.741114
21 22 3.802148
21 23 5.064183
21 24 5.870027
21 25 8.494886
21 26 10.283615
22 23 3.801782
22 24 5.064591
22 25 5.871034
22 26 8.495381
23 24 3.802044
23 25 5.065353
23 26 5.871605
24 25 3.801882
24 26 5.064852
25 26 3.801949

RESIDUES
ALA 1
 0.0 1.000000
 0.1 1.000000
 0.2 1.000000
 0.3 1.000000
 0.4 1.000000
 0.5 1.000000
 0.6 1.000000
 0.7 1.000000
 0.8 1.000000
 0.9 1.000000
 1.0 1.000000
 1.1 1.000000
 1.2 1.000000
 1.3 1.000000
 1.4 1.000000
 1.5 1.000000
 1.6 1.000000
 1.7 1.000000
 1.8 1.000000
 1.9 1.000000
 2.0 1.000000
 2.1 1.000000
 2.2 1.000000
 2.3 1.000000
 2.4 1.000000
 2.5 1.000000
 2.6 1.000000
 2.7 1.000000
 2.8 1.000000
 2.9 1.000000
 3.0 1.000000
 3.1 1.000000
 3.2 1.000000
 3.3 1.000000
 3.4 1.000000
 3.5 1.000000
 3.6 1.000000
 3.7 1.000000
 3.8 0.666667
 3.9 0.666667
 4.0 0.666667
 4.1 0.666667
 4.2 0.666667
 4.3 0.666667
 4.4 0.666667
 4.5 0.666667
 4.6 0.666667
 4.7 0.666667
 4.8 0.666667
 4.9 0.666667
 5.0 0.666667
 5.1 0.416500
 5.2 0.416500
 5.3 0.416500
 5.4 0.416500
 5.5 0.416500
 5.6 0.416500
 5.7 0.416500
 5.8 0.416500
 5.9 0.277667
 6.0 0.277667
 6.1 0.277667
 6.2 0.277667
 6.3 0.277667
 6.4 0.277667
 6.5 0.277667
 6.6 0.277667
 6.7 0.277667
 6.8 0.277667
 6.9 0.277667
 7.0 0.277667
 7.1 0.277667
 7.2 0.277667
 7.3 0.277667
 7.4 0.277667
 7.5 0.277667
 7.6 0.277667
 7.7 0.277667
 7.8 0.277667
 7.9 0.277667
 8.0 0.277667
 8.1 0.277667
 8.2 0.277667
 8.3 0.277667
 8.4 0.277667
 8.5 0.225000
 8.6 0.225000
 8.7 0.225000
 8.8 0.225000
 8.9 0.225000
 9.0 0.225000
 9.1 0.225000
 9.2 0.225000
 9.3 0.225000
 9.4 0.225000
 9.5 0.225000
 9.6 0.225000
 9.7 0.225000
 9.8 0.225000
 9.9 0.225000
 10.0 0.225000
 10.1 0.225000
 10.2 0.225000
 10.3 0.178000
 10.4 0.178000
 10.5 0.178000
 10.6 0.178000
 10.7 0.178000
 10.8 0.178000
 10.9 0.178000
 11.0 0.178000
 11.1 0.178000
 11.2 0.178000
 11.3 0.178000
 11.4 0.178000
 11.5 0.178000
 11.6 0.178000
 11.7 0.151000

ALA 2
 0.0 1.000000
 0.1 1.000000
 0.2 1.000000
 0.3 1.000000
 0.4 1.000000
 0.5 1.000000
 0.6 1.000000
 0.7 1.000000
 0.8 1.000000
 0.9 1.000000
 1.0 1.000000
 1.1 1.000000
 1.2 1.000000
 1.3 1.000000
 1.4 1.000000
 1.5 1.000000
 1.6 1.000000
 1.7 1.000000
 1.8 1.000000
 1.9 1.000000
 2.0 1.000000
 2.1 1.000000
 2.2 1.000000
 2.3 1.000000
 2.4 1.000000
 2.5 1.000000
 2.6 1.000000
 2.7 1.000000
 2.8 1.000000
 2.9 1.000000
 3.0 1.000000
 3.1 1.000000
 3.2 1.000000
 3.3 1.000000
 3.4 1.000000
 3.5 1.000000
 3.6 1.000000
 3.7 1.000000
 3.8 0.500000
 3.9 0.500000
 4.0 0.500000
 4.1 0.500000
 4.2 0.500000
 4.3 0.500000
 4.4 0.500000
 4.5 0.500000
 4.6 0.500000
 4.7 0.500000
 4.8 0.500000
 4.9 0.500000
 5.0 0.500000
 5.1 0.083500
 5.2 0.083500
 5.3 0.083500
 5.4 0.083500
 5.5 0.083500
 5.6 0.083500
 5.7 0.083500
 5.8 0.083500
 5.9 0.139000
 6.0 0.139000
 6.1 0.139000
 6.2 0.139000
 6.3 0.139000
 6.4 0.139000
 6.5 0.139000
 6.6 0.139000
 6.7 0.139000
 6.8 0.139000
 6.9 0.139000
 7.0 0.139000
 7.1 0.139000
 7.2 0.139000
 7.3 0.139000
 7.4 0.139000
 7.5 0.139000
 7.6 0.139000
 7.7 0.139000
 7.8 0.139000
 7.9 0.139000
 8.0 0.139000
 8.1 0.139000
 8.2 0.139000
 8.3 0.139000
 8.4 0.139000
 8.5 0.158500
 8.6 0.158500
 8.7 0.158500
 8.8 0.158500
 8.9 0.158500
 9.0 0.158500
 9.1 0.158500
 9.2 0.158500
 9.3 0.158500
 9.4 0.158500
 9.5 0.158500
 9.6 0.158500
 9.7 0.158500
 9.8 0.158500
 9.9 0.158500
 10.0 0.158500
 10.1 0.158500
 10.2 0.158500
 10.3 0.138667
 10.4 0.138667
 10.5 0.138667
 10.6 0.138667
 10.7 0.138667
 10.8 0.138667
 10.9 0.138667
 11.0 0.138667
 11.1 0.138667
 11.2 0.138667
 11.3 0.138667
 11.4 0.138667
 11.5 0.138667
 11.6 0.138667
 11.7 0.116000

ALA 3
 0.0 1.000000
 0.1 1.000000
 0.2 1.000000
 0.3 1.000000
 0.4 1.000000
 0.5 1.000000
 0.6 1.000000
 0.7 1.000000
 0.8 1.000000
 0.9 1.000000
 1.0 1.000000
 1.1 1.000000
 1.2 1.000000
 1.3 1.000000
 1.4 1.000000
 1.5 1.000000
 1.6 1.000000
 1.7 1.000000
 1.8 1.000000
 1.9 1.000000
 2.0 1.000000
 2.1 1.000000
 2.2 1.000000
 2.3 1.000000
 2.4 1.000000
 2.5 1.000000
 2.6 1.000000
 2.7 1.000000
 2.8 1.000000
 2.9 1.000000
 3.0 1.000000
 3.1 1.000000
 3.2 1.000000
 3.3 1.000000
 3.4 1.000000
 3.5 1.000000
 3.6 1.000000
 3.7 1.000000
 3.8 0.500000
 3.9 0.500000
 4.0 0.500000
 4.1 0.500000
 4.2 0.500000
 4.3 0.500000
 4.4 0.500000
 4.5 0.500000
 4.6 0.500000
 4.7 0.500000
 4.8 0.500000
 4.9 0.500000
 5.0 0.500000
 5.1 -0.083500
 5.2 -0.083500
 5.3 -0.083500
 5.4 -0.083500
 5.5 -0.083500
 5.6 -0.083500
 5.7 -0.083500
 5.8 -0.083500
 5.9 0.055333
 6.0 0.055333
 6.1 0.055333
 6.2 0.055333
 6.3 0.055333
 6.4 0.055333
 6.5 0.055333
 6.6 0.055333
 6.7 0.055333
 6.8 0.055333
 6.9 0.055333
 7.0 0.055333
 7.1 0.055333
 7.2 0.055333
 7.3 0.055333
 7.4 0.055333
 7.5 0.055333
 7.6 0.055333
 7.7 0.055333
 7.8 0.055333
 7.9 0.055333
 8.0 0.055333
 8.1 0.055333
 8.2 0.055333
 8.3 0.055333
 8.4 0.055333
 8.5 0.066500
 8.6 0.066500
 8.7 0.066500
 8.8 0.066500
 8.9 0.066500
 9.0 0.066500
 9.1 0.066500
 9.2 0.066500
 9.3 0.066500
 9.4 0.066500
 9.5 0.066500
 9.6 0.066500
 9.7 0.066500
 9.8 0.066500
 9.9 0.066500
 10.0 0.066500
 10.1 0.066500
 10.2 0.066500
 10.3 0.089000
 10.4 0.089000
 10.5 0.089000
 10.6 0.089000
 10.7 0.089000
 10.8 0.089000
 10.9 0.089000
 11.0 0.089000
 11.1 0.089000
 11.2 0.089000
 11.3 0.089000
 11.4 0.089000
 11.5 0.089000
 11.6 0.089000
 11.7 0.092000

ALA 4
 0.0 1.000000
 0.1 1.000000
 0.2 1.000000
 0.3 1.000000
 0.4 1.000000
 0.5 1.000000
 0.6 1.000000
 0.7 1.000000
 0.8 1.000000
 0.9 1.000000
 1.0 1.000000
 1.1 1.000000
 1.2 1.000000
 1.3 1.000000
 1.4 1.000000
 1.5 1.000000
 1.6 1.000000
 1.7 1.000000
 1.8 1.000000
 1.9 1.000000
 2.0 1.000000
 2.1 1.000000
 2.2 1.000000
 2.3 1.000000
 2.4 1.000000
 2.5 1.000000
 2.6 1.000000
 2.7 1.000000
 2.8 1.000000
 2.9 1.000000
 3.0 1.000000
 3.1 1.000000
 3.2 1.000000
 3.3 1.000000
 3.4 1.000000
 3.5 1.000000
 3.6 1.000000
 3.7 1.000000
 3.8 0.166667
 3.9 0.166667
 4.0 0.166667
 4.1 0.166667
 4.2 0.166667
 4.3 0.166667
 4.4 0.166667
 4.5 0.166667
 4.6 0.166667
 4.7 0.166667
 4.8 0.166667
 4.9 0.166667
 5.0 0.166667
 5.1 0.083500
 5.2 0.083500
 5.3 0.083500
 5.4 0.083500
 5.5 0.083500
 5.6 0.083500
 5.7 0.083500
 5.8 0.083500
 5.9 0.027667
 6.0 0.027667
 6.1 0.027667
 6.2 0.027667
 6.3 0.027667
 6.4 0.027667
 6.5 0.027667
 6.6 0.027667
 6.7 0.027667
 6.8 0.027667
 6.9 0.027667
 7.0 0.027667
 7.1 0.027667
 7.2 0.027667
 7.3 0.027667
 7.4 0.027667
 7.5 0.027667
 7.6 0.027667
 7.7 0.027667
 7.8 0.027667
 7.9 0.027667
 8.0 0.027667
 8.1 0.027667
 8.2 0.027667
 8.3 0.027667
 8.4 0.027667
 8.5 0.016500
 8.6 0.016500
 8.7 0.016500
 8.8 0.016500
 8.9 0.016500
 9.0 0.016500
 9.1 0.016500
 9.2 0.016500
 9.3 0.016500
 9.4 0.016500
 9.5 0.016500
 9.6 0.016500
 9.7 0.016500
 9.8 0.016500
 9.9 0.016500
 10.0 0.016500
 10.1 0.016500
 10.2 0.016500
 10.3 0.067000
 10.4 0.067000
 10.5 0.067000
 10.6 0.067000
 10.7 0.067000
 10.8 0.067000
 10.9 0.067000
 11.0 0.067000
 11.1 0.067000
 11.2 0.067000
 11.3 0.067000
 11.4 0.067000
 11.5 0.067000
 11.6 0.067000
 11.7 0.076000

ALA 5
 0.0 1.000000
 0.1 1.000000
 0.2 1.000000
 0.3 1.000000
 0.4 1.000000
 0.5 1.000000
 0.6 1.000000
 0.7 1.000000
 0.8 1.000000
 0.9 1.000000
 1.0 1.000000
 1.1 1.000000
 1.2 1.000000
 1.3 1.000000
 1.4 1.000000
 1.5 1.000000
 1.6 1.000000
 1.7 1.000000
 1.8 1.000000
 1.9 1.000000
 2.0 1.000000
 2.1 1.000000
 2.2 1.000000
 2.3 1.000000
 2.4 1.000000
 2.5 1.000000
 2.6 1.000000
 2.7 1.000000
 2.8 1.000000
 2.9 1.000000
 3.0 1.000000
 3.1 1.000000
 3.2 1.000000
 3.3 1.000000
 3.4 1.000000
 3.5 1.000000
 3.6 1.000000
 3.7 1.000000
 3.8 0.166667
 3.9 0.166667
 4.0 0.166667
 4.1 0.166667
 4.2 0.166667
 4.3 0.166667
 4.4 0.166667
 4.5 0.166667
 4.6 0.166667
 4.7 0.166667
 4.8 0.166667
 4.9 0.166667
 5.0 0.166667
 5.1 0.000000
 5.2 0.000000
 5.3 0.000000
 5.4 0.000000
 5.5 0.000000
 5.6 0.000000
 5.7 0.000000
 5.8 0.000000
 5.9 0.000000
 6.0 0.000000
 6.1 0.000000
 6.2 0.000000
 6.3 0.000000
 6.4 0.000000
 6.5 0.000000
 6.6 0.000000
 6.7 0.000000
 6.8 0.000000
 6.9 0.000000
 7.0 0.000000
 7.1 0.000000
 7.2 0.000000
 7.3 0.000000
 7.4 0.000000
 7.5 0.000000
 7.6 0.000000
 7.7 0.000000
 7.8 0.000000
 7.9 0.000000
 8.0 0.000000
 8.1 0.000000
 8.2 0.000000
 8.3 0.000000
 8.4 0.000000
 8.5 0.008500
 8.6 0.008500
 8.7 0.008500
 8.8 0.008500
 8.9 0.008500
 9.0 0.008500
 9.1 0.008500
 9.2 0.008500
 9.3 0.008500
 9.4 0.008500
 9.5 0.008500
 9.6 0.008500
 9.7 0.008500
 9.8 0.008500
 9.9 0.008500
 10.0 0.008500
 10.1 0.008500
 10.2 0.008500
 10.3 0.039000
 10.4 0.039000
 10.5 0.039000
 10.6 0.039000
 10.7 0.039000
 10.8 0.039000
 10.9 0.039000
 11.0 0.039000
 11.1 0.039000
 11.2 0.039000
 11.3 0.039000
 11.4 0.039000
 11.5 0.039000
 11.6 0.039000
 11.7 0.049333

ALA 6
 0.0 1.000000
 0.1 1.000000
 0.2 1.000000
 0.3 1.000000
 0.4 1.000000
 0.5 1.000000
 0.6 1.000000
 0.7 1.000000
 0.8 1.000000
 0.9 1.000000
 1.0 1.000000
 1.1 1.000000
 1.2 1.000000
 1.3 1.000000
 1.4 1.000000
 1.5 1.000000
 1.6 1.000000
 1.7 1.000000
 1.8 1.000000
 1.9 1.000000
 2.0 1.000000
 2.1 1.000000
 2.2 1.000000
 2.3 1.000000
 2.4 1.000000
 2.5 1.000000
 2.6 1.000000
 2.7 1.000000
 2.8 1.000000
 2.9 1.000000
 3.0 1.000000
 3.1 1.000000
 3.2 1.000000
 3.3 1.000000
 3.4 1.000000
 3.5 1.000000
 3.6 1.000000
 3.7 1.000000
 3.8 0.333333
 3.9 0.333333
 4.0 0.333333
 4.1 0.333333
 4.2 0.333333
 4.3 0.333333
 4.4 0.333333
 4.5 0.333333
 4.6 0.333333
 4.7 0.333333
 4.8 0.333333
 4.9 0.333333
 5.0 0.333333
 5.1 0.000000
 5.2 0.000000
 5.3 0.000000
 5.4 0.000000
 5.5 0.000000
 5.6 0.000000
 5.7 0.000000
 5.8 0.000000
 5.9 0.027667
 6.0 0.027667
 6.1 0.027667
 6.2 0.027667
 6.3 0.027667
 6.4 0.027667
 6.5 0.027667
 6.6 0.027667
 6.7 0.027667
 6.8 0.027667
 6.9 0.027667
 7.0 0.027667
 7.1 0.027667
 7.2 0.027667
 7.3 0.027667
 7.4 0.027667
 7.5 0.027667
 7.6 0.027667
 7.7 0.027667
 7.8 0.027667
 7.9 0.027667
 8.0 0.027667
 8.1 0.027667
 8.2 0.027667
 8.3 0.027667
 8.4 0.027667
 8.5 0.050000
 8.6 0.050000
 8.7 0.050000
 8.8 0.050000
 8.9 0.050000
 9.0 0.050000
 9.1 0.050000
 9.2 0.050000
 9.3 0.050000
 9.4 0.050000
 9.5 0.050000
 9.6 0.050000
 9.7 0.050000
 9.8 0.050000
 9.9 0.050000
 10.0 0.050000
 10.1 0.050000
 10.2 0.050000
 10.3 0.011333
 10.4 0.011333
 10.5 0.011333
 10.6 0.011333
 10.7 0.011333
 10.8 0.011333
 10.9 0.011333
 11.0 0.011333
 11.1 0.011333
 11.2 0.011333
 11.3 0.011333
 11.4 0.011333
 11.5 0.011333
 11.6 0.011333
 11.7 0.022333

ALA 7
 0.0 1.000000
 0.1 1.000000
 0.2 1.000000
 0.3 1.000000
 0.4 1.000000
 0.5 1.000000
 0.6 1.000000
 0.7 1.000000
 0.8 1.000000
 0.9 1.000000
 1.0 1.000000
 1.1 1.000000
 1.2 1.000000
 1.3 1.000000
 1.4 1.000000
 1.5 1.000000
 1.6 1.000000
 1.7 1.000000
 1.8 1.000000
 1.9 1.000000
 2.0 1.000000
 2.1 1.000000
 2.2 1.000000
 2.3 1.000000
 2.4 1.000000
 2.5 1.000000
 2.6 1.000000
 2.7 1.000000
 2.8 1.000000
 2.9 1.000000
 3.0 1.000000
 3.1 1.000000
 3.2 1.000000
 3.3 1.000000
 3.4 1.000000
 3.5 1.000000
 3.6 1.000000
 3.7 1.000000
 3.8 0.333333
 3.9 0.333333
 4.0 0.333333
 4.1 0.333333
 4.2 0.333333
 4.3 0.333333
 4.4 0.333333
 4.5 0.333333
 4.6 0.333333
 4.7 0.333333
 4.8 0.333333
 4.9 0.333333
 5.0 0.333333
 5.1 0.083500
 5.2 0.083500
 5.3 0.083500
 5.4 0.083500
 5.5 0.083500
 5.6 0.083500
 5.7 0.083500
 5.8 0.083500
 5.9 0.000000
 6.0 0.000000
 6.1 0.000000
 6.2 0.000000
 6.3 0.000000
 6.4 0.000000
 6.5 0.000000
 6.6 0.000000
 6.7 0.000000
 6.8 0.000000
 6.9 0.000000
 7.0 0.000000
 7.1 0.000000
 7.2 0.000000
 7.3 0.000000
 7.4 0.000000
 7.5 0.000000
 7.6 0.000000
 7.7 0.000000
 7.8 0.000000
 7.9 0.000000
 8.0 0.000000
 8.1 0.000000
 8.2 0.000000
 8.3 0.000000
 8.4 0.000000
 8.5 0.008500
 8.6 0.008500
 8.7 0.008500
 8.8 0.008500
 8.9 0.008500
 9.0 0.008500
 9.1 0.008500
 9.2 0.008500
 9.3 0.008500
 9.4 0.008500
 9.5 0.008500
 9.6 0.008500
 9.7 0.008500
 9.8 0.008500
 9.9 0.008500
 10.0 0.008500
 10.1 0.008500
 10.2 0.008500
 10.3 0.005667
 10.4 0.005667
 10.5 0.005667
 10.6 0.005667
 10.7 0.005667
 10.8 0.005667
 10.9 0.005667
 11.0 0.005667
 11.1 0.005667
 11.2 0.005667
 11.3 0.005667
 11.4 0.005667
 11.5 0.005667
 11.6 0.005667
 11.7 0.006333

ALA 8
 0.0 1.000000
 0.1 1.000000
 0.2 1.000000
 0.3 1.000000
 0.4 1.000000
 0.5 1.000000
 0.6 1.000000
 0.7 1.000000
 0.8 1.000000
 0.9 1.000000
 1.0 1.000000
 1.1 1.000000
 1.2 1.000000
 1.3 1.000000
 1.4 1.000000
 1.5 1.000000
 1.6 1.000000
 1.7 1.000000
 1.8 1.000000
 1.9 1.000000
 2.0 1.000000
 2.1 1.000000
 2.2 1.000000
 2.3 1.000000
 2.4 1.000000
 2.5 1.000000
 2.6 1.000000
 2.7 1.000000
 2.8 1.000000
 2.9 1.000000
 3.0 1.000000
 3.1 1.000000
 3.2 1.000000
 3.3 1.000000
 3.4 1.000000
 3.5 1.000000
 3.6 1.000000
 3.7 1.000000
 3.8 0.333333
 3.9 0.333333
 4.0 0.333333
 4.1 0.333333
 4.2 0.333333
 4.3 0.333333
 4.4 0.333333
 4.5 0.333333
 4.6 0.333333
 4.7 0.333333
 4.8 0.333333
 4.9 0.333333
 5.0 0.333333
 5.1 -0.083500
 5.2 -0.083500
 5.3 -0.083500
 5.4 -0.083500
 5.5 -0.083500
 5.6 -0.083500
 5.7 -0.083500
 5.8 -0.083500
 5.9 -0.027667
 6.0 -0.027667
 6.1 -0.027667
 6.2 -0.027667
 6.3 -0.027667
 6.4 -0.027667
 6.5 -0.027667
 6.6 -0.027667
 6.7 -0.027667
 6.8 -0.027667
 6.9 -0.027667
 7.0 -0.027667
 7.1 -0.027667
 7.2 -0.027667
 7.3 -0.027667
 7.4 -0.027667
 7.5 -0.027667
 7.6 -0.027667
 7.7 -0.027667
 7.8 -0.027667
 7.9 -0.027667
 8.0 -0.027667
 8.1 -0.027667
 8.2 -0.027667
 8.3 -0.027667
 8.4 -0.027667
 8.5 -0.008500
 8.6 -0.008500
 8.7 -0.008500
 8.8 -0.008500
 8.9 -0.008500
 9.0 -0.008500
 9.1 -0.008500
 9.2 -0.008500
 9.3 -0.008500
 9.4 -0.008500
 9.5 -0.008500
 9.6 -0.008500
 9.7 -0.008500
 9.8 -0.008500
 9.9 -0.008500
 10.0 -0.008500
 10.1 -0.008500
 10.2 -0.008500
 10.3 -0.016667
 10.4 -0.016667
 10.5 -0.016667
 10.6 -0.016667
 10.7 -0.016667
 10.8 -0.016667
 10.9 -0.016667
 11.0 -0.016667
 11.1 -0.016667
 11.2 -0.016667
 11.3 -0.016667
 11.4 -0.016667
 11.5 -0.016667
 11.6 -0.016667
 11.7 0.003333

ALA 9
 0.0 1.000000
 0.1 1.000000
 0.2 1.000000
 0.3 1.000000
 0.4 1.000000
 0.5 1.000000
 0.6 1.000000
 0.7 1.000000
 0.8 1.000000
 0.9 1.000000
 1.0 1.000000
 1.1 1.000000
 1.2 1.000000
 1.3 1.000000
 1.4 1.000000
 1.5 1.000000
 1.6 1.000000
 1.7 1.000000
 1.8 1.000000
 1.9 1.000000
 2.0 1.000000
 2.1 1.000000
 2.2 1.000000
 2.3 1.000000
 2.4 1.000000
 2.5 1.000000
 2.6 1.000000
 2.7 1.000000
 2.8 1.000000
 2.9 1.000000
 3.0 1.000000
 3.1 1.000000
 3.2 1.000000
 3.3 1.000000
 3.4 1.000000
 3.5 1.000000
 3.6 1.000000
 3.7 1.000000
 3.8 0.333333
 3.9 0.333333
 4.0 0.333333
 4.1 0.333333
 4.2 0.333333
 4.3 0.333333
 4.4 0.333333
 4.5 0.333333
 4.6 0.333333
 4.7 0.333333
 4.8 0.333333
 4.9 0.333333
 5.0 0.333333
 5.1 0.000000
 5.2 0.000000
 5.3 0.000000
 5.4 0.000000
 5.5 0.000000
 5.6 0.000000
 5.7 0.000000
 5.8 0.000000
 5.9 0.000000
 6.0 0.000000
 6.1 0.000000
 6.2 0.000000
 6.3 0.000000
 6.4 0.000000
 6.5 0.000000
 6.6 0.000000
 6.7 0.000000
 6.8 0.000000
 6.9 0.000000
 7.0 0.000000
 7.1 0.000000
 7.2 0.000000
 7.3 0.000000
 7.4 0.000000
 7.5 0.000000
 7.6 0.000000
 7.7 0.000000
 7.8 0.000000
 7.9 0.000000
 8.0 0.000000
 8.1 0.000000
 8.2 0.000000
 8.3 0.000000
 8.4 0.000000
 8.5 -0.025000
 8.6 -0.025000
 8.7 -0.025000
 8.8 -0.025000
 8.9 -0.025000
 9.0 -0.025000
 9.1 -0.025000
 9.2 -0.025000
 9.3 -0.025000
 9.4 -0.025000
 9.5 -0.025000
 9.6 -0.025000
 9.7 -0.025000
 9.8 -0.025000
 9.9 -0.025000
 10.0 -0.025000
 10.1 -0.025000
 10.2 -0.025000
 10.3 -0.022333
 10.4 -0.022333
 10.5 -0.022333
 10.6 -0.022333
 10.7 -0.022333
 10.8 -0.022333
 10.9 -0.022333
 11.0 -0.022333
 11.1 -0.022333
 11.2 -0.022333
 11.3 -0.022333
 11.4 -0.022333
 11.5 -0.022333
 11.6 -0.022333
 11.7 -0.011333

ALA 10
 0.0 1.000000
 0.1 1.000000
 0.2 1.000000
 0.3 1.000000
 0.4 1.000000
 0.5 1.000000
 0.6 1.000000
 0.7 1.000000
 0.8 1.000000
 0.9 1.000000
 1.0 1.000000
 1.1 1.000000
 1.2 1.000000
 1.3 1.000000
 1.4 1.000000
 1.5 1.000000
 1.6 1.000000
 1.7 1.000000
 1.8 1.000000
 1.9 1.000000
 2.0 1.000000
 2.1 1.000000
 2.2 1.000000
 2.3 1.000000
 2.4 1.000000
 2.5 1.000000
 2.6 1.000000
 2.7 1.000000
 2.8 1.000000
 2.9 1.000000
 3.0 1.000000
 3.1 1.000000
 3.2 1.000000
 3.3 1.000000
 3.4 1.000000
 3.5 1.000000
 3.6 1.000000
 3.7 1.000000
 3.8 0.333333
 3.9 0.333333
 4.0 0.333333
 4.1 0.333333
 4.2 0.333333
 4.3 0.333333
 4.4 0.333333
 4.5 0.333333
 4.6 0.333333
 4.7 0.333333
 4.8 0.333333
 4.9 0.333333
 5.0 0.333333
 5.1 -0.083500
 5.2 -0.083500
 5.3 -0.083500
 5.4 -0.083500
 5.5 -0.083500
 5.6 -0.083500
 5.7 -0.083500
 5.8 -0.083500
 5.9 -0.027667
 6.0 -0.027667
 6.1 -0.027667
 6.2 -0.027667
 6.3 -0.027667
 6.4 -0.027667
 6.5 -0.027667
 6.6 -0.027667
 6.7 -0.027667
 6.8 -0.027667
 6.9 -0.027667
 7.0 -0.027667
 7.1 -0.027667
 7.2 -0.027667
 7.3 -0.027667
 7.4 -0.027667
 7.5 -0.027667
 7.6 -0.027667
 7.7 -0.027667
 7.8 -0.027667
 7.9 -0.027667
 8.0 -0.027667
 8.1 -0.027667
 8.2 -0.027667
 8.3 -0.027667
 8.4 -0.027667
 8.5 -0.025000
 8.6 -0.025000
 8.7 -0.025000
 8.8 -0.025000
 8.9 -0.025000
 9.0 -0.025000
 9.1 -0.025000
 9.2 -0.025000
 9.3 -0.025000
 9.4 -0.025000
 9.5 -0.025000
 9.6 -0.025000
 9.7 -0.025000
 9.8 -0.025000
 9.9 -0.025000
 10.0 -0.025000
 10.1 -0.025000
 10.2 -0.025000
 10.3 -0.005667
 10.4 -0.005667
 10.5 -0.005667
 10.6 -0.005667
 10.7 -0.005667
 10.8 -0.005667
 10.9 -0.005667
 11.0 -0.005667
 11.1 -0.005667
 11.2 -0.005667
 11.3 -0.005667
 11.4 -0.005667
 11.5 -0.005667
 11.6 -0.005667
 11.7 -0.003333

ALA 11
 0.0 1.000000
 0.1 1.000000
 0.2 1.000000
 0.3 1.000000
 0.4 1.000000
 0.5 1.000000
 0.6 1.000000
 0.7 1.000000
 0.8 1.000000
 0.9 1.000000
 1.0 1.000000
 1.1 1.000000
 1.2 1.000000
 1.3 1.000000
 1.4 1.000000
 1.5 1.000000
 1.6 1.000000
 1.7 1.000000
 1.8 1.000000
 1.9 1.000000
 2.0 1.000000
 2.1 1.000000
 2.2 1.000000
 2.3 1.000000
 2.4 1.000000
 2.5 1.000000
 2.6 1.000000
 2.7 1.000000
 2.8 1.000000
 2.9 1.000000
 3.0 1.000000
 3.1 1.000000
 3.2 1.000000
 3.3 1.000000
 3.4 1.000000
 3.5 1.000000
 3.6 1.000000
 3.7 1.000000
 3.8 0.333333
 3.9 0.333333
 4.0 0.333333
 4.1 0.333333
 4.2 0.333333
 4.3 0.333333
 4.4 0.333333
 4.5 0.333333
 4.6 0.333333
 4.7 0.333333
 4.8 0.333333
 4.9 0.333333
 5.0 0.333333
 5.1 0.166500
 5.2 0.166500
 5.3 0.166500
 5.4 0.166500
 5.5 0.166500
 5.6 0.166500
 5.7 0.166500
 5.8 0.166500
 5.9 0.000000
 6.0 0.000000
 6.1 0.000000
 6.2 0.000000
 6.3 0.000000
 6.4 0.000000
 6.5 0.000000
 6.6 0.000000
 6.7 0.000000
 6.8 0.000000
 6.9 0.000000
 7.0 0.000000
 7.1 0.000000
 7.2 0.000000
 7.3 0.000000
 7.4 0.000000
 7.5 0.000000
 7.6 0.000000
 7.7 0.000000
 7.8 0.000000
 7.9 0.000000
 8.0 0.000000
 8.1 0.000000
 8.2 0.000000
 8.3 0.000000
 8.4 0.000000
 8.5 0.016500
 8.6 0.016500
 8.7 0.016500
 8.8 0.016500
 8.9 0.016500
 9.0 0.016500
 9.1 0.016500
 9.2 0.016500
 9.3 0.016500
 9.4 0.016500
 9.5 0.016500
 9.6 0.016500
 9.7 0.016500
 9.8 0.016500
 9.9 0.016500
 10.0 0.016500
 10.1 0.016500
 10.2 0.016500
 10.3 0.000000
 10.4 0.000000
 10.5 0.000000
 10.6 0.000000
 10.7 0.000000
 10.8 0.000000
 10.9 0.000000
 11.0 0.000000
 11.1 0.000000
 11.2 0.000000
 11.3 0.000000
 11.4 0.000000
 11.5 0.000000
 11.6 0.000000
 11.7 -0.011333

ALA 12
 0.0 1.000000
 0.1 1.000000
 0.2 1.000000
 0.3 1.000000
 0.4 1.000000
 0.5 1.000000
 0.6 1.000000
 0.7 1.000000
 0.8 1.000000
 0.9 1.000000
 1.0 1.000000
 1.1 1.000000
 1.2 1.000000
 1.3 1.000000
 1.4 1.000000
 1.5 1.000000
 1.6 1.000000
 1.7 1.000000
 1.8 1.000000
 1.9 1.000000
 2.0 1.000000
 2.1 1.000000
 2.2 1.000000
 2.3 1.000000
 2.4 1.000000
 2.5 1.000000
 2.6 1.000000
 2.7 1.000000
 2.8 1.000000
 2.9 1.000000
 3.0 1.000000
 3.1 1.000000
 3.2 1.000000
 3.3 1.000000
 3.4 1.000000
 3.5 1.000000
 3.6 1.000000
 3.7 1.000000
 3.8 0.333333
 3.9 0.333333
 4.0 0.333333
 4.1 0.333333
 4.2 0.333333
 4.3 0.333333
 4.4 0.333333
 4.5 0.333333
 4.6 0.333333
 4.7 0.333333
 4.8 0.333333
 4.9 0.333333
 5.0 0.333333
 5.1 -0.166500
 5.2 -0.166500
 5.3 -0.166500
 5.4 -0.166500
 5.5 -0.166500
 5.6 -0.166500
 5.7 -0.166500
 5.8 -0.166500
 5.9 0.055667
 6.0 0.055667
 6.1 0.055667
 6.2 0.055667
 6.3 0.055667
 6.4 0.055667
 6.5 0.055667
 6.6 0.055667
 6.7 0.055667
 6.8 0.055667
 6.9 0.055667
 7.0 0.055667
 7.1 0.055667
 7.2 0.055667
 7.3 0.055667
 7.4 0.055667
 7.5 0.055667
 7.6 0.055667
 7.7 0.055667
 7.8 0.055667
 7.9 0.055667
 8.0 0.055667
 8.1 0.055667
 8.2 0.055667
 8.3 0.055667
 8.4 0.055667
 8.5 -0.008500
 8.6 -0.008500
 8.7 -0.008500
 8.8 -0.008500
 8.9 -0.008500
 9.0 -0.008500
 9.1 -0.008500
 9.2 -0.008500
 9.3 -0.008500
 9.4 -0.008500
 9.5 -0.008500
 9.6 -0.008500
 9.7 -0.008500
 9.8 -0.008500
 9.9 -0.008500
 10.0 -0.008500
 10.1 -0.008500
 10.2 -0.008500
 10.3 0.005667
 10.4 0.005667
 10.5 0.005667
 10.6 0.005667
 10.7 0.005667
 10.8 0.005667
 10.9 0.005667
 11.0 0.005667
 11.1 0.005667
 11.2 0.005667
 11.3 0.005667
 11.4 0.005667
 11.5 0.005667
 11.6 0.005667
 11.7 -0.008000

ALA 13
 0.0 1.000000
 0.1 1.000000
 0.2 1.000000
 0.3 1.000000
 0.4 1.000000
 0.5 1.000000
 0.6 1.000000
 0.7 1.000000
 0.8 1.000000
 0.9 1.000000
 1.0 1.000000
 1.1 1.000000
 1.2 1.000000
 1.3 1.000000
 1.4 1.000000
 1.5 1.000000
 1.6 1.000000
 1.7 1.000000
 1.8 1.000000
 1.9 1.000000
 2.0 1.000000
 2.1 1.000000
 2.2 1.000000
 2.3 1.000000
 2.4 1.000000
 2.5 1.000000
 2.6 1.000000
 2.7 1.000000
 2.8 1.000000
 2.9 1.000000
 3.0 1.000000
 3.1 1.000000
 3.2 1.000000
 3.3 1.000000
 3.4 1.000000
 3.5 1.000000
 3.6 1.000000
 3.7 1.000000
 3.8 0.333333
 3.9 0.333333
 4.0 0.333333
 4.1 0.333333
 4.2 0.333333
 4.3 0.333333
 4.4 0.333333
 4.5 0.333333
 4.6 0.333333
 4.7 0.333333
 4.8 0.333333
 4.9 0.333333
 5.0 0.333333
 5.1 0.166500
 5.2 0.166500
 5.3 0.166500
 5.4 0.166500
 5.5 0.166500
 5.6 0.166500
 5.7 0.166500
 5.8 0.166500
 5.9 0.000000
 6.0 0.000000
 6.1 0.000000
 6.2 0.000000
 6.3 0.000000
 6.4 0.000000
 6.5 0.000000
 6.6 0.000000
 6.7 0.000000
 6.8 0.000000
 6.9 0.000000
 7.0 0.000000
 7.1 0.000000
 7.2 0.000000
 7.3 0.000000
 7.4 0.000000
 7.5 0.000000
 7.6 0.000000
 7.7 0.000000
 7.8 0.000000
 7.9 0.000000
 8.0 0.000000
 8.1 0.000000
 8.2 0.000000
 8.3 0.000000
 8.4 0.000000
 8.5 0.008500
 8.6 0.008500
 8.7 0.008500
 8.8 0.008500
 8.9 0.008500
 9.0 0.008500
 9.1 0.008500
 9.2 0.008500
 9.3 0.008500
 9.4 0.008500
 9.5 0.008500
 9.6 0.008500
 9.7 0.008500
 9.8 0.008500
 9.9 0.008500
 10.0 0.008500
 10.1 0.008500
 10.2 0.008500
 10.3 0.011000
 10.4 0.011000
 10.5 0.011000
 10.6 0.011000
 10.7 0.011000
 10.8 0.011000
 10.9 0.011000
 11.0 0.011000
 11.1 0.011000
 11.2 0.011000
 11.3 0.011000
 11.4 0.011000
 11.5 0.011000
 11.6 0.011000
 11.7 0.003000

ALA 14
 0.0 1.000000
 0.1 1.000000
 0.2 1.000000
 0.3 1.000000
 0.4 1.000000
 0.5 1.000000
 0.6 1.000000
 0.7 1.000000
 0.8 1.000000
 0.9 1.000000
 1.0 1.000000
 1.1 1.000000
 1.2 1.000000
 1.3 1.000000
 1.4 1.000000
 1.5 1.000000
 1.6 1.000000
 1.7 1.000000
 1.8 1.000000
 1.9 1.000000
 2.0 1.000000
 2.1 1.000000
 2.2 1.000000
 2.3 1.000000
 2.4 1.000000
 2.5 1.000000
 2.6 1.000000
 2.7 1.000000
 2.8 1.000000
 2.9 1.000000
 3.0 1.000000
 3.1 1.000000
 3.2 1.000000
 3.3 1.000000
 3.4 1.000000
 3.5 1.000000
 3.6 1.000000
 3.7 1.000000
 3.8 0.333333
 3.9 0.333333
 4.0 0.333333
 4.1 0.333333
 4.2 0.333333
 4.3 0.333333
 4.4 0.333333
 4.5 0.333333
 4.6 0.333333
 4.7 0.333333
 4.8 0.333333
 4.9 0.333333
 5.0 0.333333
 5.1 -0.083500
 5.2 -0.083500
 5.3 -0.083500
 5.4 -0.083500
 5.5 -0.083500
 5.6 -0.083500
 5.7 -0.083500
 5.8 -0.083500
 5.9 -0.055667
 6.0 -0.055667
 6.1 -0.055667
 6.2 -0.055667
 6.3 -0.055667
 6.4 -0.055667
 6.5 -0.055667
 6.6 -0.055667
 6.7 -0.055667
 6.8 -0.055667
 6.9 -0.055667
 7.0 -0.055667
 7.1 -0.055667
 7.2 -0.055667
 7.3 -0.055667
 7.4 -0.055667
 7.5 -0.055667
 7.6 -0.055667
 7.7 -0.055667
 7.8 -0.055667
 7.9 -0.055667
 8.0 -0.055667
 8.1 -0.055667
 8.2 -0.055667
 8.3 -0.055667
 8.4 -0.055667
 8.5 -0.016500
 8.6 -0.016500
 8.7 -0.016500
 8.8 -0.016500
 8.9 -0.016500
 9.0 -0.016500
 9.1 -0.016500
 9.2 -0.016500
 9.3 -0.016500
 9.4 -0.016500
 9.5 -0.016500
 9.6 -0.016500
 9.7 -0.016500
 9.8 -0.016500
 9.9 -0.016500
 10.0 -0.016500
 10.1 -0.016500
 10.2 -0.016500
 10.3 0.000000
 10.4 0.000000
 10.5 0.000000
 10.6 0.000000
 10.7 0.000000
 10.8 0.000000
 10.9 0.000000
 11.0 0.000000
 11.1 0.000000
 11.2 0.000000
 11.3 0.000000
 11.4 0.000000
 11.5 0.000000
 11.6 0.000000
 11.7 0.014333

ALA 15
 0.0 1.000000
 0.1 1.000000
 0.2 1.000000
 0.3 1.000000
 0.4 1.000000
 0.5 1.000000
 0.6 1.000000
 0.7 1.000000
 0.8 1.000000
 0.9 1.000000
 1.0 1.000000
 1.1 1.000000
 1.2 1.000000
 1.3 1.000000
 1.4 1.000000
 1.5 1.000000
 1.6 1.000000
 1.7 1.000000
 1.8 1.000000
 1.9 1.000000
 2.0 1.000000
 2.1 1.000000
 2.2 1.000000
 2.3 1.000000
 2.4 1.000000
 2.5 1.000000
 2.6 1.000000
 2.7 1.000000
 2.8 1.000000
 2.9 1.000000
 3.0 1.000000
 3.1 1.000000
 3.2 1.000000
 3.3 1.000000
 3.4 1.000000
 3.5 1.000000
 3.6 1.000000
 3.7 1.000000
 3.8 0.333333
 3.9 0.333333
 4.0 0.333333
 4.1 0.333333
 4.2 0.333333
 4.3 0.333333
 4.4 0.333333
 4.5 0.333333
 4.6 0.333333
 4.7 0.333333
 4.8 0.333333
 4.9 0.333333
 5.0 0.333333
 5.1 -0.083500
 5.2 -0.083500
 5.3 -0.083500
 5.4 -0.083500
 5.5 -0.083500
 5.6 -0.083500
 5.7 -0.083500
 5.8 -0.083500
 5.9 0.000000
 6.0 0.000000
 6.1 0.000000
 6.2 0.000000
 6.3 0.000000
 6.4 0.000000
 6.5 0.000000
 6.6 0.000000
 6.7 0.000000
 6.8 0.000000
 6.9 0.000000
 7.0 0.000000
 7.1 0.000000
 7.2 0.000000
 7.3 0.000000
 7.4 0.000000
 7.5 0.000000
 7.6 0.000000
 7.7 0.000000
 7.8 0.000000
 7.9 0.000000
 8.0 0.000000
 8.1 0.000000
 8.2 0.000000
 8.3 0.000000
 8.4 0.000000
 8.5 0.025000
 8.6 0.025000
 8.7 0.025000
 8.8 0.025000
 8.9 0.025000
 9.0 0.025000
 9.1 0.025000
 9.2 0.025000
 9.3 0.025000
 9.4 0.025000
 9.5 0.025000
 9.6 0.025000
 9.7 0.025000
 9.8 0.025000
 9.9 0.025000
 10.0 0.025000
 10.1 0.025000
 10.2 0.025000
 10.3 0.000000
 10.4 0.000000
 10.5 0.000000
 10.6 0.000000
 10.7 0.000000
 10.8 0.000000
 10.9 0.000000
 11.0 0.000000
 11.1 0.000000
 11.2 0.000000
 11.3 0.000000
 11.4 0.000000
 11.5 0.000000
 11.6 0.000000
 11.7 -0.001667

ALA 16
 0.0 1.000000
 0.1 1.000000
 0.2 1.000000
 0.3 1.000000
 0.4 1.000000
 0.5 1.000000
 0.6 1.000000
 0.7 1.000000
 0.8 1.000000
 0.9 1.000000
 1.0 1.000000
 1.1 1.000000
 1.2 1.000000
 1.3 1.000000
 1.4 1.000000
 1.5 1.000000
 1.6 1.000000
 1.7 1.000000
 1.8 1.000000
 1.9 1.000000
 2.0 1.000000
 2.1 1.000000
 2.2 1.000000
 2.3 1.000000
 2.4 1.000000
 2.5 1.000000
 2.6 1.000000
 2.7 1.000000
 2.8 1.000000
 2.9 1.000000
 3.0 1.000000
 3.1 1.000000
 3.2 1.000000
 3.3 1.000000
 3.4 1.000000
 3.5 1.000000
 3.6 1.000000
 3.7 1.000000
 3.8 0.166667
 3.9 0.166667
 4.0 0.166667
 4.1 0.166667
 4.2 0.166667
 4.3 0.166667
 4.4 0.166667
 4.5 0.166667
 4.6 0.166667
 4.7 0.166667
 4.8 0.166667
 4.9 0.166667
 5.0 0.166667
 5.1 0.083500
 5.2 0.083500
 5.3 0.083500
 5.4 0.083500
 5.5 0.083500
 5.6 0.083500
 5.7 0.083500
 5.8 0.083500
 5.9 0.027667
 6.0 0.027667
 6.1 0.027667
 6.2 0.027667
 6.3 0.027667
 6.4 0.027667
 6.5 0.027667
 6.6 0.027667
 6.7 0.027667
 6.8 0.027667
 6.9 0.027667
 7.0 0.027667
 7.1 0.027667
 7.2 0.027667
 7.3 0.027667
 7.4 0.027667
 7.5 0.027667
 7.6 0.027667
 7.7 0.027667
 7.8 0.027667
 7.9 0.027667
 8.0 0.027667
 8.1 0.027667
 8.2 0.027667
 8.3 0.027667
 8.4 0.027667
 8.5 0.000000
 8.6 0.000000
 8.7 0.000000
 8.8 0.000000
 8.9 0.000000
 9.0 0.000000
 9.1 0.000000
 9.2 0.000000
 9.3 0.000000
 9.4 0.000000
 9.5 0.000000
 9.6 0.000000
 9.7 0.000000
 9.8 0.000000
 9.9 0.000000
 10.0 0.000000
 10.1 0.000000
 10.2 0.000000
 10.3 0.000000
 10.4 0.000000
 10.5 0.000000
 10.6 0.000000
 10.7 0.000000
 10.8 0.000000
 10.9 0.000000
 11.0 0.000000
 11.1 0.000000
 11.2 0.000000
 11.3 0.000000
 11.4 0.000000
 11.5 0.000000
 11.6 0.000000
 11.7 0.001667

ALA 17
 0.0 1.000000
 0.1 1.000000
 0.2 1.000000
 0.3 1.000000
 0.4 1.000000
 0.5 1.000000
 0.6 1.000000
 0.7 1.000000
 0.8 1.000000
 0.9 1.000000
 1.0 1.000000
 1.1 1.000000
 1.2 1.000000
 1.3 1.000000
 1.4 1.000000
 1.5 1.000000
 1.6 1.000000
 1.7 1.000000
 1.8 1.000000
 1.9 1.000000
 2.0 1.000000
 2.1 1.000000
 2.2 1.000000
 2.3 1.000000
 2.4 1.000000
 2.5 1.000000
 2.6 1.000000
 2.7 1.000000
 2.8 1.000000
 2.9 1.000000
 3.0 1.000000
 3.1 1.000000
 3.2 1.000000
 3.3 1.000000
 3.4 1.000000
 3.5 1.000000
 3.6 1.000000
 3.7 1.000000
 3.8 0.166667
 3.9 0.166667
 4.0 0.166667
 4.1 0.166667
 4.2 0.166667
 4.3 0.166667
 4.4 0.166667
 4.5 0.166667
 4.6 0.166667
 4.7 0.166667
 4.8 0.166667
 4.9 0.166667
 5.0 0.166667
 5.1 0.083500
 5.2 0.083500
 5.3 0.083500
 5.4 0.083500
 5.5 0.083500
 5.6 0.083500
 5.7 0.083500
 5.8 0.083500
 5.9 0.027667
 6.0 0.027667
 6.1 0.027667
 6.2 0.027667
 6.3 0.027667
 6.4 0.027667
 6.5 0.027667
 6.6 0.027667
 6.7 0.027667
 6.8 0.027667
 6.9 0.027667
 7.0 0.027667
 7.1 0.027667
 7.2 0.027667
 7.3 0.027667
 7.4 0.027667
 7.5 0.027667
 7.6 0.027667
 7.7 0.027667
 7.8 0.027667
 7.9 0.027667
 8.0 0.027667
 8.1 0.027667
 8.2 0.027667
 8.3 0.027667
 8.4 0.027667
 8.5 0.025000
 8.6 0.025000
 8.7 0.025000
 8.8 0.025000
 8.9 0.025000
 9.0 0.025000
 9.1 0.025000
 9.2 0.025000
 9.3 0.025000
 9.4 0.025000
 9.5 0.025000
 9.6 0.025000
 9.7 0.025000
 9.8 0.025000
 9.9 0.025000
 10.0 0.025000
 10.1 0.025000
 10.2 0.025000
 10.3 0.000000
 10.4 0.000000
 10.5 0.000000
 10.6 0.000000
 10.7 0.000000
 10.8 0.000000
 10.9 0.000000
 11.0 0.000000
 11.1 0.000000
 11.2 0.000000
 11.3 0.000000
 11.4 0.000000
 11.5 0.000000
 11.6 0.000000
 11.7 -0.006333

ALA 18
 0.0 1.000000
 0.1 1.000000
 0.2 1.000000
 0.3 1.000000
 0.4 1.000000
 0.5 1.000000
 0.6 1.000000
 0.7 1.000000
 0.8 1.000000
 0.9 1.000000
 1.0 1.000000
 1.1 1.000000
 1.2 1.000000
 1.3 1.000000
 1.4 1.000000
 1.5 1.000000
 1.6 1.000000
 1.7 1.000000
 1.8 1.000000
 1.9 1.000000
 2.0 1.000000
 2.1 1.000000
 2.2 1.000000
 2.3 1.000000
 2.4 1.000000
 2.5 1.000000
 2.6 1.000000
 2.7 1.000000
 2.8 1.000000
 2.9 1.000000
 3.0 1.000000
 3.1 1.000000
 3.2 1.000000
 3.3 1.000000
 3.4 1.000000
 3.5 1.000000
 3.6 1.000000
 3.7 1.000000
 3.8 0.166667
 3.9 0.166667
 4.0 0.166667
 4.1 0.166667
 4.2 0.166667
 4.3 0.166667
 4.4 0.166667
 4.5 0.166667
 4.6 0.166667
 4.7 0.166667
 4.8 0.166667
 4.9 0.166667
 5.0 0.166667
 5.1 -0.083500
 5.2 -0.083500
 5.3 -0.083500
 5.4 -0.083500
 5.5 -0.083500
 5.6 -0.083500
 5.7 -0.083500
 5.8 -0.083500
 5.9 -0.027667
 6.0 -0.027667
 6.1 -0.027667
 6.2 -0.027667
 6.3 -0.027667
 6.4 -0.027667
 6.5 -0.027667
 6.6 -0.027667
 6.7 -0.027667
 6.8 -0.027667
 6.9 -0.027667
 7.0 -0.027667
 7.1 -0.027667
 7.2 -0.027667
 7.3 -0.027667
 7.4 -0.027667
 7.5 -0.027667
 7.6 -0.027667
 7.7 -0.027667
 7.8 -0.027667
 7.9 -0.027667
 8.0 -0.027667
 8.1 -0.027667
 8.2 -0.027667
 8.3 -0.027667
 8.4 -0.027667
 8.5 -0.016500
 8.6 -0.016500
 8.7 -0.016500
 8.8 -0.016500
 8.9 -0.016500
 9.0 -0.016500
 9.1 -0.016500
 9.2 -0.016500
 9.3 -0.016500
 9.4 -0.016500
 9.5 -0.016500
 9.6 -0.016500
 9.7 -0.016500
 9.8 -0.016500
 9.9 -0.016500
 10.0 -0.016500
 10.1 -0.016500
 10.2 -0.016500
 10.3 0.000000
 10.4 0.000000
 10.5 0.000000
 10.6 0.000000
 10.7 0.000000
 10.8 0.000000
 10.9 0.000000
 11.0 0.000000
 11.1 0.000000
 11.2 0.000000
 11.3 0.000000
 11.4 0.000000
 11.5 0.000000
 11.6 0.000000
 11.7 -0.006333

ALA 19
 0.0 1.000000
 0.1 1.000000
 0.2 1.000000
 0.3 1.000000
 0.4 1.000000
 0.5 1.000000
 0.6 1.000000
 0.7 1.000000
 0.8 1.000000
 0.9 1.000000
 1.0 1.000000
 1.1 1.000000
 1.2 1.000000
 1.3 1.000000
 1.4 1.000000
 1.5 1.000000
 1.6 1.000000
 1.7 1.000000
 1.8 1.000000
 1.9 1.000000
 2.0 1.000000
 2.1 1.000000
 2.2 1.000000
 2.3 1.000000
 2.4 1.000000
 2.5 1.000000
 2.6 1.000000
 2.7 1.000000
 2.8 1.000000
 2.9 1.000000
 3.0 1.000000
 3.1 1.000000
 3.2 1.000000
 3.3 1.000000
 3.4 1.000000
 3.5 1.000000
 3.6 1.000000
 3.7 1.000000
 3.8 0.166667
 3.9 0.166667
 4.0 0.166667
 4.1 0.166667
 4.2 0.166667
 4.3 0.166667
 4.4 0.166667
 4.5 0.166667
 4.6 0.166667
 4.7 0.166667
 4.8 0.166667
 4.9 0.166667
 5.0 0.166667
 5.1 0.000000
 5.2 0.000000
 5.3 0.000000
 5.4 0.000000
 5.5 0.000000
 5.6 0.000000
 5.7 0.000000
 5.8 0.000000
 5.9 -0.027667
 6.0 -0.027667
 6.1 -0.027667
 6.2 -0.027667
 6.3 -0.027667
 6.4 -0.027667
 6.5 -0.027667
 6.6 -0.027667
 6.7 -0.027667
 6.8 -0.027667
 6.9 -0.027667
 7.0 -0.027667
 7.1 -0.027667
 7.2 -0.027667
 7.3 -0.027667
 7.4 -0.027667
 7.5 -0.027667
 7.6 -0.027667
 7.7 -0.027667
 7.8 -0.027667
 7.9 -0.027667
 8.0 -0.027667
 8.1 -0.027667
 8.2 -0.027667
 8.3 -0.027667
 8.4 -0.027667
 8.5 -0.016500
 8.6 -0.016500
 8.7 -0.016500
 8.8 -0.016500
 8.9 -0.016500
 9.0 -0.016500
 9.1 -0.016500
 9.2 -0.016500
 9.3 -0.016500
 9.4 -0.016500
 9.5 -0.016500
 9.6 -0.016500
 9.7 -0.016500
 9.8 -0.016500
 9.9 -0.016500
 10.0 -0.016500
 10.1 -0.016500
 10.2 -0.016500
 10.3 0.000000
 10.4 0.000000
 10.5 0.000000
 10.6 0.000000
 10.7 0.000000
 10.8 0.000000
 10.9 0.000000
 11.0 0.000000
 11.1 0.000000
 11.2 0.000000
 11.3 0.000000
 11.4 0.000000
 11.5 0.000000
 11.6 0.000000
 11.7 0.012667

ALA 20
 0.0 1.000000
 0.1 1.000000
 0.2 1.000000
 0.3 1.000000
 0.4 1.000000
 0.5 1.000000
 0.6 1.000000
 0.7 1.000000
 0.8 1.000000
 0.9 1.000000
 1.0 1.000000
 1.1 1.000000
 1.2 1.000000
 1.3 1.000000
 1.4 1.000000
 1.5 1.000000
 1.6 1.000000
 1.7 1.000000
 1.8 1.000000
 1.9 1.000000
 2.0 1.000000
 2.1 1.000000
 2.2 1.000000
 2.3 1.000000
 2.4 1.000000
 2.5 1.000000
 2.6 1.000000
 2.7 1.000000
 2.8 1.000000
 2.9 1.000000
 3.0 1.000000
 3.1 1.000000
 3.2 1.000000
 3.3 1.000000
 3.4 1.000000
 3.5 1.000000
 3.6 1.000000
 3.7 1.000000
 3.8 0.333333
 3.9 0.333333
 4.0 0.333333
 4.1 0.333333
 4.2 0.333333
 4.3 0.333333
 4.4 0.333333
 4.5 0.333333
 4.6 0.333333
 4.7 0.333333
 4.8 0.333333
 4.9 0.333333
 5.0 0.333333
 5.1 -0.083500
 5.2 -0.083500
 5.3 -0.083500
 5.4 -0.083500
 5.5 -0.083500
 5.6 -0.083500
 5.7 -0.083500
 5.8 -0.083500
 5.9 0.027667
 6.0 0.027667
 6.1 0.027667
 6.2 0.027667
 6.3 0.027667
 6.4 0.027667
 6.5 0.027667
 6.6 0.027667
 6.7 0.027667
 6.8 0.027667
 6.9 0.027667
 7.0 0.027667
 7.1 0.027667
 7.2 0.027667
 7.3 0.027667
 7.4 0.027667
 7.5 0.027667
 7.6 0.027667
 7.7 0.027667
 7.8 0.027667
 7.9 0.027667
 8.0 0.027667
 8.1 0.027667
 8.2 0.027667
 8.3 0.027667
 8.4 0.027667
 8.5 -0.016500
 8.6 -0.016500
 8.7 -0.016500
 8.8 -0.016500
 8.9 -0.016500
 9.0 -0.016500
 9.1 -0.016500
 9.2 -0.016500
 9.3 -0.016500
 9.4 -0.016500
 9.5 -0.016500
 9.6 -0.016500
 9.7 -0.016500
 9.8 -0.016500
 9.9 -0.016500
 10.0 -0.016500
 10.1 -0.016500
 10.2 -0.016500
 10.3 0.000000
 10.4 0.000000
 10.5 0.000000
 10.6 0.000000
 10.7 0.000000
 10.8 0.000000
 10.9 0.000000
 11.0 0.000000
 11.1 0.000000
 11.2 0.000000
 11.3 0.000000
 11.4 0.000000
 11.5 0.000000
 11.6 0.000000
 11.7 0.012667

ALA 21
 0.0 1.000000
 0.1 1.000000
 0.2 1.000000
 0.3 1.000000
 0.4 1.000000
 0.5 1.000000
 0.6 1.000000
 0.7 1.000000
 0.8 1.000000
 0.9 1.000000
 1.0 1.000000
 1.1 1.000000
 1.2 1.000000
 1.3 1.000000
 1.4 1.000000
 1.5 1.000000
 1.6 1.000000
 1.7 1.000000
 1.8 1.000000
 1.9 1.000000
 2.0 1.000000
 2.1 1.000000
 2.2 1.000000
 2.3 1.000000
 2.4 1.000000
 2.5 1.000000
 2.6 1.000000
 2.7 1.000000
 2.8 1.000000
 2.9 1.000000
 3.0 1.000000
 3.1 1.000000
 3.2 1.000000
 3.3 1.000000
 3.4 1.000000
 3.5 1.000000
 3.6 1.000000
 3.7 1.000000
 3.8 0.333333
 3.9 0.333333
 4.0 0.333333
 4.1 0.333333
 4.2 0.333333
 4.3 0.333333
 4.4 0.333333
 4.5 0.333333
 4.6 0.333333
 4.7 0.333333
 4.8 0.333333
 4.9 0.333333
 5.0 0.333333
 5.1 0.083500
 5.2 0.083500
 5.3 0.083500
 5.4 0.083500
 5.5 0.083500
 5.6 0.083500
 5.7 0.083500
 5.8 0.083500
 5.9 0.000000
 6.0 0.000000
 6.1 0.000000
 6.2 0.000000
 6.3 0.000000
 6.4 0.000000
 6.5 0.000000
 6.6 0.000000
 6.7 0.000000
 6.8 0.000000
 6.9 0.000000
 7.0 0.000000
 7.1 0.000000
 7.2 0.000000
 7.3 0.000000
 7.4 0.000000
 7.5 0.000000
 7.6 0.000000
 7.7 0.000000
 7.8 0.000000
 7.9 0.000000
 8.0 0.000000
 8.1 0.000000
 8.2 0.000000
 8.3 0.000000
 8.4 0.000000
 8.5 0.050000
 8.6 0.050000
 8.7 0.050000
 8.8 0.050000
 8.9 0.050000
 9.0 0.050000
 9.1 0.050000
 9.2 0.050000
 9.3 0.050000
 9.4 0.050000
 9.5 0.050000
 9.6 0.050000
 9.7 0.050000
 9.8 0.050000
 9.9 0.050000
 10.0 0.050000
 10.1 0.050000
 10.2 0.050000
 10.3 0.011000
 10.4 0.011000
 10.5 0.011000
 10.6 0.011000
 10.7 0.011000
 10.8 0.011000
 10.9 0.011000
 11.0 0.011000
 11.1 0.011000
 11.2 0.011000
 11.3 0.011000
 11.4 0.011000
 11.5 0.011000
 11.6 0.011000
 11.7 0.017667

ALA 22
 0.0 1.000000
 0.1 1.000000
 0.2 1.000000
 0.3 1.000000
 0.4 1.000000
 0.5 1.000000
 0.6 1.000000
 0.7 1.000000
 0.8 1.000000
 0.9 1.000000
 1.0 1.000000
 1.1 1.000000
 1.2 1.000000
 1.3 1.000000
 1.4 1.000000
 1.5 1.000000
 1.6 1.000000
 1.7 1.000000
 1.8 1.000000
 1.9 1.000000
 2.0 1.000000
 2.1 1.000000
 2.2 1.000000
 2.3 1.000000
 2.4 1.000000
 2.5 1.000000
 2.6 1.000000
 2.7 1.000000
 2.8 1.000000
 2.9 1.000000
 3.0 1.000000
 3.1 1.000000
 3.2 1.000000
 3.3 1.000000
 3.4 1.000000
 3.5 1.000000
 3.6 1.000000
 3.7 1.000000
 3.8 0.333333
 3.9 0.333333
 4.0 0.333333
 4.1 0.333333
 4.2 0.333333
 4.3 0.333333
 4.4 0.333333
 4.5 0.333333
 4.6 0.333333
 4.7 0.333333
 4.8 0.333333
 4.9 0.333333
 5.0 0.333333
 5.1 0.083500
 5.2 0.083500
 5.3 0.083500
 5.4 0.083500
 5.5 0.083500
 5.6 0.083500
 5.7 0.083500
 5.8 0.083500
 5.9 0.027667
 6.0 0.027667
 6.1 0.027667
 6.2 0.027667
 6.3 0.027667
 6.4 0.027667
 6.5 0.027667
 6.6 0.027667
 6.7 0.027667
 6.8 0.027667
 6.9 0.027667
 7.0 0.027667
 7.1 0.027667
 7.2 0.027667
 7.3 0.027667
 7.4 0.027667
 7.5 0.027667
 7.6 0.027667
 7.7 0.027667
 7.8 0.027667
 7.9 0.027667
 8.0 0.027667
 8.1 0.027667
 8.2 0.027667
 8.3 0.027667
 8.4 0.027667
 8.5 0.008500
 8.6 0.008500
 8.7 0.008500
 8.8 0.008500
 8.9 0.008500
 9.0 0.008500
 9.1 0.008500
 9.2 0.008500
 9.3 0.008500
 9.4 0.008500
 9.5 0.008500
 9.6 0.008500
 9.7 0.008500
 9.8 0.008500
 9.9 0.008500
 10.0 0.008500
 10.1 0.008500
 10.2 0.008500
 10.3 0.016667
 10.4 0.016667
 10.5 0.016667
 10.6 0.016667
 10.7 0.016667
 10.8 0.016667
 10.9 0.016667
 11.0 0.016667
 11.1 0.016667
 11.2 0.016667
 11.3 0.016667
 11.4 0.016667
 11.5 0.016667
 11.6 0.016667
 11.7 0.041667

ALA 23
 0.0 1.000000
 0.1 1.000000
 0.2 1.000000
 0.3 1.000000
 0.4 1.000000
 0.5 1.000000
 0.6 1.000000
 0.7 1.000000
 0.8 1.000000
 0.9 1.000000
 1.0 1.000000
 1.1 1.000000
 1.2 1.000000
 1.3 1.000000
 1.4 1.000000
 1.5 1.000000
 1.6 1.000000
 1.7 1.000000
 1.8 1.000000
 1.9 1.000000
 2.0 1.000000
 2.1 1.000000
 2.2 1.000000
 2.3 1.000000
 2.4 1.000000
 2.5 1.000000
 2.6 1.000000
 2.7 1.000000
 2.8 1.000000
 2.9 1.000000
 3.0 1.000000
 3.1 1.000000
 3.2 1.000000
 3.3 1.000000
 3.4 1.000000
 3.5 1.000000
 3.6 1.000000
 3.7 1.000000
 3.8 0.333333
 3.9 0.333333
 4.0 0.333333
 4.1 0.333333
 4.2 0.333333
 4.3 0.333333
 4.4 0.333333
 4.5 0.333333
 4.6 0.333333
 4.7 0.333333
 4.8 0.333333
 4.9 0.333333
 5.0 0.333333
 5.1 -0.083500
 5.2 -0.083500
 5.3 -0.083500
 5.4 -0.083500
 5.5 -0.083500
 5.6 -0.083500
 5.7 -0.083500
 5.8 -0.083500
 5.9 0.027667
 6.0 0.027667
 6.1 0.027667
 6.2 0.027667
 6.3 0.027667
 6.4 0.027667
 6.5 0.027667
 6.6 0.027667
 6.7 0.027667
 6.8 0.027667
 6.9 0.027667
 7.0 0.027667
 7.1 0.027667
 7.2 0.027667
 7.3 0.027667
 7.4 0.027667
 7.5 0.027667
 7.6 0.027667
 7.7 0.027667
 7.8 0.027667
 7.9 0.027667
 8.0 0.027667
 8.1 0.027667
 8.2 0.027667
 8.3 0.027667
 8.4 0.027667
 8.5 0.016500
 8.6 0.016500
 8.7 0.016500
 8.8 0.016500
 8.9 0.016500
 9.0 0.016500
 9.1 0.016500
 9.2 0.016500
 9.3 0.016500
 9.4 0.016500
 9.5 0.016500
 9.6 0.016500
 9.7 0.016500
 9.8 0.016500
 9.9 0.016500
 10.0 0.016500
 10.1 0.016500
 10.2 0.016500
 10.3 0.055667
 10.4 0.055667
 10.5 0.055667
 10.6 0.055667
 10.7 0.055667
 10.8 0.055667
 10.9 0.055667
 11.0 0.055667
 11.1 0.055667
 11.2 0.055667
 11.3 0.055667
 11.4 0.055667
 11.5 0.055667
 11.6 0.055667
 11.7 0.064667

ALA 24
 0.0 1.000000
 0.1 1.000000
 0.2 1.000000
 0.3 1.000000
 0.4 1.000000
 0.5 1.000000
 0.6 1.000000
 0.7 1.000000
 0.8 1.000000
 0.9 1.000000
 1.0 1.000000
 1.1 1.000000
 1.2 1.000000
 1.3 1.000000
 1.4 1.000000
 1.5 1.000000
 1.6 1.000000
 1.7 1.000000
 1.8 1.000000
 1.9 1.000000
 2.0 1.000000
 2.1 1.000000
 2.2 1.000000
 2.3 1.000000
 2.4 1.000000
 2.5 1.000000
 2.6 1.000000
 2.7 1.000000
 2.8 1.000000
 2.9 1.000000
 3.0 1.000000
 3.1 1.000000
 3.2 1.000000
 3.3 1.000000
 3.4 1.000000
 3.5 1.000000
 3.6 1.000000
 3.7 1.000000
 3.8 0.333333
 3.9 0.333333
 4.0 0.333333
 4.1 0.333333
 4.2 0.333333
 4.3 0.333333
 4.4 0.333333
 4.5 0.333333
 4.6 0.333333
 4.7 0.333333
 4.8 0.333333
 4.9 0.333333
 5.0 0.333333
 5.1 0.000000
 5.2 0.000000
 5.3 0.000000
 5.4 0.000000
 5.5 0.000000
 5.6 0.000000
 5.7 0.000000
 5.8 0.000000
 5.9 0.000000
 6.0 0.000000
 6.1 0.000000
 6.2 0.000000
 6.3 0.000000
 6.4 0.000000
 6.5 0.000000
 6.6 0.000000
 6.7 0.000000
 6.8 0.000000
 6.9 0.000000
 7.0 0.000000
 7.1 0.000000
 7.2 0.000000
 7.3 0.000000
 7.4 0.000000
 7.5 0.000000
 7.6 0.000000
 7.7 0.000000
 7.8 0.000000
 7.9 0.000000
 8.0 0.000000
 8.1 0.000000
 8.2 0.000000
 8.3 0.000000
 8.4 0.000000
 8.5 0.066500
 8.6 0.066500
 8.7 0.066500
 8.8 0.066500
 8.9 0.066500
 9.0 0.066500
 9.1 0.066500
 9.2 0.066500
 9.3 0.066500
 9.4 0.066500
 9.5 0.066500
 9.6 0.066500
 9.7 0.066500
 9.8 0.066500
 9.9 0.066500
 10.0 0.066500
 10.1 0.066500
 10.2 0.066500
 10.3 0.094333
 10.4 0.094333
 10.5 0.094333
 10.6 0.094333
 10.7 0.094333
 10.8 0.094333
 10.9 0.094333
 11.0 0.094333
 11.1 0.094333
 11.2 0.094333
 11.3 0.094333
 11.4 0.094333
 11.5 0.094333
 11.6 0.094333
 11.7 0.088667

ALA 25
 0.0 1.000000
 0.1 1.000000
 0.2 1.000000
 0.3 1.000000
 0.4 1.000000
 0.5 1.000000
 0.6 1.000000
 0.7 1.000000
 0.8 1.000000
 0.9 1.000000
 1.0 1.000000
 1.1 1.000000
 1.2 1.000000
 1.3 1.000000
 1.4 1.000000
 1.5 1.000000
 1.6 1.000000
 1.7 1.000000
 1.8 1.000000
 1.9 1.000000
 2.0 1.000000
 2.1 1.000000
 2.2 1.000000
 2.3 1.000000
 2.4 1.000000
 2.5 1.000000
 2.6 1.000000
 2.7 1.000000
 2.8 1.000000
 2.9 1.000000
 3.0 1.000000
 3.1 1.000000
 3.2 1.000000
 3.3 1.000000
 3.4 1.000000
 3.5 1.000000
 3.6 1.000000
 3.7 1.000000
 3.8 0.333333
 3.9 0.333333
 4.0 0.333333
 4.1 0.333333
 4.2 0.333333
 4.3 0.333333
 4.4 0.333333
 4.5 0.333333
 4.6 0.333333
 4.7 0.333333
 4.8 0.333333
 4.9 0.333333
 5.0 0.333333
 5.1 0.083500
 5.2 0.083500
 5.3 0.083500
 5.4 0.083500
 5.5 0.083500
 5.6 0.083500
 5.7 0.083500
 5.8 0.083500
 5.9 0.139000
 6.0 0.139000
 6.1 0.139000
 6.2 0.139000
 6.3 0.139000
 6.4 0.139000
 6.5 0.139000
 6.6 0.139000
 6.7 0.139000
 6.8 0.139000
 6.9 0.139000
 7.0 0.139000
 7.1 0.139000
 7.2 0.139000
 7.3 0.139000
 7.4 0.139000
 7.5 0.139000
 7.6 0.139000
 7.7 0.139000
 7.8 0.139000
 7.9 0.139000
 8.0 0.139000
 8.1 0.139000
 8.2 0.139000
 8.3 0.139000
 8.4 0.139000
 8.5 0.158500
 8.6 0.158500
 8.7 0.158500
 8.8 0.158500
 8.9 0.158500
 9.0 0.158500
 9.1 0.158500
 9.2 0.158500
 9.3 0.158500
 9.4 0.158500
 9.5 0.158500
 9.6 0.158500
 9.7 0.158500
 9.8 0.158500
 9.9 0.158500
 10.0 0.158500
 10.1 0.158500
 10.2 0.158500
 10.3 0.133333
 10.4 0.133333
 10.5 0.133333
 10.6 0.133333
 10.7 0.133333
 10.8 0.133333
 10.9 0.133333
 11.0 0.133333
 11.1 0.133333
 11.2 0.133333
 11.3 0.133333
 11.4 0.133333
 11.5 0.133333
 11.6 0.133333
 11.7 0.123667

ALA 26
 0.0 1.000000
 0.1 1.000000
 0.2 1.000000
 0.3 1.000000
 0.4 1.000000
 0.5 1.000000
 0.6 1.000000
 0.7 1.000000
 0.8 1.000000
 0.9 1.000000
 1.0 1.000000
 1.1 1.000000
 1.2 1.000000
 1.3 1.000000
 1.4 1.000000
 1.5 1.000000
 1.6 1.000000
 1.7 1.000000
 1.8 1.000000
 1.9 1.000000
 2.0 1.000000
 2.1 1.000000
 2.2 1.000000
 2.3 1.000000
 2.4 1.000000
 2.5 1.000000
 2.6 1.000000
 2.7 1.000000
 2.8 1.000000
 2.9 1.000000
 3.0 1.000000
 3.1 1.000000
 3.2 1.000000
 3.3 1.000000
 3.4 1.000000
 3.5 1.000000
 3.6 1.000000
 3.7 1.000000
 3.8 0.666667
 3.9 0.666667
 4.0 0.666667
 4.1 0.666667
 4.2 0.666667
 4.3 0.666667
 4.4 0.666667
 4.5 0.666667
 4.6 0.666667
 4.7 0.666667
 4.8 0.666667
 4.9 0.666667
 5.0 0.666667
 5.1 0.416500
 5.2 0.416500
 5.3 0.416500
 5.4 0.416500
 5.5 0.416500
 5.6 0.416500
 5.7 0.416500
 5.8 0.416500
 5.9 0.305333
 6.0 0.305333
 6.1 0.305333
 6.2 0.305333
 6.3 0.305333
 6.4 0.305333
 6.5 0.305333
 6.6 0.305333
 6.7 0.305333
 6.8 0.305333
 6.9 0.305333
 7.0 0.305333
 7.1 0.305333
 7.2 0.305333
 7.3 0.305333
 7.4 0.305333
 7.5 0.305333
 7.6 0.305333
 7.7 0.305333
 7.8 0.305333
 7.9 0.305333
 8.0 0.305333
 8.1 0.305333
 8.2 0.305333
 8.3 0.305333
 8.4 0.305333
 8.5 0.225000
 8.6 0.225000
 8.7 0.225000
 8.8 0.225000
 8.9 0.225000
 9.0 0.225000
 9.1 0.225000
 9.2 0.225000
 9.3 0.225000
 9.4 0.225000
 9.5 0.225000
 9.6 0.225000
 9.7 0.225000
 9.8 0.225000
 9.9 0.225000
 10.0 0.225000
 10.1 0.225000
 10.2 0.225000
 10.3 0.189000
 10.4 0.189000
 10.5 0.189000
 10.6 0.189000
 10.7 0.189000
 10.8 0.189000
 10.9 0.189000
 11.0 0.189000
 11.1 0.189000
 11.2 0.189000
 11.3 0.189000
 11.4 0.189000
 11.5 0.189000
 11.6 0.189000
 11.7 0.151000

