ATOMS
CA -16.627 -16.552 -10.791
HA -16.270 -17.062 -9.896

CA -16.523 -12.796 -11.373
HA -15.732 -12.674 -12.112

CA -16.053 -12.659 -7.602
HA -16.499 -11.704 -7.324

CA -12.393 -13.212 -8.470
HA -12.003 -13.745 -7.603

CA -12.376 -9.438 -8.926
HA -11.607 -9.276 -9.681

CA -11.808 -9.418 -5.167
HA -12.263 -8.482 -4.845

CA -8.163 -9.869 -6.149
HA -7.740 -10.423 -5.311

CA -8.230 -6.082 -6.476
HA -7.485 -5.879 -7.246

CA -7.560 -6.177 -2.735
HA -8.025 -5.261 -2.369

CA -3.935 -6.522 -3.827
HA -3.479 -7.095 -3.020

CA -4.082 -2.728 -4.023
HA -3.362 -2.484 -4.804

CA -3.310 -2.936 -0.306
HA -3.782 -2.043 0.103

CA 0.290 -3.173 -1.505
HA 0.779 -3.764 -0.731

CA 0.066 0.622 -1.567
HA 0.760 0.906 -2.359

CA 0.942 0.305 2.119
HA 0.465 1.175 2.570

CA 4.512 0.180 0.818
HA 5.033 -0.427 1.559

CA 4.215 3.969 0.891
HA 4.881 4.293 0.091

CA 5.196 3.545 4.540
HA 4.715 4.389 5.033

CA 8.731 3.535 3.142
HA 9.283 2.914 3.848

CA 8.365 7.313 3.353
HA 9.004 7.676 2.548

CA 9.451 6.787 6.958
HA 8.967 7.605 7.493

CA 12.947 6.893 5.467
HA 13.529 6.259 6.136

CA 12.515 10.654 5.816
HA 13.124 11.057 5.007

CA 13.709 10.028 9.371
HA 13.225 10.817 9.946

CA 17.161 10.254 7.794
HA 17.773 9.610 8.426

CA 16.668 13.992 8.283
HA 17.248 14.434 7.473

EDGES
1 3 3.802246
1 4 4.193441
1 5 5.065042
1 6 5.961508
1 7 5.871064
1 8 6.278851
1 9 8.494600
1 10 8.909134
1 11 10.283292
1 12 10.932718
1 13 11.740952
2 3 4.521537
2 4 4.945164
2 5 4.969500
2 6 5.947755
2 7 5.646867
2 8 5.870914
2 9 8.615655
2 10 9.078083
2 11 10.035119
2 12 10.732430
2 13 11.467463
2 14 11.741356
3 5 3.802645
3 6 4.193738
3 7 5.065310
3 8 5.961871
3 9 5.870399
3 10 6.278560
3 11 8.494501
3 12 8.909151
3 13 10.283341
3 14 10.932523
3 15 11.740198
4 5 4.521434
4 6 4.945112
4 7 4.970164
4 8 5.948408
4 9 5.646683
4 10 5.871268
4 11 8.615819
4 12 9.078332
4 13 10.035694
4 14 10.732785
4 15 11.467300
4 16 11.741507
5 7 3.801951
5 8 4.193077
5 9 5.064400
5 10 5.961027
5 11 5.869696
5 12 6.277936
5 13 8.493963
5 14 8.908106
5 15 10.282224
5 16 10.931869
5 17 11.740318
6 7 4.521793
6 8 4.945456
6 9 4.969939
6 10 5.948302
6 11 5.646585
6 12 5.871152
6 13 8.616075
6 14 9.078172
6 15 10.035056
6 16 10.732609
6 17 11.467884
6 18 11.741931
7 9 3.801487
7 10 4.192423
7 11 5.064234
7 12 5.960740
7 13 5.869888
7 14 6.277596
7 15 8.493733
7 16 8.908397
7 17 10.282964
7 18 10.932521
7 19 11.741010
8 9 4.521029
8 10 4.944377
8 11 4.969411
8 12 5.947548
8 13 5.646511
8 14 5.870444
8 15 8.615522
8 16 9.078201
8 17 10.035552
8 18 10.733010
8 19 11.468327
8 20 11.742443
9 11 3.801724
9 12 4.193002
9 13 5.064273
9 14 5.960784
9 15 5.869800
9 16 6.277799
9 17 8.494496
9 18 8.909140
9 19 10.283644
9 20 10.932845
9 21 11.741122
10 11 4.520704
10 12 4.944458
10 13 4.968683
10 14 5.946949
10 15 5.646042
10 16 5.870240
10 17 8.615621
10 18 9.078342
10 19 10.035607
10 20 10.732664
10 21 11.467994
10 22 11.742931
11 13 3.801809
11 14 4.192778
11 15 5.064036
11 16 5.961132
11 17 5.870623
11 18 6.278578
11 19 8.495089
11 20 8.909443
11 21 10.283769
11 22 10.933757
11 23 11.741450
12 13 4.520419
12 14 4.943902
12 15 4.968425
12 16 5.947243
12 17 5.646533
12 18 5.870780
12 19 8.615887
12 20 9.078163
12 21 10.035585
12 22 10.733382
12 23 11.468079
12 24 11.741839
13 15 3.801682
13 16 4.193232
13 17 5.064570
13 18 5.961636
13 19 5.871122
13 20 6.278979
13 21 8.495194
13 22 8.910491
13 23 10.283907
13 24 10.932838
13 25 11.741225
14 15 4.521239
14 16 4.945421
14 17 4.969577
14 18 5.948347
14 19 5.647839
14 20 5.872000
14 21 8.617014
14 22 9.080289
14 23 10.036438
14 24 10.733199
14 25 11.468611
14 26 11.742744
15 17 3.801711
15 18 4.193270
15 19 5.065355
15 20 5.961720
15 21 5.871323
15 22 6.280017
15 23 8.495447
15 24 8.909628
15 25 10.284139
15 26 10.933445
15 27 11.741615
16 17 4.521454
16 18 4.945569
16 19 4.970464
16 20 5.948594
16 21 5.647738
16 22 5.872693
16 23 8.617162
16 24 9.079367
16 25 10.036540
16 26 10.733692
16 27 11.468725
16 28 11.743041
17 19 3.801594
17 20 4.192673
17 21 5.064684
17 22 5.961729
17 23 5.870828
17 24 6.278334
17 25 8.494670
17 26 8.909405
17 27 10.283312
17 28 10.933100
17 29 11.741450
18 19 4.521503
18 20 4.945045
18 21 4.969814
18 22 5.948489
18 23 5.647373
18 24 5.871061
18 25 8.616581
18 26 9.079343
18 27 10.035795
18 28 10.733509
18 29 11.468635
18 30 11.742909
19 21 3.801902
19 22 4.193841
19 23 5.064332
19 24 5.960684
19 25 5.870103
19 26 6.278023
19 27 8.494253
19 28 8.909166
19 29 10.283383
19 30 10.932768
19 31 11.740726
20 21 4.521096
20 22 4.945469
20 23 4.969068
20 24 5.947070
20 25 5.646474
20 26 5.870745
20 27 8.615702
20 28 9.078659
20 29 10.035665
20 30 10.732946
20 31 11.467866
20 32 11.742385
21 23 3.802017
21 24 4.193221
21 25 5.064853
21 26 5.961533
21 27 5.870293
21 28 6.278520
21 29 8.494930
21 30 8.909336
21 31 10.283413
21 32 10.933277
21 33 11.740418
22 23 4.520953
22 24 4.944647
22 25 4.969429
22 26 5.947740
22 27 5.645936
22 28 5.870350
22 29 8.615734
22 30 9.078000
22 31 10.035121
22 32 10.732895
22 33 11.466698
22 34 11.740349
23 25 3.801811
23 26 4.193582
23 27 5.064273
23 28 5.961600
23 29 5.870623
23 30 6.278720
23 31 8.494499
23 32 8.909487
23 33 10.282872
23 34 10.931996
23 35 11.740490
24 25 4.521476
24 26 4.945717
24 27 4.969731
24 28 5.948765
24 29 5.647436
24 30 5.871850
24 31 8.616460
24 32 9.079406
24 33 10.035791
24 34 10.732782
24 35 11.468095
24 36 11.741999
25 27 3.802111
25 28 4.193859
25 29 5.065073
25 30 5.961657
25 31 5.870624
25 32 6.278906
25 33 8.494387
25 34 8.908740
25 35 10.283112
25 36 10.932059
25 37 11.740628
26 27 4.521533
26 28 4.945669
26 29 4.970496
26 30 5.948859
26 31 5.647108
26 32 5.871642
26 33 8.616047
26 34 9.078399
26 35 10.035677
26 36 10.732530
26 37 11.467774
26 38 11.742272
27 29 3.801902
27 30 4.192825
27 31 5.064633
27 32 5.961826
27 33 5.870126
27 34 6.277693
27 35 8.494485
27 36 8.908619
27 37 10.283116
27 38 10.932913
27 39 11.740923
28 29 4.521815
28 30 4.945142
28 31 4.969699
28 32 5.948625
28 33 5.646370
28 34 5.870001
28 35 8.616183
28 36 9.078270
28 37 10.035411
28 38 10.733147
28 39 11.467895
28 40 11.742022
29 31 3.801727
29 32 4.193531
29 33 5.064130
29 34 5.960927
29 35 5.869869
29 36 6.277418
29 37 8.493995
29 38 8.908906
29 39 10.282789
29 40 10.932133
29 41 11.740329
30 31 4.520812
30 32 4.945215
30 33 4.968700
30 34 5.947136
30 35 5.646252
30 36 5.870150
30 37 8.615308
30 38 9.078245
30 39 10.034846
30 40 10.732102
30 41 11.467227
30 42 11.741586
31 33 3.801323
31 34 4.193025
31 35 5.064027
31 36 5.960127
31 37 5.870005
31 38 6.278383
31 39 8.494205
31 40 8.908478
31 41 10.283276
31 42 10.933127
31 43 11.739966
32 33 4.521080
32 34 4.945354
32 35 4.968875
32 36 5.946735
32 37 5.646108
32 38 5.870630
32 39 8.615582
32 40 9.077751
32 41 10.035423
32 42 10.733207
32 43 11.466746
32 44 11.740253
33 35 3.802281
33 36 4.193157
33 37 5.064545
33 38 5.961669
33 39 5.870799
33 40 6.278696
33 41 8.495017
33 42 8.910017
33 43 10.282868
33 44 10.931821
33 45 11.740309
34 35 4.522425
34 36 4.945719
34 37 4.970479
34 38 5.949310
34 39 5.647947
34 40 5.872024
34 41 8.617460
34 42 9.080437
34 43 10.036022
34 44 10.732897
34 45 11.468038
34 46 11.741627
35 37 3.801411
35 38 4.192922
35 39 5.064519
35 40 5.961048
35 41 5.870461
35 42 6.278873
35 43 8.493906
35 44 8.907968
35 45 10.282695
35 46 10.931670
35 47 11.740486
36 37 4.520338
36 38 4.944338
36 39 4.969374
36 40 5.947698
36 41 5.646745
36 42 5.871436
36 43 8.615347
36 44 9.077450
36 45 10.035104
36 46 10.731923
36 47 11.467720
36 48 11.742097
37 39 3.801547
37 40 4.192284
37 41 5.065152
37 42 5.962533
37 43 5.869961
37 44 6.277341
37 45 8.494062
37 46 8.908263
37 47 10.282994
37 48 10.932428
37 49 11.740995
38 39 4.520946
38 40 4.944136
38 41 4.969955
38 42 5.949064
38 43 5.646105
38 44 5.869624
38 45 8.615477
38 46 9.077721
38 47 10.035039
38 48 10.732305
38 49 11.467755
38 50 11.742002
39 41 3.801591
39 42 4.193718
39 43 5.063607
39 44 5.960109
39 45 5.869510
39 46 6.277048
39 47 8.493873
39 48 8.908718
39 49 10.283072
39 50 10.932612
39 51 11.741114
40 41 4.520866
40 42 4.945648
40 43 4.967987
40 44 5.946197
40 45 5.645833
40 46 5.869603
40 47 8.615234
40 48 9.078168
40 49 10.035101
40 50 10.732502
40 51 11.468172
40 52 11.742646
41 43 3.802148
41 44 4.193394
41 45 5.064183
41 46 5.960724
41 47 5.870027
41 48 6.277907
41 49 8.494886
41 50 8.909548
41 51 10.283615
41 52 10.933208
42 43 4.522391
42 44 4.946212
42 45 4.969611
42 46 5.947869
42 47 5.646625
42 48 5.870666
42 49 8.616811
42 50 9.079436
42 51 10.036098
42 52 10.733620
43 45 3.801782
43 46 4.193069
43 47 5.064591
43 48 5.961250
43 49 5.871034
43 50 6.279176
43 51 8.495381
43 52 8.910068
44 45 4.521794
44 46 4.945652
44 47 4.970210
44 48 5.948435
44 49 5.648045
44 50 5.872379
44 51 8.617553
44 52 9.080152
45 47 3.802044
45 48 4.193754
45 49 5.065353
45 50 5.962265
45 51 5.871605
45 52 6.279756
46 47 4.521677
46 48 4.945859
46 49 4.970870
46 50 5.949502
46 51 5.648569
46 52 5.873045
47 49 3.801882
47 50 4.193310
47 51 5.064852
47 52 5.961523
48 49 4.521081
48 50 4.944851
48 51 4.969954
48 52 5.948357
49 51 3.801949
49 52 4.193210
50 51 4.521438
50 52 4.945180

RESIDUES
ALA 1
 0.0 2.000000
 0.1 2.000000
 0.2 2.000000
 0.3 2.000000
 0.4 2.000000
 0.5 2.000000
 0.6 2.000000
 0.7 2.000000
 0.8 2.000000
 0.9 2.000000
 1.0 2.000000
 1.1 2.000000
 1.2 2.000000
 1.3 2.000000
 1.4 2.000000
 1.5 2.000000
 1.6 2.000000
 1.7 2.000000
 1.8 2.000000
 1.9 2.000000
 2.0 2.000000
 2.1 2.000000
 2.2 2.000000
 2.3 2.000000
 2.4 2.000000
 2.5 2.000000
 2.6 2.000000
 2.7 2.000000
 2.8 2.000000
 2.9 2.000000
 3.0 2.000000
 3.1 2.000000
 3.2 2.000000
 3.3 2.000000
 3.4 2.000000
 3.5 2.000000
 3.6 2.000000
 3.7 2.000000
 3.8 1.666667
 3.9 1.666667
 4.0 1.666667
 4.1 1.666667
 4.2 1.166667
 4.3 1.166667
 4.4 1.166667
 4.5 0.833333
 4.6 0.833333
 4.7 0.833333
 4.8 0.833333
 4.9 0.166667
 5.0 0.083500
 5.1 0.250500
 5.2 0.250500
 5.3 0.250500
 5.4 0.250500
 5.5 0.250500
 5.6 0.334000
 5.7 0.334000
 5.8 0.334000
 5.9 0.229625
 6.0 0.267200
 6.1 0.267200
 6.2 0.267200
 6.3 0.083500
 6.4 0.083500
 6.5 0.083500
 6.6 0.083500
 6.7 0.083500
 6.8 0.083500
 6.9 0.083500
 7.0 0.083500
 7.1 0.083500
 7.2 0.083500
 7.3 0.083500
 7.4 0.083500
 7.5 0.083500
 7.6 0.083500
 7.7 0.083500
 7.8 0.083500
 7.9 0.083500
 8.0 0.083500
 8.1 0.083500
 8.2 0.083500
 8.3 0.083500
 8.4 0.083500
 8.5 0.050000
 8.6 0.175000
 8.7 0.175000
 8.8 0.175000
 8.9 0.266667
 9.0 0.266667
 9.1 0.375000
 9.2 0.375000
 9.3 0.375000
 9.4 0.375000
 9.5 0.375000
 9.6 0.375000
 9.7 0.375000
 9.8 0.375000
 9.9 0.375000
 10.0 0.300000
 10.1 0.300000
 10.2 0.300000
 10.3 0.233333
 10.4 0.233333
 10.5 0.233333
 10.6 0.233333
 10.7 0.100000
 10.8 0.100000
 10.9 0.033333
 11.0 0.033333
 11.1 0.033333
 11.2 0.033333
 11.3 0.033333
 11.4 0.033333
 11.5 0.071000
 11.6 0.071000
 11.7 0.178250

ALA 2
 0.0 2.000000
 0.1 2.000000
 0.2 2.000000
 0.3 2.000000
 0.4 2.000000
 0.5 2.000000
 0.6 2.000000
 0.7 2.000000
 0.8 2.000000
 0.9 2.000000
 1.0 2.000000
 1.1 2.000000
 1.2 2.000000
 1.3 2.000000
 1.4 2.000000
 1.5 2.000000
 1.6 2.000000
 1.7 2.000000
 1.8 2.000000
 1.9 2.000000
 2.0 2.000000
 2.1 2.000000
 2.2 2.000000
 2.3 2.000000
 2.4 2.000000
 2.5 2.000000
 2.6 2.000000
 2.7 2.000000
 2.8 2.000000
 2.9 2.000000
 3.0 2.000000
 3.1 2.000000
 3.2 2.000000
 3.3 2.000000
 3.4 2.000000
 3.5 2.000000
 3.6 2.000000
 3.7 2.000000
 3.8 1.500000
 3.9 1.500000
 4.0 1.500000
 4.1 1.500000
 4.2 0.500000
 4.3 0.500000
 4.4 0.500000
 4.5 -0.500000
 4.6 -0.500000
 4.7 -0.500000
 4.8 -0.500000
 4.9 -1.666667
 5.0 -1.583500
 5.1 -0.750500
 5.2 -0.750500
 5.3 -0.750500
 5.4 -0.750500
 5.5 -0.750500
 5.6 -0.208000
 5.7 -0.208000
 5.8 -0.208000
 5.9 -0.125125
 6.0 -0.100200
 6.1 -0.100200
 6.2 -0.100200
 6.3 -0.416500
 6.4 -0.416500
 6.5 -0.416500
 6.6 -0.416500
 6.7 -0.416500
 6.8 -0.416500
 6.9 -0.416500
 7.0 -0.416500
 7.1 -0.416500
 7.2 -0.416500
 7.3 -0.416500
 7.4 -0.416500
 7.5 -0.416500
 7.6 -0.416500
 7.7 -0.416500
 7.8 -0.416500
 7.9 -0.416500
 8.0 -0.416500
 8.1 -0.416500
 8.2 -0.416500
 8.3 -0.416500
 8.4 -0.416500
 8.5 -0.483000
 8.6 -0.025500
 8.7 -0.025500
 8.8 -0.025500
 8.9 0.311333
 9.0 0.311333
 9.1 0.708500
 9.2 0.708500
 9.3 0.708500
 9.4 0.708500
 9.5 0.708500
 9.6 0.708500
 9.7 0.708500
 9.8 0.708500
 9.9 0.708500
 10.0 0.533333
 10.1 0.533333
 10.2 0.533333
 10.3 0.300000
 10.4 0.300000
 10.5 0.300000
 10.6 0.300000
 10.7 -0.066667
 10.8 -0.066667
 10.9 -0.300000
 11.0 -0.300000
 11.1 -0.300000
 11.2 -0.300000
 11.3 -0.300000
 11.4 -0.300000
 11.5 -0.157000
 11.6 -0.157000
 11.7 0.207500

ALA 3
 0.0 2.000000
 0.1 2.000000
 0.2 2.000000
 0.3 2.000000
 0.4 2.000000
 0.5 2.000000
 0.6 2.000000
 0.7 2.000000
 0.8 2.000000
 0.9 2.000000
 1.0 2.000000
 1.1 2.000000
 1.2 2.000000
 1.3 2.000000
 1.4 2.000000
 1.5 2.000000
 1.6 2.000000
 1.7 2.000000
 1.8 2.000000
 1.9 2.000000
 2.0 2.000000
 2.1 2.000000
 2.2 2.000000
 2.3 2.000000
 2.4 2.000000
 2.5 2.000000
 2.6 2.000000
 2.7 2.000000
 2.8 2.000000
 2.9 2.000000
 3.0 2.000000
 3.1 2.000000
 3.2 2.000000
 3.3 2.000000
 3.4 2.000000
 3.5 2.000000
 3.6 2.000000
 3.7 2.000000
 3.8 1.500000
 3.9 1.500000
 4.0 1.500000
 4.1 1.500000
 4.2 0.500000
 4.3 0.500000
 4.4 0.500000
 4.5 -0.500000
 4.6 -0.500000
 4.7 -0.500000
 4.8 -0.500000
 4.9 -1.666667
 5.0 -1.500000
 5.1 -0.416500
 5.2 -0.416500
 5.3 -0.416500
 5.4 -0.416500
 5.5 -0.416500
 5.6 0.000000
 5.7 0.000000
 5.8 0.000000
 5.9 0.166375
 6.0 -0.166600
 6.1 -0.166600
 6.2 -0.166600
 6.3 -0.958500
 6.4 -0.958500
 6.5 -0.958500
 6.6 -0.958500
 6.7 -0.958500
 6.8 -0.958500
 6.9 -0.958500
 7.0 -0.958500
 7.1 -0.958500
 7.2 -0.958500
 7.3 -0.958500
 7.4 -0.958500
 7.5 -0.958500
 7.6 -0.958500
 7.7 -0.958500
 7.8 -0.958500
 7.9 -0.958500
 8.0 -0.958500
 8.1 -0.958500
 8.2 -0.958500
 8.3 -0.958500
 8.4 -0.958500
 8.5 -0.967000
 8.6 -0.224500
 8.7 -0.224500
 8.8 -0.224500
 8.9 0.388667
 9.0 0.388667
 9.1 1.041500
 9.2 1.041500
 9.3 1.041500
 9.4 1.041500
 9.5 1.041500
 9.6 1.041500
 9.7 1.041500
 9.8 1.041500
 9.9 1.041500
 10.0 0.766667
 10.1 0.766667
 10.2 0.766667
 10.3 0.333333
 10.4 0.333333
 10.5 0.333333
 10.6 0.333333
 10.7 -0.200000
 10.8 -0.200000
 10.9 -0.666667
 11.0 -0.666667
 11.1 -0.666667
 11.2 -0.666667
 11.3 -0.666667
 11.4 -0.666667
 11.5 -0.410000
 11.6 -0.410000
 11.7 0.236000

ALA 4
 0.0 2.000000
 0.1 2.000000
 0.2 2.000000
 0.3 2.000000
 0.4 2.000000
 0.5 2.000000
 0.6 2.000000
 0.7 2.000000
 0.8 2.000000
 0.9 2.000000
 1.0 2.000000
 1.1 2.000000
 1.2 2.000000
 1.3 2.000000
 1.4 2.000000
 1.5 2.000000
 1.6 2.000000
 1.7 2.000000
 1.8 2.000000
 1.9 2.000000
 2.0 2.000000
 2.1 2.000000
 2.2 2.000000
 2.3 2.000000
 2.4 2.000000
 2.5 2.000000
 2.6 2.000000
 2.7 2.000000
 2.8 2.000000
 2.9 2.000000
 3.0 2.000000
 3.1 2.000000
 3.2 2.000000
 3.3 2.000000
 3.4 2.000000
 3.5 2.000000
 3.6 2.000000
 3.7 2.000000
 3.8 1.166667
 3.9 1.166667
 4.0 1.166667
 4.1 1.166667
 4.2 0.166667
 4.3 0.166667
 4.4 0.166667
 4.5 -0.500000
 4.6 -0.500000
 4.7 -0.500000
 4.8 -0.500000
 4.9 -1.833333
 5.0 -1.458250
 5.1 -0.083500
 5.2 -0.083500
 5.3 -0.083500
 5.4 -0.083500
 5.5 -0.083500
 5.6 0.000000
 5.7 0.000000
 5.8 0.000000
 5.9 -0.010500
 6.0 -0.533200
 6.1 -0.533200
 6.2 -0.533200
 6.3 -1.625000
 6.4 -1.625000
 6.5 -1.625000
 6.6 -1.625000
 6.7 -1.625000
 6.8 -1.625000
 6.9 -1.625000
 7.0 -1.625000
 7.1 -1.625000
 7.2 -1.625000
 7.3 -1.625000
 7.4 -1.625000
 7.5 -1.625000
 7.6 -1.625000
 7.7 -1.625000
 7.8 -1.625000
 7.9 -1.625000
 8.0 -1.625000
 8.1 -1.625000
 8.2 -1.625000
 8.3 -1.625000
 8.4 -1.625000
 8.5 -1.367000
 8.6 -0.425000
 8.7 -0.425000
 8.8 -0.425000
 8.9 0.522000
 9.0 0.522000
 9.1 1.375000
 9.2 1.375000
 9.3 1.375000
 9.4 1.375000
 9.5 1.375000
 9.6 1.375000
 9.7 1.375000
 9.8 1.375000
 9.9 1.375000
 10.0 1.000000
 10.1 1.000000
 10.2 1.000000
 10.3 0.366667
 10.4 0.366667
 10.5 0.366667
 10.6 0.366667
 10.7 -0.333333
 10.8 -0.333333
 10.9 -1.033333
 11.0 -1.033333
 11.1 -1.033333
 11.2 -1.033333
 11.3 -1.033333
 11.4 -1.033333
 11.5 -0.695333
 11.6 -0.695333
 11.7 0.246250

ALA 5
 0.0 2.000000
 0.1 2.000000
 0.2 2.000000
 0.3 2.000000
 0.4 2.000000
 0.5 2.000000
 0.6 2.000000
 0.7 2.000000
 0.8 2.000000
 0.9 2.000000
 1.0 2.000000
 1.1 2.000000
 1.2 2.000000
 1.3 2.000000
 1.4 2.000000
 1.5 2.000000
 1.6 2.000000
 1.7 2.000000
 1.8 2.000000
 1.9 2.000000
 2.0 2.000000
 2.1 2.000000
 2.2 2.000000
 2.3 2.000000
 2.4 2.000000
 2.5 2.000000
 2.6 2.000000
 2.7 2.000000
 2.8 2.000000
 2.9 2.000000
 3.0 2.000000
 3.1 2.000000
 3.2 2.000000
 3.3 2.000000
 3.4 2.000000
 3.5 2.000000
 3.6 2.000000
 3.7 2.000000
 3.8 1.166667
 3.9 1.166667
 4.0 1.166667
 4.1 1.166667
 4.2 0.166667
 4.3 0.166667
 4.4 0.166667
 4.5 -0.666667
 4.6 -0.666667
 4.7 -0.666667
 4.8 -0.666667
 4.9 -2.000000
 5.0 -1.291750
 5.1 0.000000
 5.2 0.000000
 5.3 0.000000
 5.4 0.000000
 5.5 0.000000
 5.6 0.000000
 5.7 0.000000
 5.8 0.000000
 5.9 0.010375
 6.0 -0.566600
 6.1 -0.566600
 6.2 -0.566600
 6.3 -1.708250
 6.4 -1.708250
 6.5 -1.708250
 6.6 -1.708250
 6.7 -1.708250
 6.8 -1.708250
 6.9 -1.708250
 7.0 -1.708250
 7.1 -1.708250
 7.2 -1.708250
 7.3 -1.708250
 7.4 -1.708250
 7.5 -1.708250
 7.6 -1.708250
 7.7 -1.708250
 7.8 -1.708250
 7.9 -1.708250
 8.0 -1.708250
 8.1 -1.708250
 8.2 -1.708250
 8.3 -1.708250
 8.4 -1.708250
 8.5 -1.183000
 8.6 -0.250000
 8.7 -0.250000
 8.8 -0.250000
 8.9 0.844667
 9.0 0.844667
 9.1 1.750000
 9.2 1.750000
 9.3 1.750000
 9.4 1.750000
 9.5 1.750000
 9.6 1.750000
 9.7 1.750000
 9.8 1.750000
 9.9 1.750000
 10.0 1.266667
 10.1 1.266667
 10.2 1.266667
 10.3 0.466667
 10.4 0.466667
 10.5 0.466667
 10.6 0.466667
 10.7 -0.466667
 10.8 -0.466667
 10.9 -1.366667
 11.0 -1.366667
 11.1 -1.366667
 11.2 -1.366667
 11.3 -1.366667
 11.4 -1.366667
 11.5 -0.981333
 11.6 -0.981333
 11.7 0.214250

ALA 6
 0.0 2.000000
 0.1 2.000000
 0.2 2.000000
 0.3 2.000000
 0.4 2.000000
 0.5 2.000000
 0.6 2.000000
 0.7 2.000000
 0.8 2.000000
 0.9 2.000000
 1.0 2.000000
 1.1 2.000000
 1.2 2.000000
 1.3 2.000000
 1.4 2.000000
 1.5 2.000000
 1.6 2.000000
 1.7 2.000000
 1.8 2.000000
 1.9 2.000000
 2.0 2.000000
 2.1 2.000000
 2.2 2.000000
 2.3 2.000000
 2.4 2.000000
 2.5 2.000000
 2.6 2.000000
 2.7 2.000000
 2.8 2.000000
 2.9 2.000000
 3.0 2.000000
 3.1 2.000000
 3.2 2.000000
 3.3 2.000000
 3.4 2.000000
 3.5 2.000000
 3.6 2.000000
 3.7 2.000000
 3.8 1.333333
 3.9 1.333333
 4.0 1.333333
 4.1 1.333333
 4.2 0.333333
 4.3 0.333333
 4.4 0.333333
 4.5 -0.833333
 4.6 -0.833333
 4.7 -0.833333
 4.8 -0.833333
 4.9 -2.000000
 5.0 -1.208250
 5.1 0.000000
 5.2 0.000000
 5.3 0.000000
 5.4 0.000000
 5.5 0.000000
 5.6 0.041750
 5.7 0.041750
 5.8 0.041750
 5.9 0.052125
 6.0 -0.566600
 6.1 -0.566600
 6.2 -0.566600
 6.3 -1.708250
 6.4 -1.708250
 6.5 -1.708250
 6.6 -1.708250
 6.7 -1.708250
 6.8 -1.708250
 6.9 -1.708250
 7.0 -1.708250
 7.1 -1.708250
 7.2 -1.708250
 7.3 -1.708250
 7.4 -1.708250
 7.5 -1.708250
 7.6 -1.708250
 7.7 -1.708250
 7.8 -1.708250
 7.9 -1.708250
 8.0 -1.708250
 8.1 -1.708250
 8.2 -1.708250
 8.3 -1.708250
 8.4 -1.708250
 8.5 -1.100000
 8.6 -0.250000
 8.7 -0.250000
 8.8 -0.250000
 8.9 0.844667
 9.0 0.844667
 9.1 1.750000
 9.2 1.750000
 9.3 1.750000
 9.4 1.750000
 9.5 1.750000
 9.6 1.750000
 9.7 1.750000
 9.8 1.750000
 9.9 1.750000
 10.0 1.233333
 10.1 1.233333
 10.2 1.233333
 10.3 0.366667
 10.4 0.366667
 10.5 0.366667
 10.6 0.366667
 10.7 -0.700000
 10.8 -0.700000
 10.9 -1.700000
 11.0 -1.700000
 11.1 -1.700000
 11.2 -1.700000
 11.3 -1.700000
 11.4 -1.700000
 11.5 -1.266667
 11.6 -1.266667
 11.7 0.174750

ALA 7
 0.0 2.000000
 0.1 2.000000
 0.2 2.000000
 0.3 2.000000
 0.4 2.000000
 0.5 2.000000
 0.6 2.000000
 0.7 2.000000
 0.8 2.000000
 0.9 2.000000
 1.0 2.000000
 1.1 2.000000
 1.2 2.000000
 1.3 2.000000
 1.4 2.000000
 1.5 2.000000
 1.6 2.000000
 1.7 2.000000
 1.8 2.000000
 1.9 2.000000
 2.0 2.000000
 2.1 2.000000
 2.2 2.000000
 2.3 2.000000
 2.4 2.000000
 2.5 2.000000
 2.6 2.000000
 2.7 2.000000
 2.8 2.000000
 2.9 2.000000
 3.0 2.000000
 3.1 2.000000
 3.2 2.000000
 3.3 2.000000
 3.4 2.000000
 3.5 2.000000
 3.6 2.000000
 3.7 2.000000
 3.8 1.333333
 3.9 1.333333
 4.0 1.333333
 4.1 1.333333
 4.2 0.333333
 4.3 0.333333
 4.4 0.333333
 4.5 -0.833333
 4.6 -0.833333
 4.7 -0.833333
 4.8 -0.833333
 4.9 -1.833333
 5.0 -1.125250
 5.1 -0.083500
 5.2 -0.083500
 5.3 -0.083500
 5.4 -0.083500
 5.5 -0.083500
 5.6 -0.041750
 5.7 -0.041750
 5.8 -0.041750
 5.9 0.052125
 6.0 -0.533200
 6.1 -0.533200
 6.2 -0.533200
 6.3 -1.625000
 6.4 -1.625000
 6.5 -1.625000
 6.6 -1.625000
 6.7 -1.625000
 6.8 -1.625000
 6.9 -1.625000
 7.0 -1.625000
 7.1 -1.625000
 7.2 -1.625000
 7.3 -1.625000
 7.4 -1.625000
 7.5 -1.625000
 7.6 -1.625000
 7.7 -1.625000
 7.8 -1.625000
 7.9 -1.625000
 8.0 -1.625000
 8.1 -1.625000
 8.2 -1.625000
 8.3 -1.625000
 8.4 -1.625000
 8.5 -1.183000
 8.6 -0.275000
 8.7 -0.275000
 8.8 -0.275000
 8.9 0.755333
 9.0 0.755333
 9.1 1.700000
 9.2 1.700000
 9.3 1.700000
 9.4 1.700000
 9.5 1.700000
 9.6 1.700000
 9.7 1.700000
 9.8 1.700000
 9.9 1.700000
 10.0 1.266667
 10.1 1.266667
 10.2 1.266667
 10.3 0.433333
 10.4 0.433333
 10.5 0.433333
 10.6 0.433333
 10.7 -0.666667
 10.8 -0.666667
 10.9 -1.666667
 11.0 -1.666667
 11.1 -1.666667
 11.2 -1.666667
 11.3 -1.666667
 11.4 -1.666667
 11.5 -1.276000
 11.6 -1.276000
 11.7 0.292500

ALA 8
 0.0 2.000000
 0.1 2.000000
 0.2 2.000000
 0.3 2.000000
 0.4 2.000000
 0.5 2.000000
 0.6 2.000000
 0.7 2.000000
 0.8 2.000000
 0.9 2.000000
 1.0 2.000000
 1.1 2.000000
 1.2 2.000000
 1.3 2.000000
 1.4 2.000000
 1.5 2.000000
 1.6 2.000000
 1.7 2.000000
 1.8 2.000000
 1.9 2.000000
 2.0 2.000000
 2.1 2.000000
 2.2 2.000000
 2.3 2.000000
 2.4 2.000000
 2.5 2.000000
 2.6 2.000000
 2.7 2.000000
 2.8 2.000000
 2.9 2.000000
 3.0 2.000000
 3.1 2.000000
 3.2 2.000000
 3.3 2.000000
 3.4 2.000000
 3.5 2.000000
 3.6 2.000000
 3.7 2.000000
 3.8 1.333333
 3.9 1.333333
 4.0 1.333333
 4.1 1.333333
 4.2 0.333333
 4.3 0.333333
 4.4 0.333333
 4.5 -0.666667
 4.6 -0.666667
 4.7 -0.666667
 4.8 -0.666667
 4.9 -1.500000
 5.0 -1.416500
 5.1 -0.416500
 5.2 -0.416500
 5.3 -0.416500
 5.4 -0.416500
 5.5 -0.416500
 5.6 -0.041750
 5.7 -0.041750
 5.8 -0.041750
 5.9 0.072750
 6.0 -0.466800
 6.1 -0.466800
 6.2 -0.466800
 6.3 -1.500000
 6.4 -1.500000
 6.5 -1.500000
 6.6 -1.500000
 6.7 -1.500000
 6.8 -1.500000
 6.9 -1.500000
 7.0 -1.500000
 7.1 -1.500000
 7.2 -1.500000
 7.3 -1.500000
 7.4 -1.500000
 7.5 -1.500000
 7.6 -1.500000
 7.7 -1.500000
 7.8 -1.500000
 7.9 -1.500000
 8.0 -1.500000
 8.1 -1.500000
 8.2 -1.500000
 8.3 -1.500000
 8.4 -1.500000
 8.5 -1.317000
 8.6 -0.341500
 8.7 -0.341500
 8.8 -0.341500
 8.9 0.578000
 9.0 0.578000
 9.1 1.592000
 9.2 1.592000
 9.3 1.592000
 9.4 1.592000
 9.5 1.592000
 9.6 1.592000
 9.7 1.592000
 9.8 1.592000
 9.9 1.592000
 10.0 1.333333
 10.1 1.333333
 10.2 1.333333
 10.3 0.533333
 10.4 0.533333
 10.5 0.533333
 10.6 0.533333
 10.7 -0.633333
 10.8 -0.633333
 10.9 -1.633333
 11.0 -1.633333
 11.1 -1.633333
 11.2 -1.633333
 11.3 -1.633333
 11.4 -1.633333
 11.5 -1.390667
 11.6 -1.390667
 11.7 0.189500

ALA 9
 0.0 2.000000
 0.1 2.000000
 0.2 2.000000
 0.3 2.000000
 0.4 2.000000
 0.5 2.000000
 0.6 2.000000
 0.7 2.000000
 0.8 2.000000
 0.9 2.000000
 1.0 2.000000
 1.1 2.000000
 1.2 2.000000
 1.3 2.000000
 1.4 2.000000
 1.5 2.000000
 1.6 2.000000
 1.7 2.000000
 1.8 2.000000
 1.9 2.000000
 2.0 2.000000
 2.1 2.000000
 2.2 2.000000
 2.3 2.000000
 2.4 2.000000
 2.5 2.000000
 2.6 2.000000
 2.7 2.000000
 2.8 2.000000
 2.9 2.000000
 3.0 2.000000
 3.1 2.000000
 3.2 2.000000
 3.3 2.000000
 3.4 2.000000
 3.5 2.000000
 3.6 2.000000
 3.7 2.000000
 3.8 1.333333
 3.9 1.333333
 4.0 1.333333
 4.1 1.333333
 4.2 0.333333
 4.3 0.333333
 4.4 0.333333
 4.5 -0.500000
 4.6 -0.500000
 4.7 -0.500000
 4.8 -0.500000
 4.9 -1.500000
 5.0 -1.500000
 5.1 -0.500000
 5.2 -0.500000
 5.3 -0.500000
 5.4 -0.500000
 5.5 -0.500000
 5.6 0.000000
 5.7 0.000000
 5.8 0.000000
 5.9 0.062625
 6.0 -0.466800
 6.1 -0.466800
 6.2 -0.466800
 6.3 -1.458250
 6.4 -1.458250
 6.5 -1.458250
 6.6 -1.458250
 6.7 -1.458250
 6.8 -1.458250
 6.9 -1.458250
 7.0 -1.458250
 7.1 -1.458250
 7.2 -1.458250
 7.3 -1.458250
 7.4 -1.458250
 7.5 -1.458250
 7.6 -1.458250
 7.7 -1.458250
 7.8 -1.458250
 7.9 -1.458250
 8.0 -1.458250
 8.1 -1.458250
 8.2 -1.458250
 8.3 -1.458250
 8.4 -1.458250
 8.5 -1.450000
 8.6 -0.408500
 8.7 -0.408500
 8.8 -0.408500
 8.9 0.488667
 9.0 0.488667
 9.1 1.525000
 9.2 1.525000
 9.3 1.525000
 9.4 1.525000
 9.5 1.525000
 9.6 1.525000
 9.7 1.525000
 9.8 1.525000
 9.9 1.525000
 10.0 1.400000
 10.1 1.400000
 10.2 1.400000
 10.3 0.600000
 10.4 0.600000
 10.5 0.600000
 10.6 0.600000
 10.7 -0.566667
 10.8 -0.566667
 10.9 -1.600000
 11.0 -1.600000
 11.1 -1.600000
 11.2 -1.600000
 11.3 -1.600000
 11.4 -1.600000
 11.5 -1.471333
 11.6 -1.471333
 11.7 0.078500

ALA 10
 0.0 2.000000
 0.1 2.000000
 0.2 2.000000
 0.3 2.000000
 0.4 2.000000
 0.5 2.000000
 0.6 2.000000
 0.7 2.000000
 0.8 2.000000
 0.9 2.000000
 1.0 2.000000
 1.1 2.000000
 1.2 2.000000
 1.3 2.000000
 1.4 2.000000
 1.5 2.000000
 1.6 2.000000
 1.7 2.000000
 1.8 2.000000
 1.9 2.000000
 2.0 2.000000
 2.1 2.000000
 2.2 2.000000
 2.3 2.000000
 2.4 2.000000
 2.5 2.000000
 2.6 2.000000
 2.7 2.000000
 2.8 2.000000
 2.9 2.000000
 3.0 2.000000
 3.1 2.000000
 3.2 2.000000
 3.3 2.000000
 3.4 2.000000
 3.5 2.000000
 3.6 2.000000
 3.7 2.000000
 3.8 1.333333
 3.9 1.333333
 4.0 1.333333
 4.1 1.333333
 4.2 0.500000
 4.3 0.500000
 4.4 0.500000
 4.5 -0.500000
 4.6 -0.500000
 4.7 -0.500000
 4.8 -0.500000
 4.9 -1.666667
 5.0 -1.458250
 5.1 -0.416500
 5.2 -0.416500
 5.3 -0.416500
 5.4 -0.416500
 5.5 -0.416500
 5.6 0.041750
 5.7 0.041750
 5.8 0.041750
 5.9 -0.000125
 6.0 -0.433400
 6.1 -0.433400
 6.2 -0.433400
 6.3 -1.541500
 6.4 -1.541500
 6.5 -1.541500
 6.6 -1.541500
 6.7 -1.541500
 6.8 -1.541500
 6.9 -1.541500
 7.0 -1.541500
 7.1 -1.541500
 7.2 -1.541500
 7.3 -1.541500
 7.4 -1.541500
 7.5 -1.541500
 7.6 -1.541500
 7.7 -1.541500
 7.8 -1.541500
 7.9 -1.541500
 8.0 -1.541500
 8.1 -1.541500
 8.2 -1.541500
 8.3 -1.541500
 8.4 -1.541500
 8.5 -1.450000
 8.6 -0.450000
 8.7 -0.450000
 8.8 -0.450000
 8.9 0.488667
 9.0 0.488667
 9.1 1.458500
 9.2 1.458500
 9.3 1.458500
 9.4 1.458500
 9.5 1.458500
 9.6 1.458500
 9.7 1.458500
 9.8 1.458500
 9.9 1.458500
 10.0 1.400000
 10.1 1.400000
 10.2 1.400000
 10.3 0.566667
 10.4 0.566667
 10.5 0.566667
 10.6 0.566667
 10.7 -0.533333
 10.8 -0.533333
 10.9 -1.600000
 11.0 -1.600000
 11.1 -1.600000
 11.2 -1.600000
 11.3 -1.600000
 11.4 -1.600000
 11.5 -1.504667
 11.6 -1.504667
 11.7 0.035750

ALA 11
 0.0 2.000000
 0.1 2.000000
 0.2 2.000000
 0.3 2.000000
 0.4 2.000000
 0.5 2.000000
 0.6 2.000000
 0.7 2.000000
 0.8 2.000000
 0.9 2.000000
 1.0 2.000000
 1.1 2.000000
 1.2 2.000000
 1.3 2.000000
 1.4 2.000000
 1.5 2.000000
 1.6 2.000000
 1.7 2.000000
 1.8 2.000000
 1.9 2.000000
 2.0 2.000000
 2.1 2.000000
 2.2 2.000000
 2.3 2.000000
 2.4 2.000000
 2.5 2.000000
 2.6 2.000000
 2.7 2.000000
 2.8 2.000000
 2.9 2.000000
 3.0 2.000000
 3.1 2.000000
 3.2 2.000000
 3.3 2.000000
 3.4 2.000000
 3.5 2.000000
 3.6 2.000000
 3.7 2.000000
 3.8 1.333333
 3.9 1.333333
 4.0 1.333333
 4.1 1.333333
 4.2 0.500000
 4.3 0.500000
 4.4 0.500000
 4.5 -0.666667
 4.6 -0.666667
 4.7 -0.666667
 4.8 -0.666667
 4.9 -1.666667
 5.0 -1.291750
 5.1 -0.167000
 5.2 -0.167000
 5.3 -0.167000
 5.4 -0.167000
 5.5 -0.167000
 5.6 0.041750
 5.7 0.041750
 5.8 0.041750
 5.9 0.062375
 6.0 -0.466800
 6.1 -0.466800
 6.2 -0.466800
 6.3 -1.624750
 6.4 -1.624750
 6.5 -1.624750
 6.6 -1.624750
 6.7 -1.624750
 6.8 -1.624750
 6.9 -1.624750
 7.0 -1.624750
 7.1 -1.624750
 7.2 -1.624750
 7.3 -1.624750
 7.4 -1.624750
 7.5 -1.624750
 7.6 -1.624750
 7.7 -1.624750
 7.8 -1.624750
 7.9 -1.624750
 8.0 -1.624750
 8.1 -1.624750
 8.2 -1.624750
 8.3 -1.624750
 8.4 -1.624750
 8.5 -1.367000
 8.6 -0.408500
 8.7 -0.408500
 8.8 -0.408500
 8.9 0.544667
 9.0 0.544667
 9.1 1.500000
 9.2 1.500000
 9.3 1.500000
 9.4 1.500000
 9.5 1.500000
 9.6 1.500000
 9.7 1.500000
 9.8 1.500000
 9.9 1.500000
 10.0 1.366667
 10.1 1.366667
 10.2 1.366667
 10.3 0.500000
 10.4 0.500000
 10.5 0.500000
 10.6 0.500000
 10.7 -0.533333
 10.8 -0.533333
 10.9 -1.633333
 11.0 -1.633333
 11.1 -1.633333
 11.2 -1.633333
 11.3 -1.633333
 11.4 -1.633333
 11.5 -1.481000
 11.6 -1.481000
 11.7 0.114000

ALA 12
 0.0 2.000000
 0.1 2.000000
 0.2 2.000000
 0.3 2.000000
 0.4 2.000000
 0.5 2.000000
 0.6 2.000000
 0.7 2.000000
 0.8 2.000000
 0.9 2.000000
 1.0 2.000000
 1.1 2.000000
 1.2 2.000000
 1.3 2.000000
 1.4 2.000000
 1.5 2.000000
 1.6 2.000000
 1.7 2.000000
 1.8 2.000000
 1.9 2.000000
 2.0 2.000000
 2.1 2.000000
 2.2 2.000000
 2.3 2.000000
 2.4 2.000000
 2.5 2.000000
 2.6 2.000000
 2.7 2.000000
 2.8 2.000000
 2.9 2.000000
 3.0 2.000000
 3.1 2.000000
 3.2 2.000000
 3.3 2.000000
 3.4 2.000000
 3.5 2.000000
 3.6 2.000000
 3.7 2.000000
 3.8 1.333333
 3.9 1.333333
 4.0 1.333333
 4.1 1.333333
 4.2 0.500000
 4.3 0.500000
 4.4 0.500000
 4.5 -0.666667
 4.6 -0.666667
 4.7 -0.666667
 4.8 -0.666667
 4.9 -1.500000
 5.0 -1.291750
 5.1 -0.333500
 5.2 -0.333500
 5.3 -0.333500
 5.4 -0.333500
 5.5 -0.333500
 5.6 0.000000
 5.7 0.000000
 5.8 0.000000
 5.9 0.072750
 6.0 -0.433400
 6.1 -0.433400
 6.2 -0.433400
 6.3 -1.625000
 6.4 -1.625000
 6.5 -1.625000
 6.6 -1.625000
 6.7 -1.625000
 6.8 -1.625000
 6.9 -1.625000
 7.0 -1.625000
 7.1 -1.625000
 7.2 -1.625000
 7.3 -1.625000
 7.4 -1.625000
 7.5 -1.625000
 7.6 -1.625000
 7.7 -1.625000
 7.8 -1.625000
 7.9 -1.625000
 8.0 -1.625000
 8.1 -1.625000
 8.2 -1.625000
 8.3 -1.625000
 8.4 -1.625000
 8.5 -1.317000
 8.6 -0.341500
 8.7 -0.341500
 8.8 -0.341500
 8.9 0.633333
 9.0 0.633333
 9.1 1.566500
 9.2 1.566500
 9.3 1.566500
 9.4 1.566500
 9.5 1.566500
 9.6 1.566500
 9.7 1.566500
 9.8 1.566500
 9.9 1.566500
 10.0 1.333333
 10.1 1.333333
 10.2 1.333333
 10.3 0.433333
 10.4 0.433333
 10.5 0.433333
 10.6 0.433333
 10.7 -0.533333
 10.8 -0.533333
 10.9 -1.700000
 11.0 -1.700000
 11.1 -1.700000
 11.2 -1.700000
 11.3 -1.700000
 11.4 -1.700000
 11.5 -1.447333
 11.6 -1.447333
 11.7 0.225000

ALA 13
 0.0 2.000000
 0.1 2.000000
 0.2 2.000000
 0.3 2.000000
 0.4 2.000000
 0.5 2.000000
 0.6 2.000000
 0.7 2.000000
 0.8 2.000000
 0.9 2.000000
 1.0 2.000000
 1.1 2.000000
 1.2 2.000000
 1.3 2.000000
 1.4 2.000000
 1.5 2.000000
 1.6 2.000000
 1.7 2.000000
 1.8 2.000000
 1.9 2.000000
 2.0 2.000000
 2.1 2.000000
 2.2 2.000000
 2.3 2.000000
 2.4 2.000000
 2.5 2.000000
 2.6 2.000000
 2.7 2.000000
 2.8 2.000000
 2.9 2.000000
 3.0 2.000000
 3.1 2.000000
 3.2 2.000000
 3.3 2.000000
 3.4 2.000000
 3.5 2.000000
 3.6 2.000000
 3.7 2.000000
 3.8 1.333333
 3.9 1.333333
 4.0 1.333333
 4.1 1.333333
 4.2 0.666667
 4.3 0.666667
 4.4 0.666667
 4.5 -0.500000
 4.6 -0.500000
 4.7 -0.500000
 4.8 -0.500000
 4.9 -1.333333
 5.0 -1.458250
 5.1 -0.167000
 5.2 -0.167000
 5.3 -0.167000
 5.4 -0.167000
 5.5 -0.167000
 5.6 -0.041750
 5.7 -0.041750
 5.8 -0.041750
 5.9 0.104250
 6.0 -0.433400
 6.1 -0.433400
 6.2 -0.433400
 6.3 -1.541750
 6.4 -1.541750
 6.5 -1.541750
 6.6 -1.541750
 6.7 -1.541750
 6.8 -1.541750
 6.9 -1.541750
 7.0 -1.541750
 7.1 -1.541750
 7.2 -1.541750
 7.3 -1.541750
 7.4 -1.541750
 7.5 -1.541750
 7.6 -1.541750
 7.7 -1.541750
 7.8 -1.541750
 7.9 -1.541750
 8.0 -1.541750
 8.1 -1.541750
 8.2 -1.541750
 8.3 -1.541750
 8.4 -1.541750
 8.5 -1.183000
 8.6 -0.275000
 8.7 -0.275000
 8.8 -0.275000
 8.9 0.666667
 9.0 0.666667
 9.1 1.591500
 9.2 1.591500
 9.3 1.591500
 9.4 1.591500
 9.5 1.591500
 9.6 1.591500
 9.7 1.591500
 9.8 1.591500
 9.9 1.591500
 10.0 1.300000
 10.1 1.300000
 10.2 1.300000
 10.3 0.366667
 10.4 0.366667
 10.5 0.366667
 10.6 0.366667
 10.7 -0.566667
 10.8 -0.566667
 10.9 -1.766667
 11.0 -1.766667
 11.1 -1.766667
 11.2 -1.766667
 11.3 -1.766667
 11.4 -1.766667
 11.5 -1.414000
 11.6 -1.414000
 11.7 0.275000

ALA 14
 0.0 2.000000
 0.1 2.000000
 0.2 2.000000
 0.3 2.000000
 0.4 2.000000
 0.5 2.000000
 0.6 2.000000
 0.7 2.000000
 0.8 2.000000
 0.9 2.000000
 1.0 2.000000
 1.1 2.000000
 1.2 2.000000
 1.3 2.000000
 1.4 2.000000
 1.5 2.000000
 1.6 2.000000
 1.7 2.000000
 1.8 2.000000
 1.9 2.000000
 2.0 2.000000
 2.1 2.000000
 2.2 2.000000
 2.3 2.000000
 2.4 2.000000
 2.5 2.000000
 2.6 2.000000
 2.7 2.000000
 2.8 2.000000
 2.9 2.000000
 3.0 2.000000
 3.1 2.000000
 3.2 2.000000
 3.3 2.000000
 3.4 2.000000
 3.5 2.000000
 3.6 2.000000
 3.7 2.000000
 3.8 1.333333
 3.9 1.333333
 4.0 1.333333
 4.1 1.333333
 4.2 0.500000
 4.3 0.500000
 4.4 0.500000
 4.5 -0.333333
 4.6 -0.333333
 4.7 -0.333333
 4.8 -0.333333
 4.9 -1.500000
 5.0 -1.500000
 5.1 -0.416500
 5.2 -0.416500
 5.3 -0.416500
 5.4 -0.416500
 5.5 -0.416500
 5.6 0.000000
 5.7 0.000000
 5.8 0.000000
 5.9 -0.041750
 6.0 -0.433400
 6.1 -0.433400
 6.2 -0.433400
 6.3 -1.541750
 6.4 -1.541750
 6.5 -1.541750
 6.6 -1.541750
 6.7 -1.541750
 6.8 -1.541750
 6.9 -1.541750
 7.0 -1.541750
 7.1 -1.541750
 7.2 -1.541750
 7.3 -1.541750
 7.4 -1.541750
 7.5 -1.541750
 7.6 -1.541750
 7.7 -1.541750
 7.8 -1.541750
 7.9 -1.541750
 8.0 -1.541750
 8.1 -1.541750
 8.2 -1.541750
 8.3 -1.541750
 8.4 -1.541750
 8.5 -1.133000
 8.6 -0.250000
 8.7 -0.250000
 8.8 -0.250000
 8.9 0.666667
 9.0 0.666667
 9.1 1.658500
 9.2 1.658500
 9.3 1.658500
 9.4 1.658500
 9.5 1.658500
 9.6 1.658500
 9.7 1.658500
 9.8 1.658500
 9.9 1.658500
 10.0 1.233333
 10.1 1.233333
 10.2 1.233333
 10.3 0.333333
 10.4 0.333333
 10.5 0.333333
 10.6 0.333333
 10.7 -0.633333
 10.8 -0.633333
 10.9 -1.800000
 11.0 -1.800000
 11.1 -1.800000
 11.2 -1.800000
 11.3 -1.800000
 11.4 -1.800000
 11.5 -1.357000
 11.6 -1.357000
 11.7 0.342750

ALA 15
 0.0 2.000000
 0.1 2.000000
 0.2 2.000000
 0.3 2.000000
 0.4 2.000000
 0.5 2.000000
 0.6 2.000000
 0.7 2.000000
 0.8 2.000000
 0.9 2.000000
 1.0 2.000000
 1.1 2.000000
 1.2 2.000000
 1.3 2.000000
 1.4 2.000000
 1.5 2.000000
 1.6 2.000000
 1.7 2.000000
 1.8 2.000000
 1.9 2.000000
 2.0 2.000000
 2.1 2.000000
 2.2 2.000000
 2.3 2.000000
 2.4 2.000000
 2.5 2.000000
 2.6 2.000000
 2.7 2.000000
 2.8 2.000000
 2.9 2.000000
 3.0 2.000000
 3.1 2.000000
 3.2 2.000000
 3.3 2.000000
 3.4 2.000000
 3.5 2.000000
 3.6 2.000000
 3.7 2.000000
 3.8 1.333333
 3.9 1.333333
 4.0 1.333333
 4.1 1.333333
 4.2 0.500000
 4.3 0.500000
 4.4 0.500000
 4.5 -0.500000
 4.6 -0.500000
 4.7 -0.500000
 4.8 -0.500000
 4.9 -1.666667
 5.0 -1.458250
 5.1 -0.416500
 5.2 -0.416500
 5.3 -0.416500
 5.4 -0.416500
 5.5 -0.416500
 5.6 0.041750
 5.7 0.041750
 5.8 0.041750
 5.9 0.041625
 6.0 -0.500200
 6.1 -0.500200
 6.2 -0.500200
 6.3 -1.666750
 6.4 -1.666750
 6.5 -1.666750
 6.6 -1.666750
 6.7 -1.666750
 6.8 -1.666750
 6.9 -1.666750
 7.0 -1.666750
 7.1 -1.666750
 7.2 -1.666750
 7.3 -1.666750
 7.4 -1.666750
 7.5 -1.666750
 7.6 -1.666750
 7.7 -1.666750
 7.8 -1.666750
 7.9 -1.666750
 8.0 -1.666750
 8.1 -1.666750
 8.2 -1.666750
 8.3 -1.666750
 8.4 -1.666750
 8.5 -1.050000
 8.6 -0.225000
 8.7 -0.225000
 8.8 -0.225000
 8.9 0.666667
 9.0 0.666667
 9.1 1.683500
 9.2 1.683500
 9.3 1.683500
 9.4 1.683500
 9.5 1.683500
 9.6 1.683500
 9.7 1.683500
 9.8 1.683500
 9.9 1.683500
 10.0 1.166667
 10.1 1.166667
 10.2 1.166667
 10.3 0.333333
 10.4 0.333333
 10.5 0.333333
 10.6 0.333333
 10.7 -0.700000
 10.8 -0.700000
 10.9 -1.833333
 11.0 -1.833333
 11.1 -1.833333
 11.2 -1.833333
 11.3 -1.833333
 11.4 -1.833333
 11.5 -1.276000
 11.6 -1.276000
 11.7 0.421500

ALA 16
 0.0 2.000000
 0.1 2.000000
 0.2 2.000000
 0.3 2.000000
 0.4 2.000000
 0.5 2.000000
 0.6 2.000000
 0.7 2.000000
 0.8 2.000000
 0.9 2.000000
 1.0 2.000000
 1.1 2.000000
 1.2 2.000000
 1.3 2.000000
 1.4 2.000000
 1.5 2.000000
 1.6 2.000000
 1.7 2.000000
 1.8 2.000000
 1.9 2.000000
 2.0 2.000000
 2.1 2.000000
 2.2 2.000000
 2.3 2.000000
 2.4 2.000000
 2.5 2.000000
 2.6 2.000000
 2.7 2.000000
 2.8 2.000000
 2.9 2.000000
 3.0 2.000000
 3.1 2.000000
 3.2 2.000000
 3.3 2.000000
 3.4 2.000000
 3.5 2.000000
 3.6 2.000000
 3.7 2.000000
 3.8 1.166667
 3.9 1.166667
 4.0 1.166667
 4.1 1.166667
 4.2 0.500000
 4.3 0.500000
 4.4 0.500000
 4.5 -0.666667
 4.6 -0.666667
 4.7 -0.666667
 4.8 -0.666667
 4.9 -1.666667
 5.0 -1.291750
 5.1 -0.083500
 5.2 -0.083500
 5.3 -0.083500
 5.4 -0.083500
 5.5 -0.083500
 5.6 0.000000
 5.7 0.000000
 5.8 0.000000
 5.9 0.083375
 6.0 -0.533400
 6.1 -0.533400
 6.2 -0.533400
 6.3 -1.791750
 6.4 -1.791750
 6.5 -1.791750
 6.6 -1.791750
 6.7 -1.791750
 6.8 -1.791750
 6.9 -1.791750
 7.0 -1.791750
 7.1 -1.791750
 7.2 -1.791750
 7.3 -1.791750
 7.4 -1.791750
 7.5 -1.791750
 7.6 -1.791750
 7.7 -1.791750
 7.8 -1.791750
 7.9 -1.791750
 8.0 -1.791750
 8.1 -1.791750
 8.2 -1.791750
 8.3 -1.791750
 8.4 -1.791750
 8.5 -1.000000
 8.6 -0.183500
 8.7 -0.183500
 8.8 -0.183500
 8.9 0.700000
 9.0 0.700000
 9.1 1.725000
 9.2 1.725000
 9.3 1.725000
 9.4 1.725000
 9.5 1.725000
 9.6 1.725000
 9.7 1.725000
 9.8 1.725000
 9.9 1.725000
 10.0 1.133333
 10.1 1.133333
 10.2 1.133333
 10.3 0.333333
 10.4 0.333333
 10.5 0.333333
 10.6 0.333333
 10.7 -0.733333
 10.8 -0.733333
 10.9 -1.866667
 11.0 -1.866667
 11.1 -1.866667
 11.2 -1.866667
 11.3 -1.866667
 11.4 -1.866667
 11.5 -1.195333
 11.6 -1.195333
 11.7 0.517750

ALA 17
 0.0 2.000000
 0.1 2.000000
 0.2 2.000000
 0.3 2.000000
 0.4 2.000000
 0.5 2.000000
 0.6 2.000000
 0.7 2.000000
 0.8 2.000000
 0.9 2.000000
 1.0 2.000000
 1.1 2.000000
 1.2 2.000000
 1.3 2.000000
 1.4 2.000000
 1.5 2.000000
 1.6 2.000000
 1.7 2.000000
 1.8 2.000000
 1.9 2.000000
 2.0 2.000000
 2.1 2.000000
 2.2 2.000000
 2.3 2.000000
 2.4 2.000000
 2.5 2.000000
 2.6 2.000000
 2.7 2.000000
 2.8 2.000000
 2.9 2.000000
 3.0 2.000000
 3.1 2.000000
 3.2 2.000000
 3.3 2.000000
 3.4 2.000000
 3.5 2.000000
 3.6 2.000000
 3.7 2.000000
 3.8 1.166667
 3.9 1.166667
 4.0 1.166667
 4.1 1.166667
 4.2 0.333333
 4.3 0.333333
 4.4 0.333333
 4.5 -0.500000
 4.6 -0.500000
 4.7 -0.500000
 4.8 -0.500000
 4.9 -1.500000
 5.0 -1.291750
 5.1 -0.083500
 5.2 -0.083500
 5.3 -0.083500
 5.4 -0.083500
 5.5 -0.083500
 5.6 0.000000
 5.7 0.000000
 5.8 0.000000
 5.9 0.072875
 6.0 -0.600200
 6.1 -0.600200
 6.2 -0.600200
 6.3 -1.791750
 6.4 -1.791750
 6.5 -1.791750
 6.6 -1.791750
 6.7 -1.791750
 6.8 -1.791750
 6.9 -1.791750
 7.0 -1.791750
 7.1 -1.791750
 7.2 -1.791750
 7.3 -1.791750
 7.4 -1.791750
 7.5 -1.791750
 7.6 -1.791750
 7.7 -1.791750
 7.8 -1.791750
 7.9 -1.791750
 8.0 -1.791750
 8.1 -1.791750
 8.2 -1.791750
 8.3 -1.791750
 8.4 -1.791750
 8.5 -1.050000
 8.6 -0.208500
 8.7 -0.208500
 8.8 -0.208500
 8.9 0.722000
 9.0 0.722000
 9.1 1.700000
 9.2 1.700000
 9.3 1.700000
 9.4 1.700000
 9.5 1.700000
 9.6 1.700000
 9.7 1.700000
 9.8 1.700000
 9.9 1.700000
 10.0 1.133333
 10.1 1.133333
 10.2 1.133333
 10.3 0.333333
 10.4 0.333333
 10.5 0.333333
 10.6 0.333333
 10.7 -0.733333
 10.8 -0.733333
 10.9 -1.866667
 11.0 -1.866667
 11.1 -1.866667
 11.2 -1.866667
 11.3 -1.866667
 11.4 -1.866667
 11.5 -1.195333
 11.6 -1.195333
 11.7 0.535750

ALA 18
 0.0 2.000000
 0.1 2.000000
 0.2 2.000000
 0.3 2.000000
 0.4 2.000000
 0.5 2.000000
 0.6 2.000000
 0.7 2.000000
 0.8 2.000000
 0.9 2.000000
 1.0 2.000000
 1.1 2.000000
 1.2 2.000000
 1.3 2.000000
 1.4 2.000000
 1.5 2.000000
 1.6 2.000000
 1.7 2.000000
 1.8 2.000000
 1.9 2.000000
 2.0 2.000000
 2.1 2.000000
 2.2 2.000000
 2.3 2.000000
 2.4 2.000000
 2.5 2.000000
 2.6 2.000000
 2.7 2.000000
 2.8 2.000000
 2.9 2.000000
 3.0 2.000000
 3.1 2.000000
 3.2 2.000000
 3.3 2.000000
 3.4 2.000000
 3.5 2.000000
 3.6 2.000000
 3.7 2.000000
 3.8 1.166667
 3.9 1.166667
 4.0 1.166667
 4.1 1.166667
 4.2 0.333333
 4.3 0.333333
 4.4 0.333333
 4.5 -0.666667
 4.6 -0.666667
 4.7 -0.666667
 4.8 -0.666667
 4.9 -1.666667
 5.0 -1.416500
 5.1 -0.416500
 5.2 -0.416500
 5.3 -0.416500
 5.4 -0.416500
 5.5 -0.416500
 5.6 -0.083500
 5.7 -0.083500
 5.8 -0.083500
 5.9 0.093875
 6.0 -0.500000
 6.1 -0.500000
 6.2 -0.500000
 6.3 -1.666750
 6.4 -1.666750
 6.5 -1.666750
 6.6 -1.666750
 6.7 -1.666750
 6.8 -1.666750
 6.9 -1.666750
 7.0 -1.666750
 7.1 -1.666750
 7.2 -1.666750
 7.3 -1.666750
 7.4 -1.666750
 7.5 -1.666750
 7.6 -1.666750
 7.7 -1.666750
 7.8 -1.666750
 7.9 -1.666750
 8.0 -1.666750
 8.1 -1.666750
 8.2 -1.666750
 8.3 -1.666750
 8.4 -1.666750
 8.5 -1.133000
 8.6 -0.225000
 8.7 -0.225000
 8.8 -0.225000
 8.9 0.700000
 9.0 0.700000
 9.1 1.642000
 9.2 1.642000
 9.3 1.642000
 9.4 1.642000
 9.5 1.642000
 9.6 1.642000
 9.7 1.642000
 9.8 1.642000
 9.9 1.642000
 10.0 1.100000
 10.1 1.100000
 10.2 1.100000
 10.3 0.333333
 10.4 0.333333
 10.5 0.333333
 10.6 0.333333
 10.7 -0.766667
 10.8 -0.766667
 10.9 -1.866667
 11.0 -1.866667
 11.1 -1.866667
 11.2 -1.866667
 11.3 -1.866667
 11.4 -1.866667
 11.5 -1.219333
 11.6 -1.219333
 11.7 0.500000

ALA 19
 0.0 2.000000
 0.1 2.000000
 0.2 2.000000
 0.3 2.000000
 0.4 2.000000
 0.5 2.000000
 0.6 2.000000
 0.7 2.000000
 0.8 2.000000
 0.9 2.000000
 1.0 2.000000
 1.1 2.000000
 1.2 2.000000
 1.3 2.000000
 1.4 2.000000
 1.5 2.000000
 1.6 2.000000
 1.7 2.000000
 1.8 2.000000
 1.9 2.000000
 2.0 2.000000
 2.1 2.000000
 2.2 2.000000
 2.3 2.000000
 2.4 2.000000
 2.5 2.000000
 2.6 2.000000
 2.7 2.000000
 2.8 2.000000
 2.9 2.000000
 3.0 2.000000
 3.1 2.000000
 3.2 2.000000
 3.3 2.000000
 3.4 2.000000
 3.5 2.000000
 3.6 2.000000
 3.7 2.000000
 3.8 1.166667
 3.9 1.166667
 4.0 1.166667
 4.1 1.166667
 4.2 0.166667
 4.3 0.166667
 4.4 0.166667
 4.5 -0.833333
 4.6 -0.833333
 4.7 -0.833333
 4.8 -0.833333
 4.9 -2.000000
 5.0 -1.333500
 5.1 -0.500000
 5.2 -0.500000
 5.3 -0.500000
 5.4 -0.500000
 5.5 -0.500000
 5.6 0.041750
 5.7 0.041750
 5.8 0.041750
 5.9 0.020875
 6.0 -0.566600
 6.1 -0.566600
 6.2 -0.566600
 6.3 -1.625250
 6.4 -1.625250
 6.5 -1.625250
 6.6 -1.625250
 6.7 -1.625250
 6.8 -1.625250
 6.9 -1.625250
 7.0 -1.625250
 7.1 -1.625250
 7.2 -1.625250
 7.3 -1.625250
 7.4 -1.625250
 7.5 -1.625250
 7.6 -1.625250
 7.7 -1.625250
 7.8 -1.625250
 7.9 -1.625250
 8.0 -1.625250
 8.1 -1.625250
 8.2 -1.625250
 8.3 -1.625250
 8.4 -1.625250
 8.5 -1.133000
 8.6 -0.200000
 8.7 -0.200000
 8.8 -0.200000
 8.9 0.789333
 9.0 0.789333
 9.1 1.683500
 9.2 1.683500
 9.3 1.683500
 9.4 1.683500
 9.5 1.683500
 9.6 1.683500
 9.7 1.683500
 9.8 1.683500
 9.9 1.683500
 10.0 1.066667
 10.1 1.066667
 10.2 1.066667
 10.3 0.333333
 10.4 0.333333
 10.5 0.333333
 10.6 0.333333
 10.7 -0.833333
 10.8 -0.833333
 10.9 -1.900000
 11.0 -1.900000
 11.1 -1.900000
 11.2 -1.900000
 11.3 -1.900000
 11.4 -1.900000
 11.5 -1.219333
 11.6 -1.219333
 11.7 0.507250

ALA 20
 0.0 2.000000
 0.1 2.000000
 0.2 2.000000
 0.3 2.000000
 0.4 2.000000
 0.5 2.000000
 0.6 2.000000
 0.7 2.000000
 0.8 2.000000
 0.9 2.000000
 1.0 2.000000
 1.1 2.000000
 1.2 2.000000
 1.3 2.000000
 1.4 2.000000
 1.5 2.000000
 1.6 2.000000
 1.7 2.000000
 1.8 2.000000
 1.9 2.000000
 2.0 2.000000
 2.1 2.000000
 2.2 2.000000
 2.3 2.000000
 2.4 2.000000
 2.5 2.000000
 2.6 2.000000
 2.7 2.000000
 2.8 2.000000
 2.9 2.000000
 3.0 2.000000
 3.1 2.000000
 3.2 2.000000
 3.3 2.000000
 3.4 2.000000
 3.5 2.000000
 3.6 2.000000
 3.7 2.000000
 3.8 1.333333
 3.9 1.333333
 4.0 1.333333
 4.1 1.333333
 4.2 0.333333
 4.3 0.333333
 4.4 0.333333
 4.5 -0.666667
 4.6 -0.666667
 4.7 -0.666667
 4.8 -0.666667
 4.9 -1.666667
 5.0 -1.374750
 5.1 -0.416500
 5.2 -0.416500
 5.3 -0.416500
 5.4 -0.416500
 5.5 -0.416500
 5.6 0.041750
 5.7 0.041750
 5.8 0.041750
 5.9 0.187125
 6.0 -0.466600
 6.1 -0.466600
 6.2 -0.466600
 6.3 -1.750000
 6.4 -1.750000
 6.5 -1.750000
 6.6 -1.750000
 6.7 -1.750000
 6.8 -1.750000
 6.9 -1.750000
 7.0 -1.750000
 7.1 -1.750000
 7.2 -1.750000
 7.3 -1.750000
 7.4 -1.750000
 7.5 -1.750000
 7.6 -1.750000
 7.7 -1.750000
 7.8 -1.750000
 7.9 -1.750000
 8.0 -1.750000
 8.1 -1.750000
 8.2 -1.750000
 8.3 -1.750000
 8.4 -1.750000
 8.5 -1.133000
 8.6 -0.158000
 8.7 -0.158000
 8.8 -0.158000
 8.9 0.789333
 9.0 0.789333
 9.1 1.683500
 9.2 1.683500
 9.3 1.683500
 9.4 1.683500
 9.5 1.683500
 9.6 1.683500
 9.7 1.683500
 9.8 1.683500
 9.9 1.683500
 10.0 1.066667
 10.1 1.066667
 10.2 1.066667
 10.3 0.333333
 10.4 0.333333
 10.5 0.333333
 10.6 0.333333
 10.7 -0.833333
 10.8 -0.833333
 10.9 -1.900000
 11.0 -1.900000
 11.1 -1.900000
 11.2 -1.900000
 11.3 -1.900000
 11.4 -1.900000
 11.5 -1.219333
 11.6 -1.219333
 11.7 0.489500

ALA 21
 0.0 2.000000
 0.1 2.000000
 0.2 2.000000
 0.3 2.000000
 0.4 2.000000
 0.5 2.000000
 0.6 2.000000
 0.7 2.000000
 0.8 2.000000
 0.9 2.000000
 1.0 2.000000
 1.1 2.000000
 1.2 2.000000
 1.3 2.000000
 1.4 2.000000
 1.5 2.000000
 1.6 2.000000
 1.7 2.000000
 1.8 2.000000
 1.9 2.000000
 2.0 2.000000
 2.1 2.000000
 2.2 2.000000
 2.3 2.000000
 2.4 2.000000
 2.5 2.000000
 2.6 2.000000
 2.7 2.000000
 2.8 2.000000
 2.9 2.000000
 3.0 2.000000
 3.1 2.000000
 3.2 2.000000
 3.3 2.000000
 3.4 2.000000
 3.5 2.000000
 3.6 2.000000
 3.7 2.000000
 3.8 1.333333
 3.9 1.333333
 4.0 1.333333
 4.1 1.333333
 4.2 0.500000
 4.3 0.500000
 4.4 0.500000
 4.5 -0.500000
 4.6 -0.500000
 4.7 -0.500000
 4.8 -0.500000
 4.9 -1.333333
 5.0 -1.167000
 5.1 -0.083500
 5.2 -0.083500
 5.3 -0.083500
 5.4 -0.083500
 5.5 -0.083500
 5.6 0.000000
 5.7 0.000000
 5.8 0.000000
 5.9 0.031250
 6.0 -0.600000
 6.1 -0.600000
 6.2 -0.600000
 6.3 -1.874750
 6.4 -1.874750
 6.5 -1.874750
 6.6 -1.874750
 6.7 -1.874750
 6.8 -1.874750
 6.9 -1.874750
 7.0 -1.874750
 7.1 -1.874750
 7.2 -1.874750
 7.3 -1.874750
 7.4 -1.874750
 7.5 -1.874750
 7.6 -1.874750
 7.7 -1.874750
 7.8 -1.874750
 7.9 -1.874750
 8.0 -1.874750
 8.1 -1.874750
 8.2 -1.874750
 8.3 -1.874750
 8.4 -1.874750
 8.5 -1.100000
 8.6 -0.100000
 8.7 -0.100000
 8.8 -0.100000
 8.9 0.778000
 9.0 0.778000
 9.1 1.741500
 9.2 1.741500
 9.3 1.741500
 9.4 1.741500
 9.5 1.741500
 9.6 1.741500
 9.7 1.741500
 9.8 1.741500
 9.9 1.741500
 10.0 1.100000
 10.1 1.100000
 10.2 1.100000
 10.3 0.366667
 10.4 0.366667
 10.5 0.366667
 10.6 0.366667
 10.7 -0.766667
 10.8 -0.766667
 10.9 -1.866667
 11.0 -1.866667
 11.1 -1.866667
 11.2 -1.866667
 11.3 -1.866667
 11.4 -1.866667
 11.5 -1.299667
 11.6 -1.299667
 11.7 0.278500

ALA 22
 0.0 2.000000
 0.1 2.000000
 0.2 2.000000
 0.3 2.000000
 0.4 2.000000
 0.5 2.000000
 0.6 2.000000
 0.7 2.000000
 0.8 2.000000
 0.9 2.000000
 1.0 2.000000
 1.1 2.000000
 1.2 2.000000
 1.3 2.000000
 1.4 2.000000
 1.5 2.000000
 1.6 2.000000
 1.7 2.000000
 1.8 2.000000
 1.9 2.000000
 2.0 2.000000
 2.1 2.000000
 2.2 2.000000
 2.3 2.000000
 2.4 2.000000
 2.5 2.000000
 2.6 2.000000
 2.7 2.000000
 2.8 2.000000
 2.9 2.000000
 3.0 2.000000
 3.1 2.000000
 3.2 2.000000
 3.3 2.000000
 3.4 2.000000
 3.5 2.000000
 3.6 2.000000
 3.7 2.000000
 3.8 1.333333
 3.9 1.333333
 4.0 1.333333
 4.1 1.333333
 4.2 0.333333
 4.3 0.333333
 4.4 0.333333
 4.5 -0.333333
 4.6 -0.333333
 4.7 -0.333333
 4.8 -0.333333
 4.9 -1.333333
 5.0 -1.416500
 5.1 -0.083500
 5.2 -0.083500
 5.3 -0.083500
 5.4 -0.083500
 5.5 -0.083500
 5.6 -0.041750
 5.7 -0.041750
 5.8 -0.041750
 5.9 0.197625
 6.0 -0.533200
 6.1 -0.533200
 6.2 -0.533200
 6.3 -1.833250
 6.4 -1.833250
 6.5 -1.833250
 6.6 -1.833250
 6.7 -1.833250
 6.8 -1.833250
 6.9 -1.833250
 7.0 -1.833250
 7.1 -1.833250
 7.2 -1.833250
 7.3 -1.833250
 7.4 -1.833250
 7.5 -1.833250
 7.6 -1.833250
 7.7 -1.833250
 7.8 -1.833250
 7.9 -1.833250
 8.0 -1.833250
 8.1 -1.833250
 8.2 -1.833250
 8.3 -1.833250
 8.4 -1.833250
 8.5 -1.183000
 8.6 -0.208000
 8.7 -0.208000
 8.8 -0.208000
 8.9 0.666667
 9.0 0.666667
 9.1 1.658500
 9.2 1.658500
 9.3 1.658500
 9.4 1.658500
 9.5 1.658500
 9.6 1.658500
 9.7 1.658500
 9.8 1.658500
 9.9 1.658500
 10.0 1.200000
 10.1 1.200000
 10.2 1.200000
 10.3 0.566667
 10.4 0.566667
 10.5 0.566667
 10.6 0.566667
 10.7 -0.466667
 10.8 -0.466667
 10.9 -1.466667
 11.0 -1.466667
 11.1 -1.466667
 11.2 -1.466667
 11.3 -1.466667
 11.4 -1.466667
 11.5 -1.071667
 11.6 -1.071667
 11.7 0.200000

ALA 23
 0.0 2.000000
 0.1 2.000000
 0.2 2.000000
 0.3 2.000000
 0.4 2.000000
 0.5 2.000000
 0.6 2.000000
 0.7 2.000000
 0.8 2.000000
 0.9 2.000000
 1.0 2.000000
 1.1 2.000000
 1.2 2.000000
 1.3 2.000000
 1.4 2.000000
 1.5 2.000000
 1.6 2.000000
 1.7 2.000000
 1.8 2.000000
 1.9 2.000000
 2.0 2.000000
 2.1 2.000000
 2.2 2.000000
 2.3 2.000000
 2.4 2.000000
 2.5 2.000000
 2.6 2.000000
 2.7 2.000000
 2.8 2.000000
 2.9 2.000000
 3.0 2.000000
 3.1 2.000000
 3.2 2.000000
 3.3 2.000000
 3.4 2.000000
 3.5 2.000000
 3.6 2.000000
 3.7 2.000000
 3.8 1.333333
 3.9 1.333333
 4.0 1.333333
 4.1 1.333333
 4.2 0.500000
 4.3 0.500000
 4.4 0.500000
 4.5 -0.333333
 4.6 -0.333333
 4.7 -0.333333
 4.8 -0.333333
 4.9 -1.333333
 5.0 -1.541750
 5.1 -0.416500
 5.2 -0.416500
 5.3 -0.416500
 5.4 -0.416500
 5.5 -0.416500
 5.6 -0.041750
 5.7 -0.041750
 5.8 -0.041750
 5.9 0.062375
 6.0 -0.566600
 6.1 -0.566600
 6.2 -0.566600
 6.3 -1.625000
 6.4 -1.625000
 6.5 -1.625000
 6.6 -1.625000
 6.7 -1.625000
 6.8 -1.625000
 6.9 -1.625000
 7.0 -1.625000
 7.1 -1.625000
 7.2 -1.625000
 7.3 -1.625000
 7.4 -1.625000
 7.5 -1.625000
 7.6 -1.625000
 7.7 -1.625000
 7.8 -1.625000
 7.9 -1.625000
 8.0 -1.625000
 8.1 -1.625000
 8.2 -1.625000
 8.3 -1.625000
 8.4 -1.625000
 8.5 -1.367000
 8.6 -0.533500
 8.7 -0.533500
 8.8 -0.533500
 8.9 0.255333
 9.0 0.255333
 9.1 1.175000
 9.2 1.175000
 9.3 1.175000
 9.4 1.175000
 9.5 1.175000
 9.6 1.175000
 9.7 1.175000
 9.8 1.175000
 9.9 1.175000
 10.0 0.966667
 10.1 0.966667
 10.2 0.966667
 10.3 0.500000
 10.4 0.500000
 10.5 0.500000
 10.6 0.500000
 10.7 -0.300000
 10.8 -0.300000
 10.9 -1.066667
 11.0 -1.066667
 11.1 -1.066667
 11.2 -1.066667
 11.3 -1.066667
 11.4 -1.066667
 11.5 -0.809333
 11.6 -0.809333
 11.7 0.135750

ALA 24
 0.0 2.000000
 0.1 2.000000
 0.2 2.000000
 0.3 2.000000
 0.4 2.000000
 0.5 2.000000
 0.6 2.000000
 0.7 2.000000
 0.8 2.000000
 0.9 2.000000
 1.0 2.000000
 1.1 2.000000
 1.2 2.000000
 1.3 2.000000
 1.4 2.000000
 1.5 2.000000
 1.6 2.000000
 1.7 2.000000
 1.8 2.000000
 1.9 2.000000
 2.0 2.000000
 2.1 2.000000
 2.2 2.000000
 2.3 2.000000
 2.4 2.000000
 2.5 2.000000
 2.6 2.000000
 2.7 2.000000
 2.8 2.000000
 2.9 2.000000
 3.0 2.000000
 3.1 2.000000
 3.2 2.000000
 3.3 2.000000
 3.4 2.000000
 3.5 2.000000
 3.6 2.000000
 3.7 2.000000
 3.8 1.333333
 3.9 1.333333
 4.0 1.333333
 4.1 1.333333
 4.2 0.500000
 4.3 0.500000
 4.4 0.500000
 4.5 -0.500000
 4.6 -0.500000
 4.7 -0.500000
 4.8 -0.500000
 4.9 -1.500000
 5.0 -1.666500
 5.1 -0.500000
 5.2 -0.500000
 5.3 -0.500000
 5.4 -0.500000
 5.5 -0.500000
 5.6 -0.041750
 5.7 -0.041750
 5.8 -0.041750
 5.9 0.228875
 6.0 -0.166600
 6.1 -0.166600
 6.2 -0.166600
 6.3 -0.875000
 6.4 -0.875000
 6.5 -0.875000
 6.6 -0.875000
 6.7 -0.875000
 6.8 -0.875000
 6.9 -0.875000
 7.0 -0.875000
 7.1 -0.875000
 7.2 -0.875000
 7.3 -0.875000
 7.4 -0.875000
 7.5 -0.875000
 7.6 -0.875000
 7.7 -0.875000
 7.8 -0.875000
 7.9 -0.875000
 8.0 -0.875000
 8.1 -0.875000
 8.2 -0.875000
 8.3 -0.875000
 8.4 -0.875000
 8.5 -0.967000
 8.6 -0.400000
 8.7 -0.400000
 8.8 -0.400000
 8.9 0.178000
 9.0 0.178000
 9.1 0.841500
 9.2 0.841500
 9.3 0.841500
 9.4 0.841500
 9.5 0.841500
 9.6 0.841500
 9.7 0.841500
 9.8 0.841500
 9.9 0.841500
 10.0 0.766667
 10.1 0.766667
 10.2 0.766667
 10.3 0.433333
 10.4 0.433333
 10.5 0.433333
 10.6 0.433333
 10.7 -0.100000
 10.8 -0.100000
 10.9 -0.666667
 11.0 -0.666667
 11.1 -0.666667
 11.2 -0.666667
 11.3 -0.666667
 11.4 -0.666667
 11.5 -0.524000
 11.6 -0.524000
 11.7 0.107000

ALA 25
 0.0 2.000000
 0.1 2.000000
 0.2 2.000000
 0.3 2.000000
 0.4 2.000000
 0.5 2.000000
 0.6 2.000000
 0.7 2.000000
 0.8 2.000000
 0.9 2.000000
 1.0 2.000000
 1.1 2.000000
 1.2 2.000000
 1.3 2.000000
 1.4 2.000000
 1.5 2.000000
 1.6 2.000000
 1.7 2.000000
 1.8 2.000000
 1.9 2.000000
 2.0 2.000000
 2.1 2.000000
 2.2 2.000000
 2.3 2.000000
 2.4 2.000000
 2.5 2.000000
 2.6 2.000000
 2.7 2.000000
 2.8 2.000000
 2.9 2.000000
 3.0 2.000000
 3.1 2.000000
 3.2 2.000000
 3.3 2.000000
 3.4 2.000000
 3.5 2.000000
 3.6 2.000000
 3.7 2.000000
 3.8 1.333333
 3.9 1.333333
 4.0 1.333333
 4.1 1.333333
 4.2 0.333333
 4.3 0.333333
 4.4 0.333333
 4.5 -0.666667
 4.6 -0.666667
 4.7 -0.666667
 4.8 -0.666667
 4.9 -1.666667
 5.0 -1.625250
 5.1 -0.750000
 5.2 -0.750000
 5.3 -0.750000
 5.4 -0.750000
 5.5 -0.750000
 5.6 -0.374750
 5.7 -0.374750
 5.8 -0.374750
 5.9 -0.395625
 6.0 -0.100200
 6.1 -0.100200
 6.2 -0.100200
 6.3 -0.333500
 6.4 -0.333500
 6.5 -0.333500
 6.6 -0.333500
 6.7 -0.333500
 6.8 -0.333500
 6.9 -0.333500
 7.0 -0.333500
 7.1 -0.333500
 7.2 -0.333500
 7.3 -0.333500
 7.4 -0.333500
 7.5 -0.333500
 7.6 -0.333500
 7.7 -0.333500
 7.8 -0.333500
 7.9 -0.333500
 8.0 -0.333500
 8.1 -0.333500
 8.2 -0.333500
 8.3 -0.333500
 8.4 -0.333500
 8.5 -0.483000
 8.6 -0.183500
 8.7 -0.183500
 8.8 -0.183500
 8.9 0.188667
 9.0 0.188667
 9.1 0.550500
 9.2 0.550500
 9.3 0.550500
 9.4 0.550500
 9.5 0.550500
 9.6 0.550500
 9.7 0.550500
 9.8 0.550500
 9.9 0.550500
 10.0 0.566667
 10.1 0.566667
 10.2 0.566667
 10.3 0.366667
 10.4 0.366667
 10.5 0.366667
 10.6 0.366667
 10.7 0.066667
 10.8 0.066667
 10.9 -0.300000
 11.0 -0.300000
 11.1 -0.300000
 11.2 -0.300000
 11.3 -0.300000
 11.4 -0.300000
 11.5 -0.238000
 11.6 -0.238000
 11.7 0.103500

ALA 26
 0.0 2.000000
 0.1 2.000000
 0.2 2.000000
 0.3 2.000000
 0.4 2.000000
 0.5 2.000000
 0.6 2.000000
 0.7 2.000000
 0.8 2.000000
 0.9 2.000000
 1.0 2.000000
 1.1 2.000000
 1.2 2.000000
 1.3 2.000000
 1.4 2.000000
 1.5 2.000000
 1.6 2.000000
 1.7 2.000000
 1.8 2.000000
 1.9 2.000000
 2.0 2.000000
 2.1 2.000000
 2.2 2.000000
 2.3 2.000000
 2.4 2.000000
 2.5 2.000000
 2.6 2.000000
 2.7 2.000000
 2.8 2.000000
 2.9 2.000000
 3.0 2.000000
 3.1 2.000000
 3.2 2.000000
 3.3 2.000000
 3.4 2.000000
 3.5 2.000000
 3.6 2.000000
 3.7 2.000000
 3.8 1.666667
 3.9 1.666667
 4.0 1.666667
 4.1 1.666667
 4.2 1.166667
 4.3 1.166667
 4.4 1.166667
 4.5 0.666667
 4.6 0.666667
 4.7 0.666667
 4.8 0.666667
 4.9 0.166667
 5.0 0.083500
 5.1 0.250000
 5.2 0.250000
 5.3 0.250000
 5.4 0.250000
 5.5 0.250000
 5.6 0.333000
 5.7 0.333000
 5.8 0.333000
 5.9 0.291125
 6.0 0.267200
 6.1 0.267200
 6.2 0.267200
 6.3 0.125250
 6.4 0.125250
 6.5 0.125250
 6.6 0.125250
 6.7 0.125250
 6.8 0.125250
 6.9 0.125250
 7.0 0.125250
 7.1 0.125250
 7.2 0.125250
 7.3 0.125250
 7.4 0.125250
 7.5 0.125250
 7.6 0.125250
 7.7 0.125250
 7.8 0.125250
 7.9 0.125250
 8.0 0.125250
 8.1 0.125250
 8.2 0.125250
 8.3 0.125250
 8.4 0.125250
 8.5 0.050000
 8.6 0.125000
 8.7 0.125000
 8.8 0.125000
 8.9 0.233333
 9.0 0.233333
 9.1 0.325000
 9.2 0.325000
 9.3 0.325000
 9.4 0.325000
 9.5 0.325000
 9.6 0.325000
 9.7 0.325000
 9.8 0.325000
 9.9 0.325000
 10.0 0.333333
 10.1 0.333333
 10.2 0.333333
 10.3 0.266667
 10.4 0.266667
 10.5 0.266667
 10.6 0.266667
 10.7 0.166667
 10.8 0.166667
 10.9 0.033333
 11.0 0.033333
 11.1 0.033333
 11.2 0.033333
 11.3 0.033333
 11.4 0.033333
 11.5 0.047333
 11.6 0.047333
 11.7 0.142750

