ATOMS
N -6.071 -8.536 -9.758
O -3.545 -6.647 -8.762

N -4.277 -6.405 -10.880
O -3.752 -3.735 -8.999
H -4.741 -6.842 -11.664

N -5.756 -3.940 -10.010
O -5.597 -3.142 -6.803
H -6.269 -4.332 -10.787

N -6.895 -4.887 -7.398
O -4.797 -5.179 -4.857
H -7.442 -5.316 -8.131

N -4.706 -6.731 -6.489
O -1.920 -5.332 -5.384
H -5.210 -7.210 -7.221

N -2.306 -5.312 -7.605
O -1.346 -2.543 -6.071
H -2.769 -5.763 -8.381

N -3.199 -2.457 -7.351
O -3.229 -1.153 -4.311
H -3.698 -2.853 -8.135

N -4.848 -2.626 -4.847
O -3.215 -2.935 -1.987
H -5.395 -3.040 -5.588

N -3.328 -4.733 -3.340
O -0.431 -3.843 -2.016
H -3.846 -5.206 -4.066

N -0.529 -4.135 -4.248
O 0.915 -1.434 -2.998
H -0.995 -4.600 -5.015

N -0.687 -1.152 -4.559
O -0.748 0.649 -1.785
H -1.172 -1.556 -5.348

N -2.613 -0.480 -2.355
O -1.469 -0.638 0.745
H -3.154 -0.883 -3.107

N -1.875 -2.575 -0.334
O 0.973 -2.157 1.296
H -2.405 -3.038 -1.058

N 1.072 -2.816 -0.857
O 2.997 -0.344 0.204
H 0.599 -3.290 -1.613

N 1.720 0.016 -1.618
O 1.788 2.251 0.819
H 1.246 -0.400 -2.407

N -0.221 1.502 0.126
O 0.463 1.644 3.359
H -0.753 1.108 -0.637

N -0.291 -0.308 2.522
O 2.352 -0.275 4.511
H -0.832 -0.758 1.797

N 2.538 -1.316 2.521
O 4.888 0.792 3.508
H 2.054 -1.796 1.776

N 3.974 1.104 1.471
O 4.318 3.664 3.537
H 3.508 0.674 0.685

N 2.282 3.289 2.646
O 2.586 3.849 5.892
H 1.762 2.897 1.873

N 1.465 2.007 5.236
O 3.769 1.785 7.598
H 0.919 1.571 4.507

N 3.921 0.387 5.836
O 6.596 2.035 6.873
H 3.424 -0.094 5.100

N 6.043 2.178 4.692
O 6.779 4.918 6.392
H 5.580 1.734 3.912

N 4.837 4.871 5.249
O 4.882 5.921 8.386
H 4.332 4.478 4.468

N 3.414 4.302 7.832
O 5.284 3.981 10.542
H 2.867 3.880 7.095

N 5.285 2.292 9.049
O 8.107 3.389 10.293
H 4.774 1.815 8.321

EDGES
1 3 3.003079
1 5 2.875999
1 6 4.613669
1 8 4.332627
1 9 4.423096
1 11 3.859426
1 12 3.975879
1 14 2.989309
1 17 4.526462
2 3 2.253955
2 4 2.928952
2 5 3.144844
2 6 3.711317
2 7 4.509258
2 8 4.108531
2 9 4.022511
2 10 4.355635
2 11 4.166093
2 12 2.553724
2 13 3.972497
2 14 2.337493
2 15 2.157775
2 17 1.236444
2 18 4.434719
2 20 3.848503
3 6 3.003426
3 8 2.876463
3 9 4.613304
3 11 4.331299
3 12 4.423935
3 14 3.860932
3 15 3.975565
3 17 2.988516
3 20 4.526253
4 6 2.253921
4 7 2.928838
4 8 3.144621
4 9 3.710627
4 10 4.509249
4 11 4.107199
4 12 4.023212
4 13 4.356014
4 14 4.166854
4 15 2.553641
4 16 3.972768
4 17 2.336878
4 18 2.157544
4 20 1.235854
4 21 4.435110
4 23 3.849337
5 6 3.491066
5 8 3.066596
5 14 4.482815
5 17 3.978833
6 9 3.002778
6 11 2.875172
6 12 4.614068
6 14 4.332382
6 15 4.423676
6 17 3.859940
6 18 3.975905
6 20 2.988739
6 23 4.527075
7 9 2.254740
7 10 2.928529
7 11 3.145455
7 12 3.711253
7 13 4.508879
7 14 4.107690
7 15 4.022783
7 16 4.354954
7 17 4.166210
7 18 2.553416
7 19 3.971600
7 20 2.337509
7 21 2.157126
7 23 1.235894
7 24 4.435314
7 26 3.849320
8 9 3.490734
8 11 3.065701
8 17 4.481807
8 20 3.978767
9 12 3.003055
9 14 2.875219
9 15 4.613285
9 17 4.330998
9 18 4.423520
9 20 3.860199
9 21 3.976170
9 23 2.989567
9 26 4.527735
10 12 2.253976
10 13 2.928868
10 14 3.143887
10 15 3.711371
10 16 4.509068
10 17 4.107605
10 18 4.022801
10 19 4.354930
10 20 4.166937
10 21 2.553529
10 22 3.971796
10 23 2.338223
10 24 2.158278
10 26 1.237259
10 27 4.435836
10 29 3.849079
11 12 3.490571
11 14 3.065479
11 20 4.481509
11 23 3.979602
12 15 3.003168
12 17 2.875527
12 18 4.613152
12 20 4.331774
12 21 4.423500
12 23 3.861347
12 24 3.975813
12 26 2.989340
12 29 4.526075
13 15 2.254382
13 16 2.929158
13 17 3.144610
13 18 3.710870
13 19 4.508753
13 20 4.107886
13 21 4.022933
13 22 4.354566
13 23 4.167794
13 24 2.553273
13 25 3.972111
13 26 2.337194
13 27 2.158283
13 29 1.235965
13 30 4.435461
13 32 3.849542
14 15 3.490426
14 17 3.065598
14 23 4.482166
14 26 3.978761
15 18 3.002164
15 20 2.874934
15 21 4.613342
15 23 4.332689
15 24 4.423794
15 26 3.861005
15 27 3.976494
15 29 2.988940
15 32 4.526316
16 18 2.253754
16 19 2.928377
16 20 3.144535
16 21 3.710670
16 22 4.508423
16 23 4.107883
16 24 4.022783
16 25 4.355485
16 26 4.166725
16 27 2.554463
16 28 3.973076
16 29 2.338715
16 30 2.157616
16 32 1.235789
16 33 4.435078
16 35 3.848345
17 18 3.489332
17 20 3.064581
17 26 4.482120
17 29 3.978643
18 21 3.002962
18 23 2.875843
18 24 4.613560
18 26 4.332071
18 27 4.424160
18 29 3.860953
18 30 3.975982
18 32 2.988735
18 35 4.526703
19 21 2.253483
19 22 2.928600
19 23 3.143732
19 24 3.710666
19 25 4.509094
19 26 4.107009
19 27 4.023219
19 28 4.356107
19 29 4.167515
19 30 2.554069
19 31 3.972813
19 32 2.338595
19 33 2.158314
19 35 1.236180
19 36 4.435305
19 38 3.848923
20 21 3.490698
20 23 3.066266
20 29 4.482479
20 32 3.978725
21 24 3.003481
21 26 2.875824
21 27 4.614070
21 29 4.332495
21 30 4.423747
21 32 3.861201
21 33 3.976255
21 35 2.989195
21 38 4.527087
22 24 2.253038
22 25 2.928474
22 26 3.142904
22 27 3.710353
22 28 4.509104
22 29 4.107239
22 30 4.023066
22 31 4.355680
22 32 4.167950
22 33 2.554379
22 34 3.973481
22 35 2.338552
22 36 2.158149
22 38 1.236831
22 39 4.435023
22 41 3.848701
23 24 3.491739
23 26 3.067155
23 32 4.482587
23 35 3.978705
24 27 3.002744
24 29 2.875101
24 30 4.613502
24 32 4.332866
24 33 4.423738
24 35 3.860967
24 36 3.975451
24 38 2.988725
24 41 4.526158
25 27 2.253152
25 28 2.929048
25 29 3.144065
25 30 3.711316
25 31 4.509092
25 32 4.108731
25 33 4.023160
25 34 4.355754
25 35 4.167326
25 36 2.553837
25 37 3.972802
25 38 2.337192
25 39 2.158013
25 41 1.236575
25 42 4.435886
25 44 3.849605
26 27 3.490366
26 29 3.065296
26 35 4.481838
26 38 3.978036
27 30 3.003327
27 32 2.876576
27 33 4.613624
27 35 4.332206
27 36 4.423202
27 38 3.859907
27 39 3.975153
27 41 2.988249
27 44 4.526603
28 30 2.254473
28 31 2.928451
28 32 3.145307
28 33 3.710842
28 34 4.508561
28 35 4.107584
28 36 4.022795
28 37 4.354828
28 38 4.166391
28 39 2.553126
28 40 3.971854
28 41 2.337267
28 42 2.157528
28 44 1.236122
28 45 4.435084
28 47 3.849456
29 30 3.491633
29 32 3.067271
29 38 4.481718
29 41 3.978761
30 33 3.003111
30 35 2.875196
30 36 4.613773
30 38 4.331919
30 39 4.423548
30 41 3.860538
30 42 3.975846
30 44 2.988829
30 47 4.527034
31 33 2.253390
31 34 2.928670
31 35 3.143810
31 36 3.710755
31 37 4.508663
31 38 4.107085
31 39 4.022413
31 40 4.355134
31 41 4.166499
31 42 2.553351
31 43 3.972218
31 44 2.337375
31 45 2.158068
31 47 1.236370
31 48 4.435645
31 50 3.849341
32 33 3.491748
32 35 3.066486
32 41 4.482569
32 44 3.979013
33 36 3.003017
33 38 2.875559
33 39 4.613039
33 41 4.331698
33 42 4.423129
33 44 3.860179
33 45 3.975594
33 47 2.988790
33 50 4.526406
34 36 2.254118
34 37 2.928195
34 38 3.144345
34 39 3.710360
34 40 4.508245
34 41 4.107297
34 42 4.022587
34 43 4.354291
34 44 4.166890
34 45 2.553481
34 46 3.971542
34 47 2.339037
34 48 2.157386
34 50 1.235667
34 51 4.435077
34 53 3.849085
35 36 3.491165
35 38 3.066501
35 44 4.481438
35 47 3.978666
36 39 3.002735
36 41 2.875368
36 42 4.613671
36 44 4.332274
36 45 4.423714
36 47 3.862018
36 48 3.975560
36 50 2.988394
36 53 4.527249
37 39 2.253773
37 40 2.928482
37 41 3.144177
37 42 3.710975
37 43 4.508017
37 44 4.107772
37 45 4.022787
37 46 4.354730
37 47 4.168428
37 48 2.553345
37 49 3.972378
37 50 2.337996
37 51 2.158039
37 53 1.236641
37 54 4.435172
37 56 3.848910
38 39 3.489873
38 41 3.065215
38 47 4.482818
38 50 3.977908
39 42 3.003206
39 44 2.875732
39 45 4.613379
39 47 4.333221
39 48 4.423288
39 50 3.860608
39 51 3.976184
39 53 2.989551
39 56 4.526805
40 42 2.253888
40 43 2.928128
40 44 3.144274
40 45 3.710704
40 46 4.508583
40 47 4.108295
40 48 4.023104
40 49 4.355575
40 50 4.167768
40 51 2.554203
40 52 3.972756
40 53 2.338533
40 54 2.157898
40 56 1.236449
40 57 4.435457
40 59 3.849009
41 42 3.490888
41 44 3.066129
41 50 4.481839
41 53 3.979244
42 45 3.002867
42 47 2.875857
42 48 4.613968
42 50 4.332898
42 51 4.424327
42 53 3.861882
42 54 3.975699
42 56 2.988932
42 59 4.526478
43 45 2.253293
43 46 2.928425
43 47 3.143734
43 48 3.710921
43 49 4.508840
43 50 4.107915
43 51 4.022784
43 52 4.355388
43 53 4.167111
43 54 2.553294
43 55 3.973033
43 56 2.337367
43 57 2.158566
43 59 1.236490
43 60 4.435511
43 62 3.849533
44 45 3.490814
44 47 3.066425
44 53 4.483210
44 56 3.978767
45 48 3.003634
45 50 2.876310
45 51 4.614025
45 53 4.333005
45 54 4.423285
45 56 3.860506
45 57 3.976025
45 59 2.988365
45 62 4.527419
46 48 2.253750
46 49 2.928820
46 50 3.144276
46 51 3.710724
46 52 4.508739
46 53 4.107404
46 54 4.022843
46 55 4.355813
46 56 4.166917
46 57 2.554047
46 58 3.973065
46 59 2.337864
46 60 2.158449
46 62 1.237404
46 63 4.435464
46 65 3.849577
47 48 3.492532
47 50 3.067988
47 56 4.482428
47 59 3.978171
48 51 3.003216
48 53 2.875706
48 54 4.613954
48 56 4.332585
48 57 4.424264
48 59 3.861092
48 60 3.975998
48 62 2.989141
48 65 4.526931
49 51 2.253525
49 52 2.928446
49 53 3.143640
49 54 3.711351
49 55 4.508831
49 56 4.107945
49 57 4.023086
49 58 4.355375
49 59 4.167581
49 60 2.553413
49 61 3.972538
49 62 2.336926
49 63 2.157691
49 65 1.236473
49 66 4.435476
49 68 3.849008
50 51 3.491767
50 53 3.067064
50 59 4.482593
50 62 3.979239
51 54 3.003497
51 56 2.876090
51 57 4.613804
51 59 4.332603
51 60 4.423221
51 62 3.860068
51 63 3.975188
51 65 2.988230
51 68 4.526715
52 54 2.254353
52 55 2.928161
52 56 3.144464
52 57 3.710699
52 58 4.508648
52 59 4.108056
52 60 4.022330
52 61 4.355033
52 62 4.166270
52 63 2.553174
52 64 3.973102
52 65 2.337254
52 66 2.157980
52 68 1.236707
52 69 4.435304
52 71 3.849329
53 54 3.491336
53 56 3.066806
53 62 4.481437
53 65 3.977773
54 57 3.002951
54 59 2.875656
54 60 4.613644
54 62 4.332252
54 63 4.423813
54 65 3.861003
54 66 3.976063
54 68 2.989083
54 71 4.527035
55 57 2.253842
55 58 2.929176
55 59 3.144888
55 60 3.711046
55 61 4.508188
55 62 4.107889
55 63 4.022653
55 64 4.355665
55 65 4.167106
55 66 2.553007
55 67 3.972413
55 68 2.336272
55 69 2.158044
55 71 1.236751
55 72 4.435232
55 74 3.848561
56 57 3.490963
56 59 3.066201
56 65 4.482087
56 68 3.978733
57 60 3.003184
57 62 2.876215
57 63 4.613461
57 65 4.332548
57 66 4.423297
57 68 3.859739
57 69 3.975721
57 71 2.989298
57 74 4.526048
58 60 2.253872
58 61 2.927460
58 62 3.144264
58 63 3.710904
58 64 4.509219
58 65 4.108133
58 66 4.022821
58 67 4.355917
58 68 4.166253
58 69 2.554395
58 70 3.973013
58 71 2.339216
58 72 2.157404
58 74 1.235771
58 75 4.435707
58 77 3.850265
59 60 3.491429
59 62 3.067064
59 68 4.481876
59 71 3.979760
60 63 3.002721
60 65 2.875826
60 66 4.613378
60 68 4.331366
60 69 4.424144
60 71 3.862040
60 72 3.975530
60 74 2.988246
60 77 4.528087
61 63 2.254363
61 64 2.929173
61 65 3.144785
61 66 3.710844
61 67 4.508905
61 68 4.107179
61 69 4.022663
61 70 4.355021
61 71 4.167267
61 72 2.552659
61 73 3.973006
61 74 2.335731
61 75 2.158867
61 77 1.238408
62 63 3.490000
62 65 3.065762
62 71 4.483385
62 74 3.977930
63 66 3.003215
63 68 2.875494
63 69 4.614096
63 71 4.333200
63 72 4.423606
63 74 3.859669
63 75 3.976542
63 77 2.990321
64 66 2.254555
64 67 2.928573
64 68 3.144897
64 69 3.711382
64 70 4.508654
64 71 4.108281
64 72 4.022946
64 73 4.355436
64 74 4.166383
64 75 2.553379
64 76 3.976536
64 77 2.337689
65 66 3.491076
65 68 3.066148
65 74 4.481400
65 77 3.980154
66 69 3.002821
66 71 2.875360
66 72 4.613309
66 74 4.331072
66 75 4.423913
66 77 3.861576
67 69 2.253890
67 70 2.929275
67 71 3.143753
67 72 3.711641
67 73 4.509489
67 74 4.107968
67 75 4.023377
67 76 4.395364
67 77 4.167694
68 69 3.490041
68 71 3.065318
68 77 4.482798
69 72 3.003428
69 74 2.875882
69 75 4.614320
69 77 4.333623
70 72 2.254573
70 73 2.928061
70 74 3.145248
70 75 3.711013
70 76 4.521979
70 77 4.107934
71 72 3.491446
71 74 3.066750
72 75 3.003636
72 77 2.876437
73 75 2.254278
73 76 2.895133
73 77 3.143962
74 75 3.490929
74 77 3.066586

RESIDUES
ALA 1
 0.0 2.000000
 0.1 2.000000
 0.2 2.000000
 0.3 2.000000
 0.4 2.000000
 0.5 2.000000
 0.6 2.000000
 0.7 2.000000
 0.8 2.000000
 0.9 2.000000
 1.0 1.500000
 1.1 1.500000
 1.2 1.500000
 1.3 1.500000
 1.4 1.500000
 1.5 1.500000
 1.6 1.500000
 1.7 1.500000
 1.8 1.500000
 1.9 1.166667
 2.0 1.000000
 2.1 0.664773
 2.2 0.600000
 2.3 0.522727
 2.4 0.379630
 2.5 0.153846
 2.6 -0.199326
 2.7 -0.535764
 2.8 -0.616472
 2.9 -0.640160
 3.0 -0.641750
 3.1 -0.642691
 3.2 -0.657364
 3.3 -0.678775
 3.4 -0.718154
 3.5 -0.594308
 3.6 -0.454078
 3.7 -0.316692
 3.8 -0.057133
 3.9 0.044950
 4.0 0.139809
 4.1 0.215069
 4.2 0.312569
 4.3 0.320813
 4.4 0.281024
 4.5 0.236304
 4.6 0.222309

ALA 2
 0.0 3.000000
 0.1 3.000000
 0.2 3.000000
 0.3 3.000000
 0.4 3.000000
 0.5 3.000000
 0.6 3.000000
 0.7 3.000000
 0.8 3.000000
 0.9 3.000000
 1.0 2.500000
 1.1 2.500000
 1.2 2.500000
 1.3 2.500000
 1.4 2.500000
 1.5 2.500000
 1.6 2.500000
 1.7 2.500000
 1.8 2.500000
 1.9 2.166667
 2.0 1.888889
 2.1 1.392045
 2.2 1.300000
 2.3 1.204545
 2.4 1.009259
 2.5 0.692308
 2.6 0.246304
 2.7 -0.294191
 2.8 -0.403818
 2.9 -0.580000
 3.0 -0.625200
 3.1 -0.634216
 3.2 -0.763587
 3.3 -1.449117
 3.4 -1.820769
 3.5 -1.692641
 3.6 -1.436741
 3.7 -1.230203
 3.8 -0.859194
 3.9 -0.768306
 4.0 -0.730447
 4.1 -0.628673
 4.2 -0.506100
 4.3 -0.306041
 4.4 -0.255567
 4.5 -0.197435
 4.6 -0.174763

ALA 3
 0.0 3.000000
 0.1 3.000000
 0.2 3.000000
 0.3 3.000000
 0.4 3.000000
 0.5 3.000000
 0.6 3.000000
 0.7 3.000000
 0.8 3.000000
 0.9 3.000000
 1.0 2.500000
 1.1 2.500000
 1.2 2.500000
 1.3 2.500000
 1.4 2.500000
 1.5 2.500000
 1.6 2.500000
 1.7 2.500000
 1.8 2.500000
 1.9 2.000000
 2.0 1.833333
 2.1 1.431818
 2.2 1.350000
 2.3 1.227273
 2.4 1.027778
 2.5 0.730769
 2.6 0.126761
 2.7 -0.451449
 2.8 -0.563101
 2.9 -0.805160
 3.0 -0.866850
 3.1 -0.874753
 3.2 -1.085259
 3.3 -2.123270
 3.4 -2.654000
 3.5 -2.534436
 3.6 -2.149224
 3.7 -1.877227
 3.8 -1.413051
 3.9 -1.211876
 4.0 -1.073170
 4.1 -0.881984
 4.2 -0.573623
 4.3 -0.147978
 4.4 -0.067857
 4.5 -0.038435
 4.6 0.002639

ALA 4
 0.0 3.000000
 0.1 3.000000
 0.2 3.000000
 0.3 3.000000
 0.4 3.000000
 0.5 3.000000
 0.6 3.000000
 0.7 3.000000
 0.8 3.000000
 0.9 3.000000
 1.0 2.666667
 1.1 2.666667
 1.2 2.666667
 1.3 2.666667
 1.4 2.666667
 1.5 2.666667
 1.6 2.666667
 1.7 2.666667
 1.8 2.666667
 1.9 2.166667
 2.0 1.944444
 2.1 1.488636
 2.2 1.400000
 2.3 1.295455
 2.4 1.101852
 2.5 0.794872
 2.6 0.202848
 2.7 -0.440213
 2.8 -0.577792
 2.9 -0.892074
 3.0 -0.958550
 3.1 -0.964134
 3.2 -1.184371
 3.3 -2.282441
 3.4 -2.743692
 3.5 -2.577128
 3.6 -2.208733
 3.7 -1.933221
 3.8 -1.398622
 3.9 -1.071165
 4.0 -0.876362
 4.1 -0.627510
 4.2 -0.273542
 4.3 0.160563
 4.4 0.161242
 4.5 0.141304
 4.6 0.158124

ALA 5
 0.0 3.000000
 0.1 3.000000
 0.2 3.000000
 0.3 3.000000
 0.4 3.000000
 0.5 3.000000
 0.6 3.000000
 0.7 3.000000
 0.8 3.000000
 0.9 3.000000
 1.0 2.500000
 1.1 2.500000
 1.2 2.500000
 1.3 2.500000
 1.4 2.500000
 1.5 2.500000
 1.6 2.500000
 1.7 2.500000
 1.8 2.500000
 1.9 2.166667
 2.0 1.888889
 2.1 1.272727
 2.2 1.150000
 2.3 0.977273
 2.4 0.685185
 2.5 0.243590
 2.6 -0.518239
 2.7 -1.146438
 2.8 -1.341918
 2.9 -1.569309
 3.0 -1.625150
 3.1 -1.635876
 3.2 -1.857783
 3.3 -2.638000
 3.4 -3.012615
 3.5 -2.764897
 3.6 -2.300552
 3.7 -1.879512
 3.8 -1.133724
 3.9 -0.784273
 4.0 -0.539783
 4.1 -0.367347
 4.2 -0.159250
 4.3 0.179687
 4.4 0.123091
 4.5 0.066826
 4.6 0.123227

ALA 6
 0.0 3.000000
 0.1 3.000000
 0.2 3.000000
 0.3 3.000000
 0.4 3.000000
 0.5 3.000000
 0.6 3.000000
 0.7 3.000000
 0.8 3.000000
 0.9 3.000000
 1.0 2.000000
 1.1 2.000000
 1.2 2.000000
 1.3 2.000000
 1.4 2.000000
 1.5 2.000000
 1.6 2.000000
 1.7 2.000000
 1.8 2.000000
 1.9 1.333333
 2.0 1.000000
 2.1 0.409091
 2.2 0.300000
 2.3 0.136364
 2.4 -0.148148
 2.5 -0.564103
 2.6 -1.293630
 2.7 -1.783146
 2.8 -1.459258
 2.9 -1.404213
 3.0 -1.399900
 3.1 -1.376165
 3.2 -1.212895
 3.3 -1.648135
 3.4 -1.973923
 3.5 -1.645359
 3.6 -1.097112
 3.7 -0.583087
 3.8 0.359847
 3.9 0.574942
 4.0 0.758962
 4.1 0.707829
 4.2 0.394465
 4.3 -0.066030
 4.4 -0.328187
 4.5 -0.489696
 4.6 -0.561216

ALA 7
 0.0 3.000000
 0.1 3.000000
 0.2 3.000000
 0.3 3.000000
 0.4 3.000000
 0.5 3.000000
 0.6 3.000000
 0.7 3.000000
 0.8 3.000000
 0.9 3.000000
 1.0 2.000000
 1.1 2.000000
 1.2 2.000000
 1.3 2.000000
 1.4 2.000000
 1.5 2.000000
 1.6 2.000000
 1.7 2.000000
 1.8 2.000000
 1.9 1.333333
 2.0 0.944444
 2.1 0.392045
 2.2 0.300000
 2.3 0.113636
 2.4 -0.194444
 2.5 -0.602564
 2.6 -1.315413
 2.7 -1.764494
 2.8 -1.427836
 2.9 -1.366979
 3.0 -1.374900
 3.1 -1.357258
 3.2 -1.222168
 3.3 -1.657072
 3.4 -1.986692
 3.5 -1.623949
 3.6 -1.114888
 3.7 -0.611337
 3.8 0.323112
 3.9 0.547496
 4.0 0.721302
 4.1 0.671229
 4.2 0.381354
 4.3 -0.047075
 4.4 -0.299663
 4.5 -0.447435
 4.6 -0.496093

ALA 8
 0.0 3.000000
 0.1 3.000000
 0.2 3.000000
 0.3 3.000000
 0.4 3.000000
 0.5 3.000000
 0.6 3.000000
 0.7 3.000000
 0.8 3.000000
 0.9 3.000000
 1.0 2.166667
 1.1 2.166667
 1.2 2.166667
 1.3 2.166667
 1.4 2.166667
 1.5 2.166667
 1.6 2.166667
 1.7 2.166667
 1.8 2.166667
 1.9 1.166667
 2.0 0.777778
 2.1 0.278409
 2.2 0.200000
 2.3 0.045455
 2.4 -0.222222
 2.5 -0.576923
 2.6 -1.217543
 2.7 -1.723213
 2.8 -1.398428
 2.9 -1.390011
 3.0 -1.416550
 3.1 -1.398485
 3.2 -1.261811
 3.3 -1.670586
 3.4 -1.935308
 3.5 -1.452923
 3.6 -0.980552
 3.7 -0.500442
 3.8 0.412296
 3.9 0.634926
 4.0 0.798621
 4.1 0.733984
 4.2 0.418227
 4.3 -0.028440
 4.4 -0.285901
 4.5 -0.440913
 4.6 -0.487227

ALA 9
 0.0 3.000000
 0.1 3.000000
 0.2 3.000000
 0.3 3.000000
 0.4 3.000000
 0.5 3.000000
 0.6 3.000000
 0.7 3.000000
 0.8 3.000000
 0.9 3.000000
 1.0 2.333333
 1.1 2.333333
 1.2 2.333333
 1.3 2.333333
 1.4 2.333333
 1.5 2.333333
 1.6 2.333333
 1.7 2.333333
 1.8 2.333333
 1.9 1.333333
 2.0 0.888889
 2.1 0.215909
 2.2 0.100000
 2.3 -0.068182
 2.4 -0.379630
 2.5 -0.833333
 2.6 -1.445848
 2.7 -1.757011
 2.8 -1.383811
 2.9 -1.345702
 3.0 -1.374900
 3.1 -1.357258
 3.2 -1.214007
 3.3 -1.624036
 3.4 -1.909769
 3.5 -1.367667
 3.6 -0.918931
 3.7 -0.460820
 3.8 0.427551
 3.9 0.625942
 4.0 0.757468
 4.1 0.692408
 4.2 0.383888
 4.3 -0.065582
 4.4 -0.311524
 4.5 -0.452261
 4.6 -0.502052

ALA 10
 0.0 3.000000
 0.1 3.000000
 0.2 3.000000
 0.3 3.000000
 0.4 3.000000
 0.5 3.000000
 0.6 3.000000
 0.7 3.000000
 0.8 3.000000
 0.9 3.000000
 1.0 2.000000
 1.1 2.000000
 1.2 2.000000
 1.3 2.000000
 1.4 2.000000
 1.5 2.000000
 1.6 2.000000
 1.7 2.000000
 1.8 2.000000
 1.9 1.333333
 2.0 0.944444
 2.1 0.352273
 2.2 0.250000
 2.3 0.068182
 2.4 -0.240741
 2.5 -0.666667
 2.6 -1.369717
 2.7 -1.786899
 2.8 -1.434101
 2.9 -1.366979
 3.0 -1.374900
 3.1 -1.355546
 3.2 -1.203559
 3.3 -1.585009
 3.4 -1.884077
 3.5 -1.474333
 3.6 -0.986310
 3.7 -0.503814
 3.8 0.401296
 3.9 0.590198
 4.0 0.714238
 4.1 0.652461
 4.2 0.345769
 4.3 -0.101683
 4.4 -0.347397
 4.5 -0.462435
 4.6 -0.515629

ALA 11
 0.0 3.000000
 0.1 3.000000
 0.2 3.000000
 0.3 3.000000
 0.4 3.000000
 0.5 3.000000
 0.6 3.000000
 0.7 3.000000
 0.8 3.000000
 0.9 3.000000
 1.0 2.000000
 1.1 2.000000
 1.2 2.000000
 1.3 2.000000
 1.4 2.000000
 1.5 2.000000
 1.6 2.000000
 1.7 2.000000
 1.8 2.000000
 1.9 1.333333
 2.0 0.944444
 2.1 0.352273
 2.2 0.250000
 2.3 0.068182
 2.4 -0.240741
 2.5 -0.666667
 2.6 -1.369717
 2.7 -1.723101
 2.8 -1.377384
 2.9 -1.313681
 3.0 -1.324800
 3.1 -1.303897
 3.2 -1.163853
 3.3 -1.544387
 3.4 -1.832692
 3.5 -1.495615
 3.6 -0.993121
 3.7 -0.510547
 3.8 0.380561
 3.9 0.568132
 4.0 0.710664
 4.1 0.649645
 4.2 0.341446
 4.3 -0.072672
 4.4 -0.305623
 4.5 -0.414957
 4.6 -0.460041

ALA 12
 0.0 3.000000
 0.1 3.000000
 0.2 3.000000
 0.3 3.000000
 0.4 3.000000
 0.5 3.000000
 0.6 3.000000
 0.7 3.000000
 0.8 3.000000
 0.9 3.000000
 1.0 2.000000
 1.1 2.000000
 1.2 2.000000
 1.3 2.000000
 1.4 2.000000
 1.5 2.000000
 1.6 2.000000
 1.7 2.000000
 1.8 2.000000
 1.9 1.166667
 2.0 0.833333
 2.1 0.375000
 2.2 0.300000
 2.3 0.113636
 2.4 -0.175926
 2.5 -0.538462
 2.6 -1.293652
 2.7 -1.794427
 2.8 -1.446704
 2.9 -1.409585
 3.0 -1.424950
 3.1 -1.405423
 3.2 -1.267699
 3.3 -1.709604
 3.4 -1.999308
 3.5 -1.538308
 3.6 -1.032681
 3.7 -0.546471
 3.8 0.380480
 3.9 0.591512
 4.0 0.730451
 4.1 0.664090
 4.2 0.365227
 4.3 -0.069892
 4.4 -0.330996
 4.5 -0.463261
 4.6 -0.510258

ALA 13
 0.0 3.000000
 0.1 3.000000
 0.2 3.000000
 0.3 3.000000
 0.4 3.000000
 0.5 3.000000
 0.6 3.000000
 0.7 3.000000
 0.8 3.000000
 0.9 3.000000
 1.0 2.333333
 1.1 2.333333
 1.2 2.333333
 1.3 2.333333
 1.4 2.333333
 1.5 2.333333
 1.6 2.333333
 1.7 2.333333
 1.8 2.333333
 1.9 1.333333
 2.0 1.000000
 2.1 0.369318
 2.2 0.250000
 2.3 0.068182
 2.4 -0.240741
 2.5 -0.692308
 2.6 -1.424087
 2.7 -1.738090
 2.8 -1.421434
 2.9 -1.382883
 3.0 -1.399850
 3.1 -1.379546
 3.2 -1.268818
 3.3 -1.696162
 3.4 -1.999462
 3.5 -1.474462
 3.6 -0.983750
 3.7 -0.509797
 3.8 0.399969
 3.9 0.618331
 4.0 0.741128
 4.1 0.669882
 4.2 0.360900
 4.3 -0.057780
 4.4 -0.316425
 4.5 -0.449522
 4.6 -0.493649

ALA 14
 0.0 3.000000
 0.1 3.000000
 0.2 3.000000
 0.3 3.000000
 0.4 3.000000
 0.5 3.000000
 0.6 3.000000
 0.7 3.000000
 0.8 3.000000
 0.9 3.000000
 1.0 2.166667
 1.1 2.166667
 1.2 2.166667
 1.3 2.166667
 1.4 2.166667
 1.5 2.166667
 1.6 2.166667
 1.7 2.166667
 1.8 2.166667
 1.9 1.333333
 2.0 1.000000
 2.1 0.409091
 2.2 0.300000
 2.3 0.113636
 2.4 -0.194444
 2.5 -0.628205
 2.6 -1.380609
 2.7 -1.786899
 2.8 -1.436176
 2.9 -1.400649
 3.0 -1.416550
 3.1 -1.396763
 3.2 -1.260643
 3.3 -1.676631
 3.4 -1.948231
 3.5 -1.495744
 3.6 -1.016991
 3.7 -0.543628
 3.8 0.376276
 3.9 0.595686
 4.0 0.736919
 4.1 0.675253
 4.2 0.389304
 4.3 -0.029836
 4.4 -0.286187
 4.5 -0.416174
 4.6 -0.454598

ALA 15
 0.0 3.000000
 0.1 3.000000
 0.2 3.000000
 0.3 3.000000
 0.4 3.000000
 0.5 3.000000
 0.6 3.000000
 0.7 3.000000
 0.8 3.000000
 0.9 3.000000
 1.0 2.000000
 1.1 2.000000
 1.2 2.000000
 1.3 2.000000
 1.4 2.000000
 1.5 2.000000
 1.6 2.000000
 1.7 2.000000
 1.8 2.000000
 1.9 1.500000
 2.0 1.055556
 2.1 0.329545
 2.2 0.200000
 2.3 0.000000
 2.4 -0.351852
 2.5 -0.858974
 2.6 -1.565370
 2.7 -1.756787
 2.8 -1.368981
 2.9 -1.311872
 3.0 -1.333100
 3.1 -1.312454
 3.2 -1.188301
 3.3 -1.629991
 3.4 -1.922538
 3.5 -1.538436
 3.6 -1.042802
 3.7 -0.546012
 3.8 0.381673
 3.9 0.581835
 4.0 0.750281
 4.1 0.674204
 4.2 0.352181
 4.3 -0.104522
 4.4 -0.350944
 4.5 -0.494957
 4.6 -0.533072

ALA 16
 0.0 3.000000
 0.1 3.000000
 0.2 3.000000
 0.3 3.000000
 0.4 3.000000
 0.5 3.000000
 0.6 3.000000
 0.7 3.000000
 0.8 3.000000
 0.9 3.000000
 1.0 2.166667
 1.1 2.166667
 1.2 2.166667
 1.3 2.166667
 1.4 2.166667
 1.5 2.166667
 1.6 2.166667
 1.7 2.166667
 1.8 2.166667
 1.9 1.333333
 2.0 0.944444
 2.1 0.392045
 2.2 0.300000
 2.3 0.113636
 2.4 -0.194444
 2.5 -0.602564
 2.6 -1.326239
 2.7 -1.786899
 2.8 -1.423686
 2.9 -1.374160
 3.0 -1.391650
 3.1 -1.372814
 3.2 -1.223483
 3.3 -1.598532
 3.4 -1.871154
 3.5 -1.495615
 3.6 -0.997552
 3.7 -0.513110
 3.8 0.380765
 3.9 0.603802
 4.0 0.781430
 4.1 0.714408
 4.2 0.405088
 4.3 -0.038970
 4.4 -0.297063
 4.5 -0.447739
 4.6 -0.495093

ALA 17
 0.0 3.000000
 0.1 3.000000
 0.2 3.000000
 0.3 3.000000
 0.4 3.000000
 0.5 3.000000
 0.6 3.000000
 0.7 3.000000
 0.8 3.000000
 0.9 3.000000
 1.0 2.000000
 1.1 2.000000
 1.2 2.000000
 1.3 2.000000
 1.4 2.000000
 1.5 2.000000
 1.6 2.000000
 1.7 2.000000
 1.8 2.000000
 1.9 1.166667
 2.0 0.888889
 2.1 0.312500
 2.2 0.200000
 2.3 0.000000
 2.4 -0.314815
 2.5 -0.756410
 2.6 -1.521891
 2.7 -1.775551
 2.8 -1.366994
 2.9 -1.294266
 3.0 -1.316550
 3.1 -1.295392
 3.2 -1.147650
 3.3 -1.521892
 3.4 -1.794231
 3.5 -1.431513
 3.6 -0.941466
 3.7 -0.464099
 3.8 0.403459
 3.9 0.595653
 4.0 0.758153
 4.1 0.682641
 4.2 0.358008
 4.3 -0.091052
 4.4 -0.330655
 4.5 -0.465217
 4.6 -0.511041

ALA 18
 0.0 3.000000
 0.1 3.000000
 0.2 3.000000
 0.3 3.000000
 0.4 3.000000
 0.5 3.000000
 0.6 3.000000
 0.7 3.000000
 0.8 3.000000
 0.9 3.000000
 1.0 2.333333
 1.1 2.333333
 1.2 2.333333
 1.3 2.333333
 1.4 2.333333
 1.5 2.333333
 1.6 2.333333
 1.7 2.333333
 1.8 2.333333
 1.9 1.333333
 2.0 1.000000
 2.1 0.409091
 2.2 0.300000
 2.3 0.113636
 2.4 -0.194444
 2.5 -0.628205
 2.6 -1.348000
 2.7 -1.670674
 2.8 -1.341736
 2.9 -1.294160
 3.0 -1.316450
 3.1 -1.298722
 3.2 -1.184804
 3.3 -1.593946
 3.4 -1.896846
 3.5 -1.517026
 3.6 -1.033466
 3.7 -0.551349
 3.8 0.365204
 3.9 0.592190
 4.0 0.763089
 4.1 0.721918
 4.2 0.436323
 4.3 -0.000493
 4.4 -0.265417
 4.5 -0.406391
 4.6 -0.463268

ALA 19
 0.0 3.000000
 0.1 3.000000
 0.2 3.000000
 0.3 3.000000
 0.4 3.000000
 0.5 3.000000
 0.6 3.000000
 0.7 3.000000
 0.8 3.000000
 0.9 3.000000
 1.0 2.166667
 1.1 2.166667
 1.2 2.166667
 1.3 2.166667
 1.4 2.166667
 1.5 2.166667
 1.6 2.166667
 1.7 2.166667
 1.8 2.166667
 1.9 1.333333
 2.0 1.000000
 2.1 0.289773
 2.2 0.150000
 2.3 -0.045455
 2.4 -0.379630
 2.5 -0.884615
 2.6 -1.587130
 2.7 -1.741865
 2.8 -1.366906
 2.9 -1.278202
 3.0 -1.291450
 3.1 -1.272948
 3.2 -1.138175
 3.3 -1.523414
 3.4 -1.832846
 3.5 -1.495744
 3.6 -0.994483
 3.7 -0.514634
 3.8 0.361704
 3.9 0.542537
 4.0 0.673685
 4.1 0.630971
 4.2 0.332258
 4.3 -0.082332
 4.4 -0.310948
 4.5 -0.408783
 4.6 -0.469918

ALA 20
 0.0 3.000000
 0.1 3.000000
 0.2 3.000000
 0.3 3.000000
 0.4 3.000000
 0.5 3.000000
 0.6 3.000000
 0.7 3.000000
 0.8 3.000000
 0.9 3.000000
 1.0 2.000000
 1.1 2.000000
 1.2 2.000000
 1.3 2.000000
 1.4 2.000000
 1.5 2.000000
 1.6 2.000000
 1.7 2.000000
 1.8 2.000000
 1.9 1.333333
 2.0 1.000000
 2.1 0.448864
 2.2 0.350000
 2.3 0.181818
 2.4 -0.101852
 2.5 -0.500000
 2.6 -1.217543
 2.7 -1.648180
 2.8 -1.345975
 2.9 -1.313734
 3.0 -1.324850
 3.1 -1.303948
 3.2 -1.175594
 3.3 -1.595541
 3.4 -1.884077
 3.5 -1.538436
 3.6 -1.059345
 3.7 -0.582849
 3.8 0.314204
 3.9 0.517818
 4.0 0.671643
 4.1 0.631539
 4.2 0.360742
 4.3 -0.078332
 4.4 -0.317417
 4.5 -0.442870
 4.6 -0.498948

ALA 21
 0.0 3.000000
 0.1 3.000000
 0.2 3.000000
 0.3 3.000000
 0.4 3.000000
 0.5 3.000000
 0.6 3.000000
 0.7 3.000000
 0.8 3.000000
 0.9 3.000000
 1.0 2.500000
 1.1 2.500000
 1.2 2.500000
 1.3 2.500000
 1.4 2.500000
 1.5 2.500000
 1.6 2.500000
 1.7 2.500000
 1.8 2.500000
 1.9 1.500000
 2.0 1.111111
 2.1 0.346591
 2.2 0.200000
 2.3 0.000000
 2.4 -0.351852
 2.5 -0.884615
 2.6 -1.608848
 2.7 -1.835551
 2.8 -1.488553
 2.9 -1.402404
 3.0 -1.408200
 3.1 -1.389876
 3.2 -1.257147
 3.3 -1.613586
 3.4 -1.909769
 3.5 -1.559846
 3.6 -1.047353
 3.7 -0.567244
 3.8 0.327041
 3.9 0.538950
 4.0 0.675047
 4.1 0.625918
 4.2 0.318115
 4.3 -0.103149
 4.4 -0.370238
 4.5 -0.482870
 4.6 -0.548680

ALA 22
 0.0 3.000000
 0.1 3.000000
 0.2 3.000000
 0.3 3.000000
 0.4 3.000000
 0.5 3.000000
 0.6 3.000000
 0.7 3.000000
 0.8 3.000000
 0.9 3.000000
 1.0 2.500000
 1.1 2.500000
 1.2 2.500000
 1.3 2.500000
 1.4 2.500000
 1.5 2.500000
 1.6 2.500000
 1.7 2.500000
 1.8 2.500000
 1.9 2.166667
 2.0 1.944444
 2.1 1.369318
 2.2 1.250000
 2.3 1.045455
 2.4 0.731481
 2.5 0.282051
 2.6 -0.583457
 2.7 -1.142461
 2.8 -1.314245
 2.9 -1.508468
 3.0 -1.557900
 3.1 -1.566546
 3.2 -1.801126
 3.3 -2.611856
 3.4 -3.025000
 3.5 -2.807462
 3.6 -2.231483
 3.7 -1.707855
 3.8 -0.814327
 3.9 -0.553314
 4.0 -0.341060
 4.1 -0.303286
 4.2 -0.282827
 4.3 -0.217660
 4.4 -0.326940
 4.5 -0.382348
 4.6 -0.315010

ALA 23
 0.0 3.000000
 0.1 3.000000
 0.2 3.000000
 0.3 3.000000
 0.4 3.000000
 0.5 3.000000
 0.6 3.000000
 0.7 3.000000
 0.8 3.000000
 0.9 3.000000
 1.0 2.666667
 1.1 2.666667
 1.2 2.666667
 1.3 2.666667
 1.4 2.666667
 1.5 2.666667
 1.6 2.666667
 1.7 2.666667
 1.8 2.666667
 1.9 2.166667
 2.0 1.944444
 2.1 1.409091
 2.2 1.300000
 2.3 1.181818
 2.4 0.962963
 2.5 0.602564
 2.6 0.101304
 2.7 -0.253022
 2.8 -0.623767
 2.9 -0.900798
 3.0 -0.966750
 3.1 -0.986320
 3.2 -1.341462
 3.3 -2.168153
 3.4 -2.564000
 3.5 -2.365410
 3.6 -1.797353
 3.7 -1.266669
 3.8 -0.338265
 3.9 -0.032405
 4.0 0.215366
 4.1 0.327380
 4.2 0.284715
 4.3 0.141030
 4.4 -0.057210
 4.5 -0.162174
 4.6 -0.217227

ALA 24
 0.0 3.000000
 0.1 3.000000
 0.2 3.000000
 0.3 3.000000
 0.4 3.000000
 0.5 3.000000
 0.6 3.000000
 0.7 3.000000
 0.8 3.000000
 0.9 3.000000
 1.0 2.666667
 1.1 2.666667
 1.2 2.666667
 1.3 2.666667
 1.4 2.666667
 1.5 2.666667
 1.6 2.666667
 1.7 2.666667
 1.8 2.666667
 1.9 2.166667
 2.0 1.944444
 2.1 1.528409
 2.2 1.450000
 2.3 1.340909
 2.4 1.148148
 2.5 0.858974
 2.6 0.351326
 2.7 -0.283067
 2.8 -0.663679
 2.9 -0.945213
 3.0 -1.008500
 3.1 -1.031082
 3.2 -1.354343
 3.3 -2.157595
 3.4 -2.563846
 3.5 -2.422859
 3.6 -1.841457
 3.7 -1.288901
 3.8 -0.346816
 3.9 -0.061215
 4.0 0.218821
 4.1 0.390029
 4.2 0.430796
 4.3 0.337937
 4.4 0.183123
 4.5 0.086174
 4.6 0.020639

ALA 25
 0.0 3.000000
 0.1 3.000000
 0.2 3.000000
 0.3 3.000000
 0.4 3.000000
 0.5 3.000000
 0.6 3.000000
 0.7 3.000000
 0.8 3.000000
 0.9 3.000000
 1.0 2.500000
 1.1 2.500000
 1.2 2.500000
 1.3 2.500000
 1.4 2.500000
 1.5 2.500000
 1.6 2.500000
 1.7 2.500000
 1.8 2.500000
 1.9 2.000000
 2.0 1.833333
 2.1 1.352273
 2.2 1.250000
 2.3 1.136364
 2.4 0.935185
 2.5 0.602564
 2.6 0.112217
 2.7 -0.350213
 2.8 -0.673956
 2.9 -0.927287
 3.0 -0.991650
 3.1 -1.015433
 3.2 -1.320448
 3.3 -2.120072
 3.4 -2.538308
 3.5 -2.459385
 3.6 -2.034095
 3.7 -1.608227
 3.8 -0.855786
 3.9 -0.587372
 4.0 -0.340038
 4.1 -0.148910
 4.2 -0.013065
 4.3 0.049556
 4.4 -0.015302
 4.5 -0.081261
 4.6 -0.104371

ALA 26
 0.0 0.000000
 0.1 0.000000
 0.2 0.000000
 0.3 0.000000
 0.4 0.000000
 0.5 0.000000
 0.6 0.000000
 0.7 0.000000
 0.8 0.000000
 0.9 0.000000
 1.0 0.000000
 1.1 0.000000
 1.2 0.000000
 1.3 0.000000
 1.4 0.000000
 1.5 0.000000
 1.6 0.000000
 1.7 0.000000
 1.8 0.000000
 1.9 0.000000
 2.0 0.000000
 2.1 0.000000
 2.2 0.000000
 2.3 0.000000
 2.4 0.000000
 2.5 0.000000
 2.6 0.000000
 2.7 0.000000
 2.8 0.000000
 2.9 0.000000
 3.0 0.000000
 3.1 0.000000
 3.2 0.000000
 3.3 0.000000
 3.4 0.000000
 3.5 0.000000
 3.6 0.000000
 3.7 0.000000
 3.8 0.000000
 3.9 0.000000
 4.0 0.000000
 4.1 0.000000
 4.2 0.000000
 4.3 0.000000
 4.4 0.000000
 4.5 0.000000
 4.6 0.000000

