ATOMS
CA -9.053 -12.587 -12.097
HA -8.696 -13.097 -11.202

CA -8.679 -8.930 -13.068
HA -7.633 -8.888 -13.372

CA -10.254 -7.841 -9.784
HA -10.252 -6.756 -9.887

CA -7.858 -10.059 -7.837
HA -8.183 -9.888 -6.810

CA -4.889 -8.563 -9.681
HA -4.057 -9.118 -9.247

CA -6.091 -5.047 -8.874
HA -5.432 -4.410 -9.464

CA -5.472 -6.125 -5.280
HA -6.196 -5.541 -4.711

CA -1.898 -5.069 -6.033
HA -1.300 -5.714 -5.389

CA -3.180 -1.612 -5.107
HA -2.557 -0.941 -5.700

CA -2.429 -2.754 -1.560
HA -3.154 -2.207 -0.957

CA 1.090 -1.574 -2.383
HA 1.685 -2.133 -1.661

CA -0.038 2.054 -2.249
HA 0.885 2.582 -2.491

CA -1.639 1.487 1.153
HA -2.059 2.470 1.366

CA 1.571 -0.074 2.463
HA 1.289 -0.335 3.483

CA 3.586 2.906 1.232
HA 4.598 2.620 1.516

CA 1.204 5.304 2.973
HA 1.630 6.271 2.706

CA 1.082 3.587 6.362
HA 0.734 4.395 7.007

CA 4.489 1.905 6.245
HA 4.678 1.714 7.301

CA 6.221 4.344 3.899
HA 7.272 4.147 4.112

CA 4.146 7.430 4.692
HA 4.804 8.231 4.353

CA 3.118 6.501 8.232
HA 2.848 7.472 8.645

CA 6.326 4.515 8.700
HA 6.202 4.132 9.713

CA 8.394 7.473 7.506
HA 9.406 7.070 7.555

CA 6.621 9.773 9.959
HA 7.093 10.732 9.744

CA 7.320 7.358 12.811
HA 6.843 7.864 13.651

EDGES
1 3 3.802153
1 4 4.162286
1 5 5.414507
1 6 6.349981
1 7 5.095725
1 8 5.999489
1 9 6.274434
1 10 6.716880
1 11 8.718530
1 12 9.322428
1 13 10.052487
1 14 10.600074
2 3 4.565757
2 4 4.853303
2 5 5.662475
2 6 6.660228
2 7 4.610305
2 8 5.463562
2 9 6.112597
2 10 6.416758
2 11 8.775426
2 12 9.441309
2 13 9.699126
2 14 10.270161
2 15 11.720928
2 16 11.958281
3 5 3.801474
3 6 4.161654
3 7 5.414060
3 8 6.350303
3 9 5.096132
3 10 5.999856
3 11 6.274159
3 12 6.630402
3 13 8.877264
3 14 9.353612
3 15 10.506213
3 16 11.124717
4 5 4.565040
4 6 4.852815
4 7 5.661986
4 8 6.660506
4 9 4.610709
4 10 5.464092
4 11 6.112532
4 12 6.337929
4 13 8.819555
4 14 9.395760
4 15 10.066574
4 16 10.672837
4 17 11.877694
5 7 3.801467
5 8 4.162202
5 9 5.414344
5 10 6.349953
5 11 5.095597
5 12 5.926706
5 13 6.789565
5 14 6.891494
5 15 9.569573
5 16 10.198739
5 17 10.522179
5 18 11.114534
6 7 4.565473
6 8 4.853670
6 9 5.662990
6 10 6.660831
6 11 4.610940
6 12 5.377271
6 13 6.668659
6 14 6.687177
6 15 9.353534
6 16 10.072540
6 17 9.966058
6 18 10.514667
7 9 3.801751
7 10 4.161872
7 11 5.414592
7 12 6.359544
7 13 5.263801
7 14 5.739899
7 15 7.979732
7 16 8.238877
7 17 10.034361
7 18 10.761287
7 19 11.056120
7 20 11.450586
8 9 4.566038
8 10 4.853426
8 11 5.663201
8 12 6.679835
8 13 4.883707
8 14 5.220190
8 15 7.957871
8 16 8.174179
8 17 9.819491
8 18 10.626984
8 19 10.562432
8 20 10.887893
9 11 3.802408
9 12 4.193966
9 13 5.064833
9 14 5.961680
9 15 5.870436
9 16 6.278454
9 17 8.494619
9 18 8.909628
9 19 10.283323
9 20 10.932389
9 21 11.741182
10 11 4.566106
10 12 4.909478
10 13 5.166949
10 14 6.159996
10 15 5.602274
10 16 5.837159
10 17 8.616772
10 18 9.038503
10 19 10.111422
10 20 10.830578
10 21 11.424449
10 22 11.802889
11 13 3.802904
11 14 4.193522
11 15 5.064880
11 16 5.961862
11 17 5.870557
11 18 6.278747
11 19 8.494863
11 20 8.909010
11 21 10.284044
11 22 10.999315
11 23 11.443497
12 13 4.522022
12 14 4.945085
12 15 4.969426
12 16 5.948064
12 17 5.646570
12 18 5.870884
12 19 8.615890
12 20 9.078080
12 21 10.035932
12 22 10.803852
12 23 11.087595
12 24 11.722426
13 15 3.802055
13 16 4.193613
13 17 5.064619
13 18 5.962171
13 19 5.870425
13 20 6.277912
13 21 8.494943
13 22 8.958564
13 23 10.276739
13 24 11.135610
13 25 10.677917
13 26 11.388236
14 15 4.521424
14 16 4.945749
14 17 4.968915
14 18 5.948146
14 19 5.646810
14 20 5.870420
14 21 8.616407
14 22 9.111922
14 23 10.082977
14 24 11.002367
14 25 10.224751
14 26 10.872940
14 27 11.902968
15 17 3.801559
15 18 4.193513
15 19 5.064476
15 20 5.961070
15 21 5.870747
15 22 6.369644
15 23 8.277402
15 24 8.878550
15 25 9.730715
15 26 10.564452
15 27 10.448254
15 28 11.096034
16 17 4.521098
16 18 4.945533
16 19 4.969656
16 20 5.948024
16 21 5.646923
16 22 5.969235
16 23 8.473138
16 24 9.055178
16 25 9.734839
16 26 10.638795
16 27 10.084946
16 28 10.693407
16 29 11.917006
17 19 3.801233
17 20 4.192517
17 21 5.065029
17 22 5.984529
17 23 5.610694
17 24 6.399790
17 25 7.153047
17 26 7.734280
17 27 9.068757
17 28 9.766821
17 29 10.313777
17 30 11.057633
17 31 11.503778
18 19 4.521388
18 20 4.945221
18 21 4.970290
18 22 5.977370
18 23 5.217738
18 24 5.878484
18 25 7.328132
18 26 7.862015
18 27 9.188397
18 28 9.974289
18 29 10.029381
18 30 10.767795
18 31 11.329875
18 32 11.840809
19 21 3.801722
19 22 4.161831
19 23 5.413729
19 24 6.349981
19 25 5.096131
19 26 5.999046
19 27 6.274307
19 28 6.716170
19 29 8.718434
19 30 9.365916
19 31 9.933687
19 32 10.776125
19 33 10.737480
19 34 11.597683
19 35 11.422917
20 21 4.521692
20 22 4.890502
20 23 5.434597
20 24 6.449899
20 25 4.515857
20 26 5.335699
20 27 6.210613
20 28 6.554253
20 29 8.738540
20 30 9.460928
20 31 9.531641
20 32 10.400996
20 33 10.250946
20 34 11.051165
20 35 11.277978
21 23 3.801674
21 24 4.162454
21 25 5.414837
21 26 6.350208
21 27 5.095594
21 28 5.998723
21 29 6.274443
21 30 6.715497
21 31 8.718177
21 32 9.366619
21 33 10.154359
21 34 11.132286
21 35 9.904495
21 36 10.838106
21 37 10.040588
21 38 10.636352
21 39 11.851868
22 23 4.565681
22 24 4.853877
22 25 5.663212
22 26 6.660921
22 27 4.610841
22 28 5.463548
22 29 6.113491
22 30 6.416378
22 31 8.775778
22 32 9.471057
22 33 9.871704
22 34 10.892815
22 35 9.309817
22 36 10.201711
22 37 9.666459
22 38 10.197083
22 39 11.741725
23 25 3.802406
23 26 4.162418
23 27 5.414814
23 28 6.350124
23 29 5.096728
23 30 5.999006
23 31 6.274898
23 32 6.716944
23 33 8.817812
23 34 9.578612
23 35 9.626212
23 36 10.656395
23 37 9.067364
23 38 9.913580
23 39 9.725467
23 40 10.256057
23 41 11.814716
24 25 4.565998
24 26 4.853466
24 27 5.662777
24 28 6.660389
24 29 4.610977
24 30 5.462954
24 31 6.112801
24 32 6.416584
24 33 8.912039
24 34 9.670666
24 35 9.474431
24 36 10.536771
24 37 8.509385
24 38 9.318938
24 39 9.259196
24 40 9.701036
24 41 11.633038
25 27 3.802226
25 28 4.161943
25 29 5.414834
25 30 6.349459
25 31 5.095541
25 32 5.998735
25 33 6.240795
25 34 6.953913
25 35 7.978444
25 36 8.817818
25 37 8.802418
25 38 9.758955
25 39 9.017205
25 40 9.860719
25 41 9.893507
25 42 10.586948
25 43 11.382760
25 44 11.905919
26 27 4.566426
26 28 4.853743
26 29 5.663398
26 30 6.660379
26 31 4.610984
26 32 5.463691
26 33 6.006129
26 34 6.582352
26 35 8.185363
26 36 9.010157
26 37 8.859253
26 38 9.870178
26 39 8.611963
26 40 9.445214
26 41 9.496960
26 42 10.103588
26 43 11.325979
26 44 11.860808
27 29 3.802103
27 30 4.161391
27 31 5.414580
27 32 6.349926
27 33 5.370684
27 34 6.428100
27 35 5.170560
27 36 6.021348
27 37 6.572923
27 38 7.282681
27 39 8.240697
27 40 9.110292
27 41 8.882860
27 42 9.838189
27 43 9.086755
27 44 9.575965
27 45 11.355280
27 46 11.762331
28 29 4.565883
28 30 4.852896
28 31 5.662654
28 32 6.660274
28 33 4.869659
28 34 5.924483
28 35 4.783957
28 36 5.500986
28 37 6.811073
28 38 7.502017
28 39 8.361779
28 40 9.299918
28 41 8.522273
28 42 9.488202
28 43 8.724159
28 44 9.105194
28 45 11.297363
28 46 11.717547
29 31 3.802027
29 32 4.161951
29 33 5.748972
29 34 6.610722
29 35 5.191106
29 36 6.280612
29 37 4.015465
29 38 4.839533
29 39 5.722917
29 40 6.291247
29 41 7.883086
29 42 8.737595
29 43 8.115880
29 44 8.959570
29 45 9.128934
29 46 9.549431
29 47 11.512056
30 31 4.565736
30 32 4.853342
30 33 6.064739
30 34 6.944941
30 35 4.783989
30 36 5.856062
30 37 3.359315
30 38 4.027558
30 39 5.781642
30 40 6.290813
30 41 7.896659
30 42 8.799264
30 43 7.628032
30 44 8.488214
30 45 8.593098
30 46 8.910044
30 47 11.249097
30 48 11.820726
31 33 3.801091
31 34 4.161771
31 35 5.748949
31 36 6.609717
31 37 5.191278
31 38 6.281448
31 39 4.016242
31 40 4.840633
31 41 5.723049
31 42 6.290830
31 43 7.723725
31 44 8.472378
31 45 8.772044
31 46 9.559617
31 47 9.905556
31 48 10.487609
31 49 11.764804
32 33 4.568424
32 34 4.777111
32 35 6.305581
32 36 7.153361
32 37 5.119947
32 38 6.190345
32 39 3.408480
32 40 4.077804
32 41 5.727453
32 42 6.180424
32 43 7.814345
32 44 8.635772
32 45 8.380722
32 46 9.198770
32 47 9.475236
32 48 9.963851
32 49 11.647691
33 35 3.801376
33 36 4.161858
33 37 5.748803
33 38 6.610008
33 39 5.190919
33 40 6.281409
33 41 4.016664
33 42 4.839842
33 43 5.816095
33 44 6.143340
33 45 8.359131
33 46 9.101841
33 47 9.049062
33 48 9.930814
33 49 9.732558
33 50 10.227970
34 35 4.569548
34 36 4.778005
34 37 6.306301
34 38 7.154577
34 39 5.119785
34 40 6.190599
34 41 3.408712
34 42 4.076760
34 43 5.843895
34 44 6.106605
34 45 8.270350
34 46 9.091728
34 47 8.502585
34 48 9.385394
34 49 9.265052
34 50 9.669363
35 37 3.801613
35 38 4.161892
35 39 5.749355
35 40 6.610383
35 41 5.191438
35 42 6.280475
35 43 4.026623
35 44 4.463286
35 45 6.916775
35 46 7.250532
35 47 8.957937
35 48 9.845798
35 49 8.992337
35 50 9.792846
36 37 4.568518
36 38 4.776824
36 39 6.305756
36 40 7.153871
36 41 5.120130
36 42 6.189491
36 43 3.538178
36 44 3.739926
36 45 6.856877
36 46 7.148793
36 47 8.705613
36 48 9.650119
36 49 8.318353
36 50 9.101221
37 39 3.802351
37 40 4.162064
37 41 5.749448
37 42 6.609541
37 43 4.805192
37 44 5.817895
37 45 5.246239
37 46 5.562521
37 47 8.146020
37 48 8.702353
37 49 9.471839
37 50 10.386471
38 39 4.570160
38 40 4.777882
38 41 6.306460
38 42 7.153705
38 43 4.698945
38 44 5.702309
38 45 4.882663
38 46 4.995211
38 47 8.140214
38 48 8.666815
38 49 9.272833
38 50 10.246592
39 41 3.801503
39 42 4.160863
39 43 5.414212
39 44 6.349361
39 45 5.095679
39 46 5.999497
39 47 6.273481
39 48 6.716451
39 49 8.717661
39 50 9.366208
40 41 4.569698
40 42 4.777372
40 43 5.917901
40 44 6.890994
40 45 4.837776
40 46 5.725306
40 47 6.091510
40 48 6.368469
40 49 8.867364
40 50 9.526018
41 43 3.801905
41 44 4.161319
41 45 5.413690
41 46 6.349885
41 47 5.095049
41 48 5.999011
41 49 6.273635
41 50 6.715576
42 43 4.565453
42 44 4.852375
42 45 5.661752
42 46 6.660110
42 47 4.610502
42 48 5.464012
42 49 6.112883
42 50 6.416676
43 45 3.801582
43 46 4.162385
43 47 5.414672
43 48 6.350537
43 49 5.096176
43 50 5.999624
44 45 4.564865
44 46 4.853290
44 47 5.661886
44 48 6.659943
44 49 4.610272
44 50 5.463200
45 47 3.801413
45 48 4.162010
45 49 5.413846
45 50 6.349764
46 47 4.565266
46 48 4.853033
46 49 5.662144
46 50 6.660377
47 49 3.801938
47 50 4.162262
48 49 4.565292
48 50 4.853099

RESIDUES
ALA 1
 0.0 2.000000
 0.1 2.000000
 0.2 2.000000
 0.3 2.000000
 0.4 2.000000
 0.5 2.000000
 0.6 2.000000
 0.7 2.000000
 0.8 2.000000
 0.9 2.000000
 1.0 2.000000
 1.1 2.000000
 1.2 2.000000
 1.3 2.000000
 1.4 2.000000
 1.5 2.000000
 1.6 2.000000
 1.7 2.000000
 1.8 2.000000
 1.9 2.000000
 2.0 2.000000
 2.1 2.000000
 2.2 2.000000
 2.3 2.000000
 2.4 2.000000
 2.5 2.000000
 2.6 2.000000
 2.7 2.000000
 2.8 2.000000
 2.9 2.000000
 3.0 2.000000
 3.1 2.000000
 3.2 2.000000
 3.3 2.000000
 3.4 2.000000
 3.5 2.000000
 3.6 2.000000
 3.7 2.000000
 3.8 1.666667
 3.9 1.666667
 4.0 1.500000
 4.1 1.500000
 4.2 1.125000
 4.3 1.125000
 4.4 1.125000
 4.5 1.000000
 4.6 0.428571
 4.7 0.000000
 4.8 0.000000
 4.9 -0.450000
 5.0 -0.500000
 5.1 -0.750000
 5.2 -1.000000
 5.3 -1.000000
 5.4 -0.500400
 5.5 -0.417333
 5.6 -0.584000
 5.7 0.167000
 5.8 0.167000
 5.9 0.167000
 6.0 0.092778
 6.1 0.026800
 6.2 0.067000
 6.3 0.135333
 6.4 0.221250
 6.5 0.234000
 6.6 0.234000
 6.7 0.306250
 6.8 0.400000
 6.9 0.400000
 7.0 0.400000
 7.1 0.400000
 7.2 0.400000
 7.3 0.400000
 7.4 0.400000
 7.5 0.400000
 7.6 0.400000
 7.7 0.400000
 7.8 0.400000
 7.9 0.400000
 8.0 0.400000
 8.1 0.400000
 8.2 0.400000
 8.3 0.400000
 8.4 0.400000
 8.5 0.400000
 8.6 0.400000
 8.7 0.350000
 8.8 0.214286
 8.9 0.200000
 9.0 0.200000
 9.1 0.200000
 9.2 0.200000
 9.3 0.185714
 9.4 0.071429
 9.5 0.000000
 9.6 0.000000
 9.7 0.042600
 9.8 0.071000
 9.9 0.071000
 10.0 0.071000
 10.1 0.142000
 10.2 0.142000
 10.3 0.193429
 10.4 0.214000
 10.5 0.214000
 10.6 0.255143
 10.7 0.286000
 10.8 0.286000
 10.9 0.286000
 11.0 0.286000
 11.1 0.286000
 11.2 0.286000
 11.3 0.286000
 11.4 0.286000
 11.5 0.286000
 11.6 0.286000
 11.7 0.228400
 11.8 0.214000
 11.9 0.214000

ALA 2
 0.0 2.000000
 0.1 2.000000
 0.2 2.000000
 0.3 2.000000
 0.4 2.000000
 0.5 2.000000
 0.6 2.000000
 0.7 2.000000
 0.8 2.000000
 0.9 2.000000
 1.0 2.000000
 1.1 2.000000
 1.2 2.000000
 1.3 2.000000
 1.4 2.000000
 1.5 2.000000
 1.6 2.000000
 1.7 2.000000
 1.8 2.000000
 1.9 2.000000
 2.0 2.000000
 2.1 2.000000
 2.2 2.000000
 2.3 2.000000
 2.4 2.000000
 2.5 2.000000
 2.6 2.000000
 2.7 2.000000
 2.8 2.000000
 2.9 2.000000
 3.0 2.000000
 3.1 2.000000
 3.2 2.000000
 3.3 2.000000
 3.4 2.000000
 3.5 2.000000
 3.6 2.000000
 3.7 2.000000
 3.8 1.166667
 3.9 1.166667
 4.0 1.000000
 4.1 1.000000
 4.2 0.250000
 4.3 0.250000
 4.4 0.250000
 4.5 0.000000
 4.6 -1.000000
 4.7 -1.500000
 4.8 -1.500000
 4.9 -2.400000
 5.0 -2.500000
 5.1 -2.750000
 5.2 -3.000000
 5.3 -3.000000
 5.4 -1.883400
 5.5 -1.333333
 5.6 -1.500000
 5.7 -0.187750
 5.8 -0.167000
 5.9 -0.167000
 6.0 -0.222667
 6.1 -0.280400
 6.2 -0.200000
 6.3 -0.000833
 6.4 0.129375
 6.5 0.133000
 6.6 0.135833
 6.7 0.454375
 6.8 0.800000
 6.9 0.800000
 7.0 0.800000
 7.1 0.800000
 7.2 0.800000
 7.3 0.800000
 7.4 0.800000
 7.5 0.800000
 7.6 0.800000
 7.7 0.800000
 7.8 0.800000
 7.9 0.800000
 8.0 0.800000
 8.1 0.800000
 8.2 0.800000
 8.3 0.800000
 8.4 0.800000
 8.5 0.800000
 8.6 0.800000
 8.7 0.700000
 8.8 0.414286
 8.9 0.225000
 9.0 0.200000
 9.1 0.200000
 9.2 0.200000
 9.3 0.171429
 9.4 -0.200000
 9.5 -0.400000
 9.6 -0.400000
 9.7 -0.296800
 9.8 -0.228000
 9.9 -0.228000
 10.0 -0.228000
 10.1 0.003714
 10.2 0.014000
 10.3 0.136857
 10.4 0.186000
 10.5 0.243600
 10.6 0.355143
 10.7 0.485600
 10.8 0.500000
 10.9 0.500000
 11.0 0.500000
 11.1 0.524000
 11.2 0.572000
 11.3 0.572000
 11.4 0.572000
 11.5 0.572000
 11.6 0.572000
 11.7 0.456800
 11.8 0.428000
 11.9 0.380667

ALA 3
 0.0 2.000000
 0.1 2.000000
 0.2 2.000000
 0.3 2.000000
 0.4 2.000000
 0.5 2.000000
 0.6 2.000000
 0.7 2.000000
 0.8 2.000000
 0.9 2.000000
 1.0 2.000000
 1.1 2.000000
 1.2 2.000000
 1.3 2.000000
 1.4 2.000000
 1.5 2.000000
 1.6 2.000000
 1.7 2.000000
 1.8 2.000000
 1.9 2.000000
 2.0 2.000000
 2.1 2.000000
 2.2 2.000000
 2.3 2.000000
 2.4 2.000000
 2.5 2.000000
 2.6 2.000000
 2.7 2.000000
 2.8 2.000000
 2.9 2.000000
 3.0 2.000000
 3.1 2.000000
 3.2 2.000000
 3.3 2.000000
 3.4 2.000000
 3.5 2.000000
 3.6 2.000000
 3.7 2.000000
 3.8 1.000000
 3.9 1.000000
 4.0 1.000000
 4.1 1.000000
 4.2 0.250000
 4.3 0.250000
 4.4 0.250000
 4.5 0.000000
 4.6 -1.071429
 4.7 -1.500000
 4.8 -1.500000
 4.9 -2.350000
 5.0 -2.500000
 5.1 -2.750000
 5.2 -3.000000
 5.3 -3.000000
 5.4 -2.183400
 5.5 -1.250000
 5.6 -1.250000
 5.7 0.051500
 5.8 0.166000
 5.9 0.124500
 6.0 0.148000
 6.1 0.253400
 6.2 0.134000
 6.3 -0.001583
 6.4 0.181375
 6.5 0.134000
 6.6 0.136667
 6.7 0.560625
 6.8 1.100000
 6.9 1.175000
 7.0 1.200000
 7.1 1.200000
 7.2 1.200000
 7.3 1.200000
 7.4 1.200000
 7.5 1.200000
 7.6 1.200000
 7.7 1.200000
 7.8 1.200000
 7.9 1.200000
 8.0 1.200000
 8.1 1.200000
 8.2 1.200000
 8.3 1.200000
 8.4 1.200000
 8.5 1.200000
 8.6 1.200000
 8.7 1.100000
 8.8 0.800000
 8.9 0.450000
 9.0 0.400000
 9.1 0.400000
 9.2 0.400000
 9.3 0.371429
 9.4 -0.242857
 9.5 -0.500000
 9.6 -0.580000
 9.7 -0.496800
 9.8 -0.428000
 9.9 -0.428000
 10.0 -0.437429
 10.1 -0.134571
 10.2 -0.185429
 10.3 -0.091857
 10.4 -0.043000
 10.5 0.063000
 10.6 0.234714
 10.7 0.493800
 10.8 0.614000
 10.9 0.614000
 11.0 0.614000
 11.1 0.703333
 11.2 0.858000
 11.3 0.858000
 11.4 0.858000
 11.5 0.858000
 11.6 0.858000
 11.7 0.742800
 11.8 0.714000
 11.9 0.619333

ALA 4
 0.0 2.000000
 0.1 2.000000
 0.2 2.000000
 0.3 2.000000
 0.4 2.000000
 0.5 2.000000
 0.6 2.000000
 0.7 2.000000
 0.8 2.000000
 0.9 2.000000
 1.0 2.000000
 1.1 2.000000
 1.2 2.000000
 1.3 2.000000
 1.4 2.000000
 1.5 2.000000
 1.6 2.000000
 1.7 2.000000
 1.8 2.000000
 1.9 2.000000
 2.0 2.000000
 2.1 2.000000
 2.2 2.000000
 2.3 2.000000
 2.4 2.000000
 2.5 2.000000
 2.6 2.000000
 2.7 2.000000
 2.8 2.000000
 2.9 2.000000
 3.0 2.000000
 3.1 2.000000
 3.2 2.000000
 3.3 2.000000
 3.4 2.000000
 3.5 2.000000
 3.6 2.000000
 3.7 2.000000
 3.8 1.166667
 3.9 1.166667
 4.0 1.000000
 4.1 1.000000
 4.2 0.250000
 4.3 0.250000
 4.4 0.250000
 4.5 0.000000
 4.6 -1.071429
 4.7 -1.500000
 4.8 -1.500000
 4.9 -2.600000
 5.0 -3.000000
 5.1 -2.972500
 5.2 -2.999667
 5.3 -3.166000
 5.4 -2.016200
 5.5 -1.416333
 5.6 -1.583000
 5.7 -0.093625
 5.8 -0.166000
 5.9 -0.166000
 6.0 0.018333
 6.1 0.086400
 6.2 0.133000
 6.3 -0.036417
 6.4 -0.173125
 6.5 -0.200000
 6.6 -0.211000
 6.7 0.258375
 6.8 0.934000
 6.9 1.133500
 7.0 1.200000
 7.1 1.200000
 7.2 1.200000
 7.3 1.200000
 7.4 1.200000
 7.5 1.200000
 7.6 1.200000
 7.7 1.200000
 7.8 1.200000
 7.9 1.200000
 8.0 1.333333
 8.1 1.400000
 8.2 1.550000
 8.3 1.600000
 8.4 1.600000
 8.5 1.600000
 8.6 1.600000
 8.7 1.500000
 8.8 1.200000
 8.9 0.850000
 9.0 0.800000
 9.1 0.800000
 9.2 0.800000
 9.3 0.771429
 9.4 0.057143
 9.5 -0.200000
 9.6 -0.360000
 9.7 -0.296800
 9.8 -0.278000
 9.9 -0.328000
 10.0 -0.379857
 10.1 -0.134571
 10.2 -0.256857
 10.3 -0.191143
 10.4 -0.142000
 10.5 0.062800
 10.6 0.314571
 10.7 0.565800
 10.8 0.586000
 10.9 0.596250
 11.0 0.657000
 11.1 0.854000
 11.2 1.071000
 11.3 1.071000
 11.4 1.071000
 11.5 1.142000
 11.6 1.142000
 11.7 1.028400
 11.8 1.000000
 11.9 0.905333

ALA 5
 0.0 2.000000
 0.1 2.000000
 0.2 2.000000
 0.3 2.000000
 0.4 2.000000
 0.5 2.000000
 0.6 2.000000
 0.7 2.000000
 0.8 2.000000
 0.9 2.000000
 1.0 2.000000
 1.1 2.000000
 1.2 2.000000
 1.3 2.000000
 1.4 2.000000
 1.5 2.000000
 1.6 2.000000
 1.7 2.000000
 1.8 2.000000
 1.9 2.000000
 2.0 2.000000
 2.1 2.000000
 2.2 2.000000
 2.3 2.000000
 2.4 2.000000
 2.5 2.000000
 2.6 2.000000
 2.7 2.000000
 2.8 2.000000
 2.9 2.000000
 3.0 2.000000
 3.1 2.000000
 3.2 2.000000
 3.3 2.000000
 3.4 2.000000
 3.5 2.000000
 3.6 2.000000
 3.7 2.000000
 3.8 1.333333
 3.9 1.333333
 4.0 1.000000
 4.1 1.000000
 4.2 0.500000
 4.3 0.500000
 4.4 0.500000
 4.5 0.000000
 4.6 -0.928571
 4.7 -1.500000
 4.8 -1.500000
 4.9 -2.100000
 5.0 -2.500000
 5.1 -2.333333
 5.2 -2.000000
 5.3 -1.334000
 5.4 -0.616800
 5.5 -0.499333
 5.6 -0.666000
 5.7 0.114000
 5.8 0.099600
 5.9 0.093875
 6.0 0.583000
 6.1 0.553200
 6.2 0.633000
 6.3 0.672167
 6.4 -0.089750
 6.5 -0.200000
 6.6 -0.197333
 6.7 -0.106250
 6.8 0.266000
 6.9 0.467000
 7.0 0.534000
 7.1 0.534000
 7.2 0.534000
 7.3 0.534000
 7.4 0.534000
 7.5 0.534000
 7.6 0.534000
 7.7 0.534000
 7.8 0.534000
 7.9 0.534000
 8.0 0.888667
 8.1 1.066000
 8.2 1.467000
 8.3 1.600000
 8.4 1.600000
 8.5 1.657143
 8.6 1.740000
 8.7 1.700000
 8.8 1.400000
 8.9 1.075000
 9.0 1.125000
 9.1 1.200000
 9.2 1.200000
 9.3 1.171429
 9.4 0.457143
 9.5 0.200000
 9.6 0.040000
 9.7 0.103200
 9.8 0.072000
 9.9 -0.028000
 10.0 -0.116286
 10.1 0.051143
 10.2 -0.156857
 10.3 -0.134000
 10.4 -0.142000
 10.5 -0.057200
 10.6 0.157143
 10.7 0.465600
 10.8 0.452667
 10.9 0.447000
 11.0 0.458000
 11.1 0.742889
 11.2 0.972000
 11.3 0.972000
 11.4 0.995667
 11.5 1.214000
 11.6 1.214000
 11.7 1.128000
 11.8 1.190000
 11.9 1.118667

ALA 6
 0.0 2.000000
 0.1 2.000000
 0.2 2.000000
 0.3 2.000000
 0.4 2.000000
 0.5 2.000000
 0.6 2.000000
 0.7 2.000000
 0.8 2.000000
 0.9 2.000000
 1.0 2.000000
 1.1 2.000000
 1.2 2.000000
 1.3 2.000000
 1.4 2.000000
 1.5 2.000000
 1.6 2.000000
 1.7 2.000000
 1.8 2.000000
 1.9 2.000000
 2.0 2.000000
 2.1 2.000000
 2.2 2.000000
 2.3 2.000000
 2.4 2.000000
 2.5 2.000000
 2.6 2.000000
 2.7 2.000000
 2.8 2.000000
 2.9 2.000000
 3.0 2.000000
 3.1 2.000000
 3.2 2.000000
 3.3 2.000000
 3.4 2.000000
 3.5 2.000000
 3.6 2.000000
 3.7 2.000000
 3.8 1.500000
 3.9 1.500000
 4.0 1.000000
 4.1 1.000000
 4.2 0.750000
 4.3 0.750000
 4.4 0.750000
 4.5 -0.125000
 4.6 -1.000000
 4.7 -1.500000
 4.8 -1.500000
 4.9 -1.750000
 5.0 -2.333000
 5.1 -1.888833
 5.2 -1.334000
 5.3 -1.334000
 5.4 -1.367200
 5.5 -1.084000
 5.6 -0.958000
 5.7 -0.031250
 5.8 0.333000
 5.9 0.344125
 6.0 0.046333
 6.1 0.026800
 6.2 -0.767000
 6.3 -1.004167
 6.4 -1.394375
 6.5 -1.434000
 6.6 -1.431167
 6.7 -1.204000
 6.8 -0.800000
 6.9 -0.600500
 7.0 -0.534000
 7.1 -0.534000
 7.2 -0.534000
 7.3 -0.534000
 7.4 -0.534000
 7.5 -0.534000
 7.6 -0.534000
 7.7 -0.534000
 7.8 -0.534000
 7.9 -0.534000
 8.0 -0.177333
 8.1 0.000000
 8.2 0.400000
 8.3 0.534000
 8.4 0.534000
 8.5 0.743143
 8.6 1.066400
 8.7 1.216000
 8.8 1.051714
 8.9 0.820500
 9.0 1.100500
 9.1 1.375000
 9.2 1.400000
 9.3 1.385714
 9.4 0.785714
 9.5 0.600000
 9.6 0.440000
 9.7 0.503200
 9.8 0.472000
 9.9 0.372000
 10.0 0.255143
 10.1 0.336857
 10.2 0.043143
 10.3 -0.005429
 10.4 -0.142000
 10.5 -0.057200
 10.6 0.157143
 10.7 0.465600
 10.8 0.369333
 10.9 0.172000
 11.0 0.058000
 11.1 0.390444
 11.2 0.643000
 11.3 0.643000
 11.4 0.712000
 11.5 1.058000
 11.6 1.058000
 11.7 1.054400
 11.8 1.271667
 11.9 1.233667

ALA 7
 0.0 2.000000
 0.1 2.000000
 0.2 2.000000
 0.3 2.000000
 0.4 2.000000
 0.5 2.000000
 0.6 2.000000
 0.7 2.000000
 0.8 2.000000
 0.9 2.000000
 1.0 2.000000
 1.1 2.000000
 1.2 2.000000
 1.3 2.000000
 1.4 2.000000
 1.5 2.000000
 1.6 2.000000
 1.7 2.000000
 1.8 2.000000
 1.9 2.000000
 2.0 2.000000
 2.1 2.000000
 2.2 2.000000
 2.3 2.000000
 2.4 2.000000
 2.5 2.000000
 2.6 2.000000
 2.7 2.000000
 2.8 2.000000
 2.9 2.000000
 3.0 2.000000
 3.1 2.000000
 3.2 2.000000
 3.3 2.000000
 3.4 2.000000
 3.5 2.000000
 3.6 2.000000
 3.7 2.000000
 3.8 1.500000
 3.9 1.500000
 4.0 1.000000
 4.1 1.000000
 4.2 0.750000
 4.3 0.750000
 4.4 0.750000
 4.5 -0.375000
 4.6 -1.000000
 4.7 -1.000000
 4.8 -1.000000
 4.9 -1.400000
 5.0 -1.667000
 5.1 -0.556167
 5.2 -0.000667
 5.3 -0.167000
 5.4 -0.233800
 5.5 -0.334000
 5.6 -0.416750
 5.7 -0.229500
 5.8 -0.200400
 5.9 -0.177250
 6.0 -0.490667
 6.1 -0.500000
 6.2 -0.500000
 6.3 -1.097667
 6.4 -1.624500
 6.5 -1.666000
 6.6 -1.666000
 6.7 -1.768500
 6.8 -1.700000
 6.9 -1.625000
 7.0 -1.600000
 7.1 -1.600000
 7.2 -1.600000
 7.3 -1.600000
 7.4 -1.600000
 7.5 -1.600000
 7.6 -1.600000
 7.7 -1.600000
 7.8 -1.600000
 7.9 -1.600000
 8.0 -1.244667
 8.1 -1.066000
 8.2 -0.667000
 8.3 -0.534000
 8.4 -0.534000
 8.5 -0.171714
 8.6 0.426800
 8.7 0.734000
 8.8 0.719714
 8.9 0.725250
 9.0 1.220500
 9.1 1.650167
 9.2 1.800000
 9.3 1.800000
 9.4 1.457143
 9.5 1.400000
 9.6 1.240000
 9.7 1.242600
 9.8 1.171000
 9.9 1.071000
 10.0 0.926429
 10.1 0.779143
 10.2 0.436143
 10.3 0.222429
 10.4 -0.057000
 10.5 0.028600
 10.6 0.185857
 10.7 0.443200
 10.8 0.291333
 10.9 0.028250
 11.0 -0.150500
 11.1 0.284000
 11.2 0.557000
 11.3 0.557000
 11.4 0.690333
 11.5 1.142000
 11.6 1.142000
 11.7 1.199600
 11.8 1.456667
 11.9 1.383333

ALA 8
 0.0 2.000000
 0.1 2.000000
 0.2 2.000000
 0.3 2.000000
 0.4 2.000000
 0.5 2.000000
 0.6 2.000000
 0.7 2.000000
 0.8 2.000000
 0.9 2.000000
 1.0 2.000000
 1.1 2.000000
 1.2 2.000000
 1.3 2.000000
 1.4 2.000000
 1.5 2.000000
 1.6 2.000000
 1.7 2.000000
 1.8 2.000000
 1.9 2.000000
 2.0 2.000000
 2.1 2.000000
 2.2 2.000000
 2.3 2.000000
 2.4 2.000000
 2.5 2.000000
 2.6 2.000000
 2.7 2.000000
 2.8 2.000000
 2.9 2.000000
 3.0 2.000000
 3.1 2.000000
 3.2 2.000000
 3.3 2.000000
 3.4 2.000000
 3.5 2.000000
 3.6 2.000000
 3.7 2.000000
 3.8 1.333333
 3.9 1.333333
 4.0 1.000000
 4.1 1.000000
 4.2 0.750000
 4.3 0.750000
 4.4 0.750000
 4.5 -0.500000
 4.6 -1.000000
 4.7 -1.000000
 4.8 -1.000000
 4.9 -1.100000
 5.0 -1.055667
 5.1 -0.138833
 5.2 0.000000
 5.3 0.000000
 5.4 0.000000
 5.5 0.000000
 5.6 0.000000
 5.7 0.000000
 5.8 -0.066800
 5.9 0.093375
 6.0 -0.527333
 6.1 -0.666000
 6.2 -1.000000
 6.3 -1.597000
 6.4 -1.937375
 6.5 -2.000000
 6.6 -2.000000
 6.7 -2.000000
 6.8 -2.000000
 6.9 -2.000000
 7.0 -2.000000
 7.1 -2.000000
 7.2 -2.000000
 7.3 -2.000000
 7.4 -2.000000
 7.5 -2.000000
 7.6 -2.000000
 7.7 -2.000000
 7.8 -2.000000
 7.9 -2.000000
 8.0 -1.866667
 8.1 -1.800000
 8.2 -1.650000
 8.3 -1.533333
 8.4 -1.500000
 8.5 -0.957143
 8.6 -0.173200
 8.7 0.200000
 8.8 0.200000
 8.9 0.429250
 9.0 1.133250
 9.1 1.711333
 9.2 2.000000
 9.3 2.000000
 9.4 1.900000
 9.5 1.900000
 9.6 1.820000
 9.7 1.760000
 9.8 1.500000
 9.9 1.400000
 10.0 1.291000
 10.1 0.987571
 10.2 0.650571
 10.3 0.356857
 10.4 0.009333
 10.5 0.005600
 10.6 0.087714
 10.7 0.248600
 10.8 0.119333
 10.9 -0.142500
 11.0 -0.272000
 11.1 0.219444
 11.2 0.458000
 11.3 0.458000
 11.4 0.657333
 11.5 1.142000
 11.6 1.142000
 11.7 1.256800
 11.8 1.528667
 11.9 1.407167

ALA 9
 0.0 2.000000
 0.1 2.000000
 0.2 2.000000
 0.3 2.000000
 0.4 2.000000
 0.5 2.000000
 0.6 2.000000
 0.7 2.000000
 0.8 2.000000
 0.9 2.000000
 1.0 2.000000
 1.1 2.000000
 1.2 2.000000
 1.3 2.000000
 1.4 2.000000
 1.5 2.000000
 1.6 2.000000
 1.7 2.000000
 1.8 2.000000
 1.9 2.000000
 2.0 2.000000
 2.1 2.000000
 2.2 2.000000
 2.3 2.000000
 2.4 2.000000
 2.5 2.000000
 2.6 2.000000
 2.7 2.000000
 2.8 2.000000
 2.9 2.000000
 3.0 2.000000
 3.1 2.000000
 3.2 2.000000
 3.3 2.000000
 3.4 2.000000
 3.5 2.000000
 3.6 2.000000
 3.7 2.000000
 3.8 1.166667
 3.9 1.166667
 4.0 1.000000
 4.1 1.000000
 4.2 0.625000
 4.3 0.625000
 4.4 0.625000
 4.5 -0.500000
 4.6 -1.000000
 4.7 -1.000000
 4.8 -1.000000
 4.9 -1.150000
 5.0 -1.277667
 5.1 -0.055667
 5.2 -0.083000
 5.3 -0.166000
 5.4 -0.099600
 5.5 0.000000
 5.6 0.000000
 5.7 0.000000
 5.8 0.000000
 5.9 0.041625
 6.0 -0.611222
 6.1 -0.667000
 6.2 -0.667000
 6.3 -1.042000
 6.4 -1.541500
 6.5 -2.000000
 6.6 -2.000000
 6.7 -2.000000
 6.8 -2.000000
 6.9 -2.000000
 7.0 -2.000000
 7.1 -2.000000
 7.2 -1.900000
 7.3 -1.866667
 7.4 -1.866667
 7.5 -1.800000
 7.6 -1.800000
 7.7 -1.750000
 7.8 -1.700000
 7.9 -1.600000
 8.0 -1.600000
 8.1 -1.600000
 8.2 -1.600000
 8.3 -1.422667
 8.4 -1.334000
 8.5 -0.743143
 8.6 -0.073600
 8.7 0.200000
 8.8 0.200000
 8.9 0.491750
 9.0 1.091750
 9.1 1.628000
 9.2 1.800000
 9.3 1.800000
 9.4 1.800000
 9.5 1.800000
 9.6 1.800000
 9.7 1.720000
 9.8 1.266667
 9.9 1.200000
 10.0 1.060143
 10.1 0.768857
 10.2 0.522000
 10.3 0.267143
 10.4 -0.019000
 10.5 -0.060200
 10.6 0.044571
 10.7 0.131400
 10.8 0.107333
 10.9 -0.142500
 11.0 -0.272000
 11.1 0.262222
 11.2 0.458000
 11.3 0.440000
 11.4 0.585833
 11.5 1.023667
 11.6 1.000000
 11.7 1.171200
 11.8 1.444833
 11.9 1.300000

ALA 10
 0.0 2.000000
 0.1 2.000000
 0.2 2.000000
 0.3 2.000000
 0.4 2.000000
 0.5 2.000000
 0.6 2.000000
 0.7 2.000000
 0.8 2.000000
 0.9 2.000000
 1.0 2.000000
 1.1 2.000000
 1.2 2.000000
 1.3 2.000000
 1.4 2.000000
 1.5 2.000000
 1.6 2.000000
 1.7 2.000000
 1.8 2.000000
 1.9 2.000000
 2.0 2.000000
 2.1 2.000000
 2.2 2.000000
 2.3 2.000000
 2.4 2.000000
 2.5 2.000000
 2.6 2.000000
 2.7 2.000000
 2.8 2.000000
 2.9 2.000000
 3.0 2.000000
 3.1 2.000000
 3.2 2.000000
 3.3 2.000000
 3.4 2.000000
 3.5 2.000000
 3.6 2.000000
 3.7 2.000000
 3.8 1.166667
 3.9 1.166667
 4.0 1.000000
 4.1 1.000000
 4.2 0.375000
 4.3 0.375000
 4.4 0.375000
 4.5 -0.750000
 4.6 -1.500000
 4.7 -1.500000
 4.8 -1.500000
 4.9 -1.800000
 5.0 -1.944667
 5.1 -1.194167
 5.2 -1.333000
 5.3 -1.583000
 5.4 -1.183000
 5.5 -0.166000
 5.6 -0.124750
 5.7 -0.020875
 5.8 0.000000
 5.9 -0.270625
 6.0 -0.610889
 6.1 -0.833000
 6.2 -0.814143
 6.3 -0.837083
 6.4 -1.241750
 6.5 -1.766000
 6.6 -1.750000
 6.7 -1.689500
 6.8 -1.600000
 6.9 -1.600000
 7.0 -1.600000
 7.1 -1.600000
 7.2 -1.334000
 7.3 -1.244667
 7.4 -1.244667
 7.5 -1.066000
 7.6 -1.066000
 7.7 -0.933000
 7.8 -0.800000
 7.9 -0.534000
 8.0 -0.534000
 8.1 -0.534000
 8.2 -0.534000
 8.3 -0.355333
 8.4 -0.266000
 8.5 0.171143
 8.6 0.586800
 8.7 0.659000
 8.8 0.534000
 8.9 0.737750
 9.0 1.132750
 9.1 1.386667
 9.2 1.400000
 9.3 1.400000
 9.4 1.314286
 9.5 1.214200
 9.6 1.271000
 9.7 1.191000
 9.8 0.704333
 9.9 0.678889
 10.0 0.640286
 10.1 0.379429
 10.2 0.194000
 10.3 -0.003714
 10.4 -0.147333
 10.5 -0.158000
 10.6 -0.149143
 10.7 -0.054200
 10.8 0.052167
 10.9 -0.114000
 11.0 -0.243000
 11.1 0.231778
 11.2 0.343000
 11.3 0.363000
 11.4 0.451500
 11.5 0.738000
 11.6 0.682000
 11.7 0.854000
 11.8 1.115667
 11.9 0.959000

ALA 11
 0.0 2.000000
 0.1 2.000000
 0.2 2.000000
 0.3 2.000000
 0.4 2.000000
 0.5 2.000000
 0.6 2.000000
 0.7 2.000000
 0.8 2.000000
 0.9 2.000000
 1.0 2.000000
 1.1 2.000000
 1.2 2.000000
 1.3 2.000000
 1.4 2.000000
 1.5 2.000000
 1.6 2.000000
 1.7 2.000000
 1.8 2.000000
 1.9 2.000000
 2.0 2.000000
 2.1 2.000000
 2.2 2.000000
 2.3 2.000000
 2.4 2.000000
 2.5 2.000000
 2.6 2.000000
 2.7 2.000000
 2.8 2.000000
 2.9 2.000000
 3.0 2.000000
 3.1 2.000000
 3.2 2.000000
 3.3 2.000000
 3.4 2.000000
 3.5 2.000000
 3.6 2.000000
 3.7 2.000000
 3.8 1.333333
 3.9 1.333333
 4.0 1.000000
 4.1 1.000000
 4.2 0.250000
 4.3 0.250000
 4.4 0.250000
 4.5 -0.125000
 4.6 -1.000000
 4.7 -1.500000
 4.8 -1.500000
 4.9 -2.100000
 5.0 -2.388667
 5.1 -2.444667
 5.2 -2.500000
 5.3 -2.333000
 5.4 -1.516600
 5.5 -0.750333
 5.6 -1.000000
 5.7 -0.281500
 5.8 -0.167000
 5.9 0.020375
 6.0 -0.092778
 6.1 -0.140200
 6.2 -0.080857
 6.3 0.061167
 6.4 -0.247875
 6.5 -1.200000
 6.6 -1.183000
 6.7 -0.823125
 6.8 -0.534000
 6.9 -0.534000
 7.0 -0.534000
 7.1 -0.534000
 7.2 -0.266000
 7.3 -0.177333
 7.4 -0.177333
 7.5 0.000000
 7.6 0.000000
 7.7 0.133000
 7.8 0.266000
 7.9 0.534000
 8.0 0.534000
 8.1 0.534000
 8.2 0.534000
 8.3 0.711333
 8.4 0.800000
 8.5 1.085143
 8.6 1.226000
 8.7 1.053500
 8.8 0.694571
 8.9 0.833500
 9.0 1.021500
 9.1 1.150000
 9.2 1.000000
 9.3 1.000000
 9.4 0.757143
 9.5 0.414400
 9.6 0.574200
 9.7 0.563000
 9.8 0.076333
 9.9 0.098444
 10.0 0.208857
 10.1 0.032857
 10.2 -0.075429
 10.3 -0.188286
 10.4 -0.193333
 10.5 -0.198800
 10.6 -0.217143
 10.7 -0.175000
 10.8 0.034500
 10.9 0.024000
 11.0 0.038000
 11.1 0.389778
 11.2 0.536000
 11.3 0.628000
 11.4 0.683000
 11.5 0.831667
 11.6 0.776000
 11.7 0.896600
 11.8 0.987667
 11.9 0.741667

ALA 12
 0.0 2.000000
 0.1 2.000000
 0.2 2.000000
 0.3 2.000000
 0.4 2.000000
 0.5 2.000000
 0.6 2.000000
 0.7 2.000000
 0.8 2.000000
 0.9 2.000000
 1.0 2.000000
 1.1 2.000000
 1.2 2.000000
 1.3 2.000000
 1.4 2.000000
 1.5 2.000000
 1.6 2.000000
 1.7 2.000000
 1.8 2.000000
 1.9 2.000000
 2.0 2.000000
 2.1 2.000000
 2.2 2.000000
 2.3 2.000000
 2.4 2.000000
 2.5 2.000000
 2.6 2.000000
 2.7 2.000000
 2.8 2.000000
 2.9 2.000000
 3.0 2.000000
 3.1 2.000000
 3.2 2.000000
 3.3 2.000000
 3.4 2.000000
 3.5 2.000000
 3.6 2.000000
 3.7 2.000000
 3.8 1.333333
 3.9 1.333333
 4.0 1.000000
 4.1 1.000000
 4.2 0.250000
 4.3 0.250000
 4.4 0.250000
 4.5 0.000000
 4.6 -0.928571
 4.7 -1.500000
 4.8 -1.500000
 4.9 -2.350000
 5.0 -2.500000
 5.1 -2.666667
 5.2 -3.083500
 5.3 -3.167000
 5.4 -1.983200
 5.5 -0.666000
 5.6 -0.666000
 5.7 0.062000
 5.8 0.166000
 5.9 0.062250
 6.0 0.092778
 6.1 0.220200
 6.2 0.223714
 6.3 -0.095833
 6.4 -0.172750
 6.5 -0.467000
 6.6 -0.534000
 6.7 0.021000
 6.8 0.534000
 6.9 0.534000
 7.0 0.534000
 7.1 0.534000
 7.2 0.800000
 7.3 0.888667
 7.4 0.888667
 7.5 1.066000
 7.6 1.066000
 7.7 1.200000
 7.8 1.334000
 7.9 1.600000
 8.0 1.600000
 8.1 1.600000
 8.2 1.600000
 8.3 1.666667
 8.4 1.700000
 8.5 1.814286
 8.6 1.900000
 8.7 1.625000
 8.8 1.085714
 8.9 0.860750
 9.0 0.886000
 9.1 0.806500
 9.2 0.572000
 9.3 0.562714
 9.4 0.242714
 9.5 -0.132300
 9.6 0.019600
 9.7 0.008000
 9.8 -0.478667
 9.9 -0.404222
 10.0 -0.220571
 10.1 -0.255143
 10.2 -0.263714
 10.3 -0.239429
 10.4 -0.131333
 10.5 -0.125800
 10.6 -0.098714
 10.7 0.064000
 10.8 0.363667
 10.9 0.540000
 11.0 0.638500
 11.1 0.956667
 11.2 1.059000
 11.3 1.150250
 11.4 1.164833
 11.5 1.182333
 11.6 1.090333
 11.7 1.092200
 11.8 0.979667
 11.9 0.626833

ALA 13
 0.0 2.000000
 0.1 2.000000
 0.2 2.000000
 0.3 2.000000
 0.4 2.000000
 0.5 2.000000
 0.6 2.000000
 0.7 2.000000
 0.8 2.000000
 0.9 2.000000
 1.0 2.000000
 1.1 2.000000
 1.2 2.000000
 1.3 2.000000
 1.4 2.000000
 1.5 2.000000
 1.6 2.000000
 1.7 2.000000
 1.8 2.000000
 1.9 2.000000
 2.0 2.000000
 2.1 2.000000
 2.2 2.000000
 2.3 2.000000
 2.4 2.000000
 2.5 2.000000
 2.6 2.000000
 2.7 2.000000
 2.8 2.000000
 2.9 2.000000
 3.0 2.000000
 3.1 2.000000
 3.2 2.000000
 3.3 2.000000
 3.4 2.000000
 3.5 2.000000
 3.6 2.000000
 3.7 2.000000
 3.8 1.333333
 3.9 1.333333
 4.0 1.000000
 4.1 1.000000
 4.2 0.250000
 4.3 0.250000
 4.4 0.250000
 4.5 -0.375000
 4.6 -1.428571
 4.7 -2.000000
 4.8 -2.000000
 4.9 -2.850000
 5.0 -3.000000
 5.1 -3.500000
 5.2 -4.000000
 5.3 -4.250000
 5.4 -3.150000
 5.5 -1.416333
 5.6 -1.583000
 5.7 -0.197875
 5.8 0.000000
 5.9 0.000000
 6.0 0.014889
 6.1 -0.013000
 6.2 -0.104571
 6.3 -0.102583
 6.4 0.012375
 6.5 0.000000
 6.6 0.049667
 6.7 0.739750
 6.8 1.367000
 6.9 1.400250
 7.0 1.600000
 7.1 1.600000
 7.2 1.700000
 7.3 1.733333
 7.4 1.733333
 7.5 1.800000
 7.6 1.800000
 7.7 1.850000
 7.8 1.900000
 7.9 2.000000
 8.0 1.933333
 8.1 1.900000
 8.2 1.825000
 8.3 1.800000
 8.4 1.800000
 8.5 1.800000
 8.6 1.788800
 8.7 1.511000
 8.8 0.932857
 8.9 0.548125
 9.0 0.531500
 9.1 0.348500
 9.2 0.114000
 9.3 0.128571
 9.4 -0.166286
 9.5 -0.679800
 9.6 -0.500400
 9.7 -0.373000
 9.8 -0.693667
 9.9 -0.657889
 10.0 -0.452571
 10.1 -0.371143
 10.2 -0.274571
 10.3 -0.244286
 10.4 -0.060000
 10.5 0.025200
 10.6 0.144143
 10.7 0.326600
 10.8 0.586167
 10.9 0.662000
 11.0 0.811500
 11.1 1.142333
 11.2 1.309000
 11.3 1.373500
 11.4 1.235667
 11.5 1.151333
 11.6 1.021333
 11.7 0.962000
 11.8 0.794333
 11.9 0.348000

ALA 14
 0.0 2.000000
 0.1 2.000000
 0.2 2.000000
 0.3 2.000000
 0.4 2.000000
 0.5 2.000000
 0.6 2.000000
 0.7 2.000000
 0.8 2.000000
 0.9 2.000000
 1.0 2.000000
 1.1 2.000000
 1.2 2.000000
 1.3 2.000000
 1.4 2.000000
 1.5 2.000000
 1.6 2.000000
 1.7 2.000000
 1.8 2.000000
 1.9 2.000000
 2.0 2.000000
 2.1 2.000000
 2.2 2.000000
 2.3 2.000000
 2.4 2.000000
 2.5 2.000000
 2.6 2.000000
 2.7 2.000000
 2.8 2.000000
 2.9 2.000000
 3.0 2.000000
 3.1 2.000000
 3.2 2.000000
 3.3 2.000000
 3.4 2.000000
 3.5 2.000000
 3.6 2.000000
 3.7 2.000000
 3.8 1.333333
 3.9 1.333333
 4.0 1.000000
 4.1 1.000000
 4.2 0.125000
 4.3 0.125000
 4.4 0.125000
 4.5 0.000000
 4.6 -0.928571
 4.7 -1.500000
 4.8 -1.857143
 4.9 -2.666500
 5.0 -2.833000
 5.1 -3.083000
 5.2 -3.027500
 5.3 -2.833000
 5.4 -1.966800
 5.5 -0.805667
 5.6 -1.083000
 5.7 0.352375
 5.8 -0.100000
 5.9 0.326750
 6.0 0.590667
 6.1 0.370000
 6.2 0.278571
 6.3 0.355417
 6.4 0.347625
 6.5 0.534000
 6.6 0.108167
 6.7 0.702000
 6.8 1.250500
 6.9 1.300500
 7.0 1.766000
 7.1 1.766000
 7.2 1.800000
 7.3 1.733333
 7.4 1.733333
 7.5 1.600000
 7.6 1.600000
 7.7 1.600000
 7.8 1.600000
 7.9 1.600000
 8.0 1.466667
 8.1 1.400000
 8.2 1.267750
 8.3 1.271000
 8.4 1.318333
 8.5 1.418571
 8.6 1.598800
 8.7 1.319500
 8.8 0.681714
 8.9 0.094250
 9.0 0.087250
 9.1 -0.005167
 9.2 -0.130000
 9.3 -0.117714
 9.4 -0.408143
 9.5 -0.884300
 9.6 -0.683400
 9.7 -0.515300
 9.8 -0.554000
 9.9 -0.501778
 10.0 -0.201143
 10.1 -0.114143
 10.2 -0.017714
 10.3 0.020571
 10.4 0.171333
 10.5 0.190200
 10.6 0.460000
 10.7 0.731400
 10.8 0.936500
 10.9 1.027000
 11.0 1.091000
 11.1 1.271333
 11.2 1.318000
 11.3 1.311500
 11.4 0.982667
 11.5 0.865333
 11.6 0.735333
 11.7 0.620800
 11.8 0.397000
 11.9 -0.077833

ALA 15
 0.0 2.000000
 0.1 2.000000
 0.2 2.000000
 0.3 2.000000
 0.4 2.000000
 0.5 2.000000
 0.6 2.000000
 0.7 2.000000
 0.8 2.000000
 0.9 2.000000
 1.0 2.000000
 1.1 2.000000
 1.2 2.000000
 1.3 2.000000
 1.4 2.000000
 1.5 2.000000
 1.6 2.000000
 1.7 2.000000
 1.8 2.000000
 1.9 2.000000
 2.0 2.000000
 2.1 2.000000
 2.2 2.000000
 2.3 2.000000
 2.4 2.000000
 2.5 2.000000
 2.6 2.000000
 2.7 2.000000
 2.8 2.000000
 2.9 2.000000
 3.0 2.000000
 3.1 2.000000
 3.2 2.000000
 3.3 2.000000
 3.4 1.500000
 3.5 1.500000
 3.6 1.500000
 3.7 1.500000
 3.8 0.833333
 3.9 0.833333
 4.0 -0.100000
 4.1 -0.500000
 4.2 -1.375000
 4.3 -1.375000
 4.4 -1.375000
 4.5 -1.500000
 4.6 -2.428571
 4.7 -3.000000
 4.8 -3.023571
 4.9 -3.933300
 5.0 -4.000000
 5.1 -4.055667
 5.2 -2.555667
 5.3 -2.000000
 5.4 -1.333600
 5.5 -0.834000
 5.6 -0.834000
 5.7 0.418500
 5.8 -0.033000
 5.9 0.467000
 6.0 0.518556
 6.1 0.403200
 6.2 0.540286
 6.3 0.425333
 6.4 0.044250
 6.5 0.067000
 6.6 0.000333
 6.7 0.587500
 6.8 0.925000
 6.9 0.959000
 7.0 1.300000
 7.1 1.300000
 7.2 1.311333
 7.3 1.066667
 7.4 1.066667
 7.5 0.800000
 7.6 0.700000
 7.7 0.786000
 7.8 0.871000
 7.9 0.918333
 8.0 0.808667
 8.1 0.742000
 8.2 0.635000
 8.3 0.714000
 8.4 0.828667
 8.5 0.959000
 8.6 1.150000
 8.7 0.949500
 8.8 0.433143
 8.9 -0.132750
 9.0 -0.132000
 9.1 -0.217167
 9.2 -0.201500
 9.3 -0.157143
 9.4 -0.360571
 9.5 -0.688900
 9.6 -0.332400
 9.7 -0.164600
 9.8 -0.096000
 9.9 0.020444
 10.0 0.334714
 10.1 0.414286
 10.2 0.518571
 10.3 0.543286
 10.4 0.612333
 10.5 0.640200
 10.6 0.825000
 10.7 0.981800
 10.8 1.061000
 10.9 1.134500
 11.0 1.198000
 11.1 1.261556
 11.2 1.198000
 11.3 1.150500
 11.4 0.752500
 11.5 0.616333
 11.6 0.449333
 11.7 0.279600
 11.8 -0.018167
 11.9 -0.482667

ALA 16
 0.0 2.000000
 0.1 2.000000
 0.2 2.000000
 0.3 2.000000
 0.4 2.000000
 0.5 2.000000
 0.6 2.000000
 0.7 2.000000
 0.8 2.000000
 0.9 2.000000
 1.0 2.000000
 1.1 2.000000
 1.2 2.000000
 1.3 2.000000
 1.4 2.000000
 1.5 2.000000
 1.6 2.000000
 1.7 2.000000
 1.8 2.000000
 1.9 2.000000
 2.0 2.000000
 2.1 2.000000
 2.2 2.000000
 2.3 2.000000
 2.4 2.000000
 2.5 2.000000
 2.6 2.000000
 2.7 2.000000
 2.8 2.000000
 2.9 2.000000
 3.0 2.000000
 3.1 2.000000
 3.2 2.000000
 3.3 2.000000
 3.4 1.666667
 3.5 1.500000
 3.6 1.500000
 3.7 1.500000
 3.8 0.666667
 3.9 0.666667
 4.0 0.100000
 4.1 -0.250000
 4.2 -1.250000
 4.3 -1.250000
 4.4 -1.250000
 4.5 -1.500000
 4.6 -2.357143
 4.7 -3.000000
 4.8 -3.571429
 4.9 -4.450000
 5.0 -4.500000
 5.1 -4.500000
 5.2 -2.500000
 5.3 -2.000000
 5.4 -1.500000
 5.5 -1.083333
 5.6 -1.250000
 5.7 0.006375
 5.8 -0.250000
 5.9 -0.218875
 6.0 -0.226111
 6.1 -0.290200
 6.2 0.200143
 6.3 -0.092917
 6.4 -1.025000
 6.5 -0.867000
 6.6 -0.569500
 6.7 0.178500
 6.8 0.275000
 6.9 0.354500
 7.0 0.834000
 7.1 0.834000
 7.2 0.766667
 7.3 0.266667
 7.4 0.266667
 7.5 0.000000
 7.6 0.000000
 7.7 0.157000
 7.8 0.314000
 7.9 0.433333
 8.0 0.366667
 8.1 0.314000
 8.2 0.207000
 8.3 0.286000
 8.4 0.400667
 8.5 0.612143
 8.6 0.806600
 8.7 0.747500
 8.8 0.404571
 8.9 -0.150750
 9.0 -0.257250
 9.1 -0.282667
 9.2 -0.166000
 9.3 -0.214571
 9.4 -0.337429
 9.5 -0.292100
 9.6 0.023600
 9.7 0.191400
 9.8 0.260000
 9.9 0.389667
 10.0 0.661000
 10.1 0.709286
 10.2 0.814429
 10.3 0.743143
 10.4 0.742000
 10.5 0.820200
 10.6 1.004571
 10.7 1.144800
 10.8 1.086667
 10.9 1.143000
 11.0 1.206000
 11.1 1.213333
 11.2 1.080000
 11.3 1.049750
 11.4 0.705500
 11.5 0.598000
 11.6 0.399333
 11.7 0.191800
 11.8 -0.158500
 11.9 -0.597833

ALA 17
 0.0 2.000000
 0.1 2.000000
 0.2 2.000000
 0.3 2.000000
 0.4 2.000000
 0.5 2.000000
 0.6 2.000000
 0.7 2.000000
 0.8 2.000000
 0.9 2.000000
 1.0 2.000000
 1.1 2.000000
 1.2 2.000000
 1.3 2.000000
 1.4 2.000000
 1.5 2.000000
 1.6 2.000000
 1.7 2.000000
 1.8 2.000000
 1.9 2.000000
 2.0 2.000000
 2.1 2.000000
 2.2 2.000000
 2.3 2.000000
 2.4 2.000000
 2.5 2.000000
 2.6 2.000000
 2.7 2.000000
 2.8 2.000000
 2.9 2.000000
 3.0 2.000000
 3.1 2.000000
 3.2 2.000000
 3.3 2.000000
 3.4 1.833333
 3.5 1.500000
 3.6 1.500000
 3.7 1.500000
 3.8 0.500000
 3.9 0.500000
 4.0 0.200000
 4.1 -0.500000
 4.2 -1.250000
 4.3 -1.250000
 4.4 -1.250000
 4.5 -1.500000
 4.6 -2.071429
 4.7 -2.500000
 4.8 -3.571429
 4.9 -4.116900
 5.0 -4.167000
 5.1 -3.916833
 5.2 -1.666667
 5.3 -1.167000
 5.4 -1.199800
 5.5 -0.889000
 5.6 -0.667000
 5.7 -0.223000
 5.8 -0.027200
 5.9 0.176750
 6.0 0.384889
 6.1 0.646200
 6.2 0.912143
 6.3 0.031833
 6.4 -0.758250
 6.5 -0.466000
 6.6 -0.236167
 6.7 0.200000
 6.8 0.208500
 6.9 0.229250
 7.0 0.400000
 7.1 0.400000
 7.2 0.050000
 7.3 -0.533333
 7.4 -0.533333
 7.5 -0.800000
 7.6 -1.000000
 7.7 -0.642000
 7.8 -0.286000
 7.9 -0.166667
 8.0 -0.233333
 8.1 -0.286000
 8.2 -0.393000
 8.3 -0.243000
 8.4 -0.052667
 8.5 0.182000
 8.6 0.193800
 8.7 0.213250
 8.8 0.030000
 8.9 -0.057750
 9.0 -0.157250
 9.1 -0.162417
 9.2 -0.109000
 9.3 -0.114714
 9.4 -0.077714
 9.5 0.044000
 9.6 0.252200
 9.7 0.251800
 9.8 0.303000
 9.9 0.287222
 10.0 0.520000
 10.1 0.556286
 10.2 0.596571
 10.3 0.616143
 10.4 0.694667
 10.5 0.836000
 10.6 1.081571
 10.7 1.310000
 10.8 1.272667
 10.9 1.329500
 11.0 1.357000
 11.1 1.353444
 11.2 1.230000
 11.3 1.218250
 11.4 0.963000
 11.5 0.939333
 11.6 0.746000
 11.7 0.501600
 11.8 0.116333
 11.9 -0.272667

ALA 18
 0.0 2.000000
 0.1 2.000000
 0.2 2.000000
 0.3 2.000000
 0.4 2.000000
 0.5 2.000000
 0.6 2.000000
 0.7 2.000000
 0.8 2.000000
 0.9 2.000000
 1.0 2.000000
 1.1 2.000000
 1.2 2.000000
 1.3 2.000000
 1.4 2.000000
 1.5 2.000000
 1.6 2.000000
 1.7 2.000000
 1.8 2.000000
 1.9 2.000000
 2.0 2.000000
 2.1 2.000000
 2.2 2.000000
 2.3 2.000000
 2.4 2.000000
 2.5 2.000000
 2.6 2.000000
 2.7 2.000000
 2.8 2.000000
 2.9 2.000000
 3.0 2.000000
 3.1 2.000000
 3.2 2.000000
 3.3 2.000000
 3.4 2.000000
 3.5 1.500000
 3.6 1.500000
 3.7 1.000000
 3.8 0.166667
 3.9 0.166667
 4.0 -0.200000
 4.1 -0.500000
 4.2 -1.250000
 4.3 -1.250000
 4.4 -1.250000
 4.5 -2.000000
 4.6 -2.500000
 4.7 -2.667000
 4.8 -3.119286
 4.9 -2.466300
 5.0 -2.333000
 5.1 -2.194167
 5.2 -0.527833
 5.3 0.000000
 5.4 0.333000
 5.5 0.277333
 5.6 0.166000
 5.7 0.606500
 5.8 0.296600
 5.9 1.122750
 6.0 1.402444
 6.1 1.163400
 6.2 1.164429
 6.3 0.901583
 6.4 0.520875
 6.5 0.667000
 6.6 0.402500
 6.7 0.116000
 6.8 0.125000
 6.9 0.133250
 7.0 0.166000
 7.1 0.150000
 7.2 -0.305333
 7.3 -1.333333
 7.4 -1.333333
 7.5 -1.600000
 7.6 -1.800000
 7.7 -1.442000
 7.8 -1.086000
 7.9 -0.966667
 8.0 -0.966667
 8.1 -0.986000
 8.2 -1.018000
 8.3 -0.708667
 8.4 -0.352667
 8.5 -0.112000
 8.6 -0.012000
 8.7 0.001750
 8.8 -0.119714
 8.9 -0.033125
 9.0 0.067750
 9.1 -0.084000
 9.2 -0.108000
 9.3 -0.103143
 9.4 -0.107857
 9.5 0.006000
 9.6 0.257400
 9.7 0.248000
 9.8 0.228500
 9.9 0.465778
 10.0 0.724714
 10.1 0.699286
 10.2 0.759857
 10.3 0.820000
 10.4 0.957000
 10.5 1.093400
 10.6 1.224571
 10.7 1.310000
 10.8 1.308667
 10.9 1.365000
 11.0 1.428000
 11.1 1.456444
 11.2 1.444000
 11.3 1.361250
 11.4 1.070500
 11.5 1.010667
 11.6 0.888667
 11.7 0.644600
 11.8 0.259333
 11.9 -0.129833

ALA 19
 0.0 2.000000
 0.1 2.000000
 0.2 2.000000
 0.3 2.000000
 0.4 2.000000
 0.5 2.000000
 0.6 2.000000
 0.7 2.000000
 0.8 2.000000
 0.9 2.000000
 1.0 2.000000
 1.1 2.000000
 1.2 2.000000
 1.3 2.000000
 1.4 2.000000
 1.5 2.000000
 1.6 2.000000
 1.7 2.000000
 1.8 2.000000
 1.9 2.000000
 2.0 2.000000
 2.1 2.000000
 2.2 2.000000
 2.3 2.000000
 2.4 2.000000
 2.5 2.000000
 2.6 2.000000
 2.7 2.000000
 2.8 2.000000
 2.9 2.000000
 3.0 2.000000
 3.1 2.000000
 3.2 2.000000
 3.3 2.000000
 3.4 1.500000
 3.5 1.500000
 3.6 1.500000
 3.7 1.500000
 3.8 0.833333
 3.9 0.833333
 4.0 -0.100000
 4.1 -0.500000
 4.2 -1.250000
 4.3 -1.250000
 4.4 -1.250000
 4.5 -1.500000
 4.6 -2.000000
 4.7 -2.667000
 4.8 -2.833286
 4.9 -2.899800
 5.0 -2.888667
 5.1 -2.694667
 5.2 -0.750000
 5.3 0.167000
 5.4 0.266600
 5.5 0.333000
 5.6 0.167000
 5.7 1.137500
 5.8 1.190200
 5.9 1.825000
 6.0 1.707222
 6.1 1.513600
 6.2 1.690286
 6.3 1.436000
 6.4 0.000000
 6.5 0.000000
 6.6 -0.041833
 6.7 0.067000
 6.8 0.050000
 6.9 0.208500
 7.0 0.300000
 7.1 0.316000
 7.2 -0.594333
 7.3 -1.466667
 7.4 -1.466667
 7.5 -1.600000
 7.6 -1.800000
 7.7 -1.442000
 7.8 -1.086000
 7.9 -0.966667
 8.0 -0.900000
 8.1 -0.986000
 8.2 -1.043000
 8.3 -0.742000
 8.4 -0.452667
 8.5 -0.189429
 8.6 -0.094800
 8.7 -0.125750
 8.8 -0.262857
 8.9 -0.316125
 9.0 -0.048125
 9.1 -0.254000
 9.2 -0.280000
 9.3 -0.225000
 9.4 -0.167143
 9.5 -0.021200
 9.6 0.268200
 9.7 0.264000
 9.8 0.304833
 9.9 0.362444
 10.0 0.592000
 10.1 0.628000
 10.2 0.726571
 10.3 0.773143
 10.4 0.828000
 10.5 0.977200
 10.6 1.160286
 10.7 1.310000
 10.8 1.308667
 10.9 1.365000
 11.0 1.428000
 11.1 1.456444
 11.2 1.444000
 11.3 1.305500
 11.4 1.018667
 11.5 0.962667
 11.6 0.777333
 11.7 0.533600
 11.8 0.148333
 11.9 -0.241000

ALA 20
 0.0 2.000000
 0.1 2.000000
 0.2 2.000000
 0.3 2.000000
 0.4 2.000000
 0.5 2.000000
 0.6 2.000000
 0.7 2.000000
 0.8 2.000000
 0.9 2.000000
 1.0 2.000000
 1.1 2.000000
 1.2 2.000000
 1.3 2.000000
 1.4 2.000000
 1.5 2.000000
 1.6 2.000000
 1.7 2.000000
 1.8 2.000000
 1.9 2.000000
 2.0 2.000000
 2.1 2.000000
 2.2 2.000000
 2.3 2.000000
 2.4 2.000000
 2.5 2.000000
 2.6 2.000000
 2.7 2.000000
 2.8 2.000000
 2.9 2.000000
 3.0 2.000000
 3.1 2.000000
 3.2 2.000000
 3.3 2.000000
 3.4 1.666667
 3.5 1.500000
 3.6 1.500000
 3.7 1.500000
 3.8 0.833333
 3.9 0.833333
 4.0 0.100000
 4.1 -0.250000
 4.2 -1.375000
 4.3 -1.375000
 4.4 -1.375000
 4.5 -1.500000
 4.6 -1.928571
 4.7 -2.500000
 4.8 -3.714286
 4.9 -4.300200
 5.0 -4.167000
 5.1 -4.000333
 5.2 -1.722000
 5.3 -0.667000
 5.4 -0.016600
 5.5 0.417000
 5.6 0.417000
 5.7 1.162250
 5.8 0.520200
 5.9 0.275000
 6.0 0.250000
 6.1 0.269800
 6.2 0.486000
 6.3 0.073583
 6.4 -1.038000
 6.5 -1.034000
 6.6 -0.522667
 6.7 0.075000
 6.8 0.150000
 6.9 0.312500
 7.0 0.366000
 7.1 0.400000
 7.2 0.144667
 7.3 -0.800000
 7.4 -0.800000
 7.5 -0.800000
 7.6 -1.000000
 7.7 -0.642000
 7.8 -0.286000
 7.9 -0.166667
 8.0 -0.100000
 8.1 -0.286000
 8.2 -0.468000
 8.3 -0.243000
 8.4 -0.018667
 8.5 0.168857
 8.6 0.107200
 8.7 -0.183375
 8.8 -0.352571
 8.9 -0.435125
 9.0 -0.280500
 9.1 -0.443167
 9.2 -0.480000
 9.3 -0.350714
 9.4 -0.289000
 9.5 -0.101300
 9.6 0.055200
 9.7 0.255400
 9.8 0.221333
 9.9 0.366444
 10.0 0.596000
 10.1 0.632000
 10.2 0.699429
 10.3 0.699143
 10.4 0.826000
 10.5 0.977600
 10.6 1.170000
 10.7 1.334000
 10.8 1.334000
 10.9 1.334000
 11.0 1.334000
 11.1 1.334000
 11.2 1.222000
 11.3 1.083500
 11.4 0.796333
 11.5 0.740667
 11.6 0.555333
 11.7 0.322800
 11.8 -0.018500
 11.9 -0.352000

ALA 21
 0.0 2.000000
 0.1 2.000000
 0.2 2.000000
 0.3 2.000000
 0.4 2.000000
 0.5 2.000000
 0.6 2.000000
 0.7 2.000000
 0.8 2.000000
 0.9 2.000000
 1.0 2.000000
 1.1 2.000000
 1.2 2.000000
 1.3 2.000000
 1.4 2.000000
 1.5 2.000000
 1.6 2.000000
 1.7 2.000000
 1.8 2.000000
 1.9 2.000000
 2.0 2.000000
 2.1 2.000000
 2.2 2.000000
 2.3 2.000000
 2.4 2.000000
 2.5 2.000000
 2.6 2.000000
 2.7 2.000000
 2.8 2.000000
 2.9 2.000000
 3.0 2.000000
 3.1 2.000000
 3.2 2.000000
 3.3 2.000000
 3.4 1.833333
 3.5 1.500000
 3.6 1.500000
 3.7 1.500000
 3.8 0.833333
 3.9 0.833333
 4.0 0.200000
 4.1 -0.500000
 4.2 -1.500000
 4.3 -1.500000
 4.4 -1.500000
 4.5 -1.500000
 4.6 -2.285714
 4.7 -3.000000
 4.8 -3.642857
 4.9 -4.500000
 5.0 -4.500000
 5.1 -4.583333
 5.2 -2.500000
 5.3 -2.000000
 5.4 -0.883400
 5.5 -0.333333
 5.6 -0.500000
 5.7 0.881625
 5.8 0.146800
 5.9 -0.058500
 6.0 -0.073778
 6.1 0.076600
 6.2 0.366714
 6.3 -0.270917
 6.4 -0.783000
 6.5 -0.766000
 6.6 -0.441000
 6.7 -0.058500
 6.8 0.216000
 6.9 0.778750
 7.0 0.933000
 7.1 0.950000
 7.2 0.666333
 7.3 0.000000
 7.4 0.000000
 7.5 0.000000
 7.6 0.000000
 7.7 0.172000
 7.8 0.342000
 7.9 0.390000
 8.0 0.414000
 8.1 0.142000
 8.2 -0.058000
 8.3 0.202667
 8.4 0.556667
 8.5 0.737000
 8.6 0.655800
 8.7 0.110500
 8.8 -0.092571
 8.9 -0.249000
 9.0 -0.077000
 9.1 -0.226250
 9.2 -0.246000
 9.3 -0.067143
 9.4 -0.069714
 9.5 0.024600
 9.6 0.102800
 9.7 0.327600
 9.8 0.345333
 9.9 0.544667
 10.0 0.762000
 10.1 0.778000
 10.2 0.795286
 10.3 0.802000
 10.4 0.929000
 10.5 1.056000
 10.6 1.096000
 10.7 1.112000
 10.8 1.112000
 10.9 1.112000
 11.0 1.112000
 11.1 1.112000
 11.2 1.000000
 11.3 0.861000
 11.4 0.574333
 11.5 0.518667
 11.6 0.370333
 11.7 0.167000
 11.8 -0.102167
 11.9 -0.352000

ALA 22
 0.0 2.000000
 0.1 2.000000
 0.2 2.000000
 0.3 2.000000
 0.4 2.000000
 0.5 2.000000
 0.6 2.000000
 0.7 2.000000
 0.8 2.000000
 0.9 2.000000
 1.0 2.000000
 1.1 2.000000
 1.2 2.000000
 1.3 2.000000
 1.4 2.000000
 1.5 2.000000
 1.6 2.000000
 1.7 2.000000
 1.8 2.000000
 1.9 2.000000
 2.0 2.000000
 2.1 2.000000
 2.2 2.000000
 2.3 2.000000
 2.4 2.000000
 2.5 2.000000
 2.6 2.000000
 2.7 2.000000
 2.8 2.000000
 2.9 2.000000
 3.0 2.000000
 3.1 2.000000
 3.2 2.000000
 3.3 2.000000
 3.4 2.000000
 3.5 1.500000
 3.6 1.500000
 3.7 1.000000
 3.8 0.333333
 3.9 0.333333
 4.0 -0.200000
 4.1 -0.500000
 4.2 -1.375000
 4.3 -1.375000
 4.4 -1.375000
 4.5 -2.000000
 4.6 -3.142857
 4.7 -3.667000
 4.8 -3.238143
 4.9 -3.916600
 5.0 -3.722000
 5.1 -3.639000
 5.2 -2.833167
 5.3 -2.333000
 5.4 -1.016800
 5.5 -0.417000
 5.6 -0.084000
 5.7 1.539375
 5.8 1.490000
 5.9 1.742000
 6.0 1.587111
 6.1 1.460000
 6.2 1.524000
 6.3 0.591583
 6.4 -0.262250
 6.5 -0.267000
 6.6 -0.150000
 6.7 0.233250
 6.8 0.633000
 6.9 0.733500
 7.0 0.800000
 7.1 0.766000
 7.2 0.722000
 7.3 0.400000
 7.4 0.400000
 7.5 0.400000
 7.6 0.300000
 7.7 0.457000
 7.8 0.614000
 7.9 0.590333
 8.0 0.543000
 8.1 0.343000
 8.2 0.143000
 8.3 0.403667
 8.4 0.729000
 8.5 0.741000
 8.6 0.740400
 8.7 0.171750
 8.8 -0.163571
 8.9 -0.320250
 9.0 -0.095000
 9.1 -0.226250
 9.2 -0.246000
 9.3 -0.108286
 9.4 -0.141714
 9.5 -0.008000
 9.6 0.068800
 9.7 0.263600
 9.8 0.305333
 9.9 0.459111
 10.0 0.650000
 10.1 0.650000
 10.2 0.627429
 10.3 0.634000
 10.4 0.762000
 10.5 0.888000
 10.6 0.888000
 10.7 0.888000
 10.8 0.888000
 10.9 0.888000
 11.0 0.888000
 11.1 0.888000
 11.2 0.778000
 11.3 0.666500
 11.4 0.454167
 11.5 0.407667
 11.6 0.296333
 11.7 0.111000
 11.8 -0.129833
 11.9 -0.287500

ALA 23
 0.0 2.000000
 0.1 2.000000
 0.2 2.000000
 0.3 2.000000
 0.4 2.000000
 0.5 2.000000
 0.6 2.000000
 0.7 2.000000
 0.8 2.000000
 0.9 2.000000
 1.0 2.000000
 1.1 2.000000
 1.2 2.000000
 1.3 2.000000
 1.4 2.000000
 1.5 2.000000
 1.6 2.000000
 1.7 2.000000
 1.8 2.000000
 1.9 2.000000
 2.0 2.000000
 2.1 2.000000
 2.2 2.000000
 2.3 2.000000
 2.4 2.000000
 2.5 2.000000
 2.6 2.000000
 2.7 2.000000
 2.8 2.000000
 2.9 2.000000
 3.0 2.000000
 3.1 2.000000
 3.2 2.000000
 3.3 2.000000
 3.4 2.000000
 3.5 2.000000
 3.6 2.000000
 3.7 2.000000
 3.8 1.166667
 3.9 1.166667
 4.0 1.000000
 4.1 1.000000
 4.2 0.250000
 4.3 0.250000
 4.4 0.250000
 4.5 0.000000
 4.6 -1.000000
 4.7 -1.000000
 4.8 -1.214286
 4.9 -2.299800
 5.0 -2.388667
 5.1 -2.583500
 5.2 -2.583667
 5.3 -2.167000
 5.4 -1.150000
 5.5 -0.416000
 5.6 -0.583000
 5.7 1.223000
 5.8 1.533600
 5.9 1.383000
 6.0 1.214444
 6.1 1.346800
 6.2 1.200000
 6.3 0.868000
 6.4 0.246000
 6.5 0.200000
 6.6 0.166500
 6.7 0.067000
 6.8 0.466000
 6.9 0.808750
 7.0 0.934000
 7.1 0.917000
 7.2 0.905667
 7.3 0.800000
 7.4 0.800000
 7.5 0.800000
 7.6 0.800000
 7.7 0.800000
 7.8 0.800000
 7.9 0.800000
 8.0 0.800000
 8.1 0.600000
 8.2 0.400000
 8.3 0.560000
 8.4 0.809000
 8.5 0.845857
 8.6 0.880800
 8.7 0.199250
 8.8 0.016000
 8.9 -0.134375
 9.0 -0.033625
 9.1 -0.151417
 9.2 -0.160000
 9.3 -0.016143
 9.4 -0.045714
 9.5 0.023800
 9.6 -0.030000
 9.7 0.169200
 9.8 0.168667
 9.9 0.237111
 10.0 0.428000
 10.1 0.428000
 10.2 0.405429
 10.3 0.412000
 10.4 0.540000
 10.5 0.666000
 10.6 0.666000
 10.7 0.666000
 10.8 0.666000
 10.9 0.666000
 11.0 0.666000
 11.1 0.666000
 11.2 0.556000
 11.3 0.514000
 11.4 0.445000
 11.5 0.407667
 11.6 0.296333
 11.7 0.167000
 11.8 -0.018667
 11.9 -0.112000

ALA 24
 0.0 2.000000
 0.1 2.000000
 0.2 2.000000
 0.3 2.000000
 0.4 2.000000
 0.5 2.000000
 0.6 2.000000
 0.7 2.000000
 0.8 2.000000
 0.9 2.000000
 1.0 2.000000
 1.1 2.000000
 1.2 2.000000
 1.3 2.000000
 1.4 2.000000
 1.5 2.000000
 1.6 2.000000
 1.7 2.000000
 1.8 2.000000
 1.9 2.000000
 2.0 2.000000
 2.1 2.000000
 2.2 2.000000
 2.3 2.000000
 2.4 2.000000
 2.5 2.000000
 2.6 2.000000
 2.7 2.000000
 2.8 2.000000
 2.9 2.000000
 3.0 2.000000
 3.1 2.000000
 3.2 2.000000
 3.3 2.000000
 3.4 2.000000
 3.5 2.000000
 3.6 2.000000
 3.7 2.000000
 3.8 1.166667
 3.9 1.166667
 4.0 1.000000
 4.1 1.000000
 4.2 0.250000
 4.3 0.250000
 4.4 0.250000
 4.5 0.000000
 4.6 -1.071429
 4.7 -1.500000
 4.8 -1.500000
 4.9 -2.400000
 5.0 -2.500000
 5.1 -2.833333
 5.2 -3.000000
 5.3 -3.000000
 5.4 -2.133600
 5.5 -1.667333
 5.6 -1.834000
 5.7 -0.500000
 5.8 -0.500000
 5.9 -0.500000
 6.0 -0.463222
 6.1 -0.253600
 6.2 -0.200000
 6.3 -0.089083
 6.4 0.116500
 6.5 0.134000
 6.6 0.134000
 6.7 0.258000
 6.8 0.534000
 6.9 0.733500
 7.0 0.800000
 7.1 0.800000
 7.2 0.800000
 7.3 0.800000
 7.4 0.800000
 7.5 0.800000
 7.6 0.800000
 7.7 0.800000
 7.8 0.800000
 7.9 0.800000
 8.0 0.800000
 8.1 0.700000
 8.2 0.600000
 8.3 0.600000
 8.4 0.600000
 8.5 0.594000
 8.6 0.586000
 8.7 0.315125
 8.8 0.257000
 8.9 0.163375
 9.0 0.282125
 9.1 0.192583
 9.2 0.071000
 9.3 0.068714
 9.4 0.034857
 9.5 0.056300
 9.6 0.004000
 9.7 0.110000
 9.8 0.169167
 9.9 0.197333
 10.0 0.278000
 10.1 0.278000
 10.2 0.255286
 10.3 0.262000
 10.4 0.389000
 10.5 0.444000
 10.6 0.444000
 10.7 0.444000
 10.8 0.444000
 10.9 0.444000
 11.0 0.444000
 11.1 0.444000
 11.2 0.389000
 11.3 0.389000
 11.4 0.389000
 11.5 0.370333
 11.6 0.296333
 11.7 0.223000
 11.8 0.111333
 11.9 0.056000

ALA 25
 0.0 2.000000
 0.1 2.000000
 0.2 2.000000
 0.3 2.000000
 0.4 2.000000
 0.5 2.000000
 0.6 2.000000
 0.7 2.000000
 0.8 2.000000
 0.9 2.000000
 1.0 2.000000
 1.1 2.000000
 1.2 2.000000
 1.3 2.000000
 1.4 2.000000
 1.5 2.000000
 1.6 2.000000
 1.7 2.000000
 1.8 2.000000
 1.9 2.000000
 2.0 2.000000
 2.1 2.000000
 2.2 2.000000
 2.3 2.000000
 2.4 2.000000
 2.5 2.000000
 2.6 2.000000
 2.7 2.000000
 2.8 2.000000
 2.9 2.000000
 3.0 2.000000
 3.1 2.000000
 3.2 2.000000
 3.3 2.000000
 3.4 2.000000
 3.5 2.000000
 3.6 2.000000
 3.7 2.000000
 3.8 1.666667
 3.9 1.666667
 4.0 1.500000
 4.1 1.500000
 4.2 1.125000
 4.3 1.125000
 4.4 1.125000
 4.5 1.000000
 4.6 0.357143
 4.7 0.000000
 4.8 0.000000
 4.9 -0.450000
 5.0 -0.500000
 5.1 -0.750000
 5.2 -1.000000
 5.3 -1.000000
 5.4 -0.466600
 5.5 -0.583000
 5.6 -0.583000
 5.7 0.166000
 5.8 0.166000
 5.9 0.166000
 6.0 0.110667
 6.1 0.026800
 6.2 0.067000
 6.3 0.133917
 6.4 0.220250
 6.5 0.233000
 6.6 0.233000
 6.7 0.325000
 6.8 0.400000
 6.9 0.400000
 7.0 0.400000
 7.1 0.400000
 7.2 0.400000
 7.3 0.400000
 7.4 0.400000
 7.5 0.400000
 7.6 0.400000
 7.7 0.400000
 7.8 0.400000
 7.9 0.400000
 8.0 0.400000
 8.1 0.400000
 8.2 0.400000
 8.3 0.433333
 8.4 0.500000
 8.5 0.500000
 8.6 0.500000
 8.7 0.358125
 8.8 0.293000
 8.9 0.199375
 9.0 0.176625
 9.1 0.171000
 9.2 0.171000
 9.3 0.229571
 9.4 0.165286
 9.5 0.123300
 9.6 0.049000
 9.7 0.129400
 9.8 0.118833
 9.9 0.133000
 10.0 0.182000
 10.1 0.182000
 10.2 0.169714
 10.3 0.167000
 10.4 0.222000
 10.5 0.222000
 10.6 0.222000
 10.7 0.222000
 10.8 0.222000
 10.9 0.222000
 11.0 0.222000
 11.1 0.222000
 11.2 0.222000
 11.3 0.222000
 11.4 0.222000
 11.5 0.222000
 11.6 0.203667
 11.7 0.167000
 11.8 0.120333
 11.9 0.111000

