ATOMS
N -18.076 -16.552 -10.791
CA -16.627 -16.552 -10.791
C -16.104 -15.123 -10.791
O -14.995 -14.866 -10.326
CB -16.078 -17.263 -12.023

N -16.906 -14.193 -11.314
CA -16.523 -12.796 -11.373
C -16.011 -12.337 -10.015
O -15.219 -11.400 -9.933
CB -17.708 -11.918 -11.761

N -16.465 -13.000 -8.949
CA -16.053 -12.659 -7.602
C -14.538 -12.540 -7.533
O -14.008 -11.829 -6.683
CB -16.497 -13.725 -6.606

N -13.842 -13.241 -8.432
CA -12.393 -13.212 -8.470
C -11.898 -11.773 -8.435
O -10.782 -11.511 -7.991
CB -11.865 -13.871 -9.740

N -12.731 -10.842 -8.905
CA -12.376 -9.438 -8.926
C -11.837 -9.014 -7.567
O -11.061 -8.065 -7.475
CB -13.588 -8.570 -9.252

N -12.250 -9.721 -6.513
CA -11.808 -9.418 -5.167
C -10.293 -9.272 -5.134
O -9.754 -8.579 -4.274
CB -12.204 -10.525 -4.196

N -9.609 -9.927 -6.074
CA -8.163 -9.869 -6.149
C -7.694 -8.423 -6.078
O -6.572 -8.153 -5.655
CB -7.656 -10.474 -7.454

N -8.557 -7.493 -6.494
CA -8.230 -6.082 -6.476
C -7.661 -5.693 -5.118
O -6.902 -4.733 -5.014
CB -9.465 -5.228 -6.740

N -8.032 -6.444 -4.078
CA -7.560 -6.177 -2.735
C -6.048 -6.002 -2.736
O -5.499 -5.328 -1.868
CB -7.909 -7.324 -1.792

N -5.377 -6.612 -3.716
CA -3.935 -6.522 -3.827
C -3.492 -5.070 -3.719
O -2.364 -4.793 -3.317
CB -3.453 -7.073 -5.165

N -4.383 -4.145 -4.080
CA -4.082 -2.728 -4.023
C -3.485 -2.375 -2.668
O -2.741 -1.403 -2.551
CB -5.341 -1.891 -4.225

N -3.813 -3.167 -1.645
CA -3.310 -2.936 -0.306
C -1.803 -2.731 -0.342
O -1.243 -2.076 0.535
CB -3.612 -4.121 0.605

N -1.147 -3.295 -1.359
CA 0.290 -3.173 -1.505
C 0.709 -1.717 -1.359
O 1.841 -1.431 -0.978
CB 0.746 -3.668 -2.873

N -0.210 -0.797 -1.665
CA 0.066 0.622 -1.567
C 0.693 0.942 -0.218
O 1.421 1.923 -0.087
CB -1.213 1.441 -1.708

N 0.407 0.109 0.786
CA 0.942 0.305 2.119
C 2.444 0.540 2.050
O 3.014 1.177 2.934
CB 0.687 -0.916 2.997

N 3.082 0.024 0.998
CA 4.512 0.180 0.818
C 4.907 1.638 1.002
O 6.044 1.933 1.363
CB 4.941 -0.260 -0.578

N 3.963 2.549 0.753
CA 4.215 3.969 0.891
C 4.872 4.256 2.234
O 5.585 5.246 2.379
CB 2.923 4.777 0.823

N 4.629 3.384 3.216
CA 5.196 3.545 4.540
C 6.691 3.813 4.440
O 7.273 4.431 5.329
CB 4.988 2.291 5.382

N 7.310 3.346 3.354
CA 8.731 3.535 3.142
C 9.103 4.994 3.366
O 10.244 5.299 3.706
CB 9.130 3.151 1.721

N 8.136 5.894 3.172
CA 8.365 7.313 3.353
C 9.052 7.567 4.687
O 9.750 8.566 4.847
CB 7.051 8.087 3.335

N 8.852 6.659 5.644
CA 9.451 6.787 6.958
C 10.938 7.087 6.828
O 11.532 7.686 7.721
CB 9.291 5.501 7.762

N 11.537 6.669 5.710
CA 12.947 6.893 5.467
C 13.298 8.351 5.731
O 14.441 8.667 6.052
CB 13.315 6.565 4.024

N 12.309 9.237 5.594
CA 12.515 10.654 5.816
C 13.234 10.877 7.140
O 13.917 11.883 7.315
CB 11.187 11.402 5.860

N 13.077 9.933 8.071
CA 13.709 10.028 9.371
C 15.185 10.362 9.213
O 15.792 10.942 10.110
CB 13.594 8.713 10.135

N 15.762 9.994 8.066
CA 17.161 10.254 7.794
C 17.491 11.708 8.097
O 18.636 12.037 8.399
CB 17.496 9.982 6.331

N 16.482 12.580 8.017
CA 16.668 13.992 8.283
C 17.417 14.184 9.593
O 18.066 15.220 9.718
OXT 17.318 13.288 10.429
CB 15.327 14.711 8.387

EDGES
1 6 2.684643
1 7 4.105858
1 8 4.757376
1 10 4.748714
1 11 4.313350
1 12 5.423809
1 15 5.291445
2 6 2.432334
2 7 3.802246
2 8 4.329880
2 9 5.409411
2 10 4.856276
2 11 4.004486
2 12 5.065042
2 13 5.574462
2 15 5.052035
2 16 4.927862
2 20 5.564980
3 6 1.334778
3 7 2.434998
3 8 2.893548
3 9 3.921749
3 10 3.712915
3 11 2.833799
3 12 4.030337
3 13 4.442838
3 14 5.667391
3 15 4.429794
3 16 3.771399
3 17 4.776032
3 20 4.543262
3 21 5.767242
4 6 2.254106
4 7 2.777750
4 8 2.743140
4 9 3.495394
4 10 4.255620
4 11 2.745721
4 12 3.662020
4 13 3.663328
4 14 4.844480
4 15 4.170885
4 16 2.749049
4 17 3.598730
4 18 4.768012
4 20 3.336214
4 21 4.830892
5 6 3.257785
5 7 4.535925
5 8 5.319965
5 10 5.594155
5 11 5.269954
6 11 2.685322
6 12 4.106058
6 13 4.757709
6 15 4.748849
6 16 4.312809
6 17 5.423824
6 20 5.290826
7 11 2.433260
7 12 3.802645
7 13 4.330284
7 14 5.408920
7 15 4.856749
7 16 4.004406
7 17 5.065310
7 18 5.573957
7 20 5.051661
7 21 4.928327
7 25 5.565244
8 11 1.334931
8 12 2.434752
8 13 2.893313
8 14 3.920752
8 15 3.712684
8 16 2.833314
8 17 4.030208
8 18 4.441989
8 19 5.667565
8 20 4.429232
8 21 3.771674
8 22 4.775285
8 25 4.543499
8 26 5.766505
9 11 2.254057
9 12 2.777445
9 13 2.742875
9 14 3.494719
9 15 4.255331
9 16 2.745617
9 17 3.661965
9 18 3.662264
9 19 4.844652
9 20 4.170420
9 21 2.749235
9 22 3.598075
9 23 4.767481
9 25 3.336588
9 26 4.830155
10 11 3.259312
10 12 4.537112
10 13 5.320880
10 15 5.595158
10 16 5.270534
11 16 2.684306
11 17 4.105553
11 18 4.756807
11 20 4.748086
11 21 4.312964
11 22 5.422941
11 25 5.290920
12 16 2.432313
12 17 3.801951
12 18 4.329308
12 19 5.408573
12 20 4.855855
12 21 4.004370
12 22 5.064400
12 23 5.573321
12 25 5.051598
12 26 4.927532
12 30 5.565033
13 16 1.335671
13 17 2.435278
13 18 2.893353
13 19 3.921242
13 20 3.713131
13 21 2.833873
13 22 4.029528
13 23 4.441760
13 24 5.667320
13 25 4.429262
13 26 3.771221
13 27 4.774698
13 30 4.543495
13 31 5.766411
14 16 2.253952
14 17 2.777460
14 18 2.743126
14 19 3.495578
14 20 4.255286
14 21 2.746303
14 22 3.662152
14 23 3.663185
14 24 4.845593
14 25 4.171000
14 26 2.750114
14 27 3.598774
14 28 4.768530
14 30 3.337664
14 31 4.831116
15 16 3.258459
15 17 4.536572
15 18 5.320371
15 20 5.594524
15 21 5.270659
16 21 2.685750
16 22 4.105606
16 23 4.757707
16 25 4.749227
16 26 4.313632
16 27 5.423349
16 30 5.291824
17 21 2.433181
17 22 3.801487
17 23 4.329867
17 24 5.408868
17 25 4.856718
17 26 4.004670
17 27 5.064234
17 28 5.573374
17 30 5.052006
17 31 4.927748
17 35 5.564896
18 21 1.334747
18 22 2.433473
18 23 2.892961
18 24 3.920642
18 25 3.712519
18 26 2.833495
18 27 4.029138
18 28 4.441579
18 29 5.666771
18 30 4.429476
18 31 3.771148
18 32 4.775064
18 35 4.543603
18 36 5.766122
19 21 2.254231
19 22 2.777119
19 23 2.743685
19 24 3.495570
19 25 4.255965
19 26 2.746563
19 27 3.661735
19 28 3.662607
19 29 4.844533
19 30 4.170888
19 31 2.749523
19 32 3.598373
19 33 4.767710
19 35 3.337007
19 36 4.830731
20 21 3.259144
20 22 4.535990
20 23 5.321011
20 25 5.595308
20 26 5.271077
21 26 2.685082
21 27 4.105161
21 28 4.757014
21 30 4.748989
21 31 4.312618
21 32 5.422996
21 35 5.291167
22 26 2.432804
22 27 3.801724
22 28 4.329632
22 29 5.408685
22 30 4.856342
22 31 4.003663
22 32 5.064273
22 33 5.573370
22 35 5.051582
22 36 4.927719
22 40 5.565664
23 26 1.334666
23 27 2.433939
23 28 2.893093
23 29 3.920710
23 30 3.712338
23 31 2.833126
23 32 4.029891
23 33 4.441942
23 34 5.667212
23 35 4.430026
23 36 3.771362
23 37 4.774657
23 40 4.543579
23 41 5.766806
24 26 2.254218
24 27 2.777676
24 28 2.743529
24 29 3.495547
24 30 4.255572
24 31 2.745569
24 32 3.662116
24 33 3.662849
24 34 4.844715
24 35 4.171061
24 36 2.749466
24 37 3.597895
24 38 4.768840
24 40 3.337066
24 41 4.831365
25 26 3.258399
25 27 4.535937
25 28 5.320503
25 30 5.594695
25 31 5.270064
26 31 2.685151
26 32 4.105846
26 33 4.757222
26 35 4.749455
26 36 4.313072
26 37 5.422554
26 40 5.291012
27 31 2.432556
27 32 3.801809
27 33 4.329543
27 34 5.408703
27 35 4.856399
27 36 4.004442
27 37 5.064036
27 38 5.574552
27 40 5.051740
27 41 4.928364
27 45 5.565758
28 31 1.334347
28 32 2.433831
28 33 2.892531
28 34 3.920388
28 35 3.712273
28 36 2.833397
28 37 4.029024
28 38 4.442625
28 39 5.667081
28 40 4.429306
28 41 3.771583
28 42 4.775303
28 45 4.543911
28 46 5.766574
29 31 2.253470
29 32 2.776870
29 33 2.742691
29 34 3.494819
29 35 4.255000
29 36 2.746016
29 37 3.661474
29 38 3.663602
29 39 4.844917
29 40 4.170597
29 41 2.749895
29 42 3.598856
29 43 4.768732
29 45 3.337570
29 46 4.831002
30 31 3.258606
30 32 4.535882
30 33 5.319815
30 35 5.594772
30 36 5.270146
31 36 2.684671
31 37 4.104543
31 38 4.757667
31 40 4.748146
31 41 4.313031
31 42 5.423082
31 45 5.291610
32 36 2.433030
32 37 3.801682
32 38 4.330582
32 39 5.408959
32 40 4.856271
32 41 4.004601
32 42 5.064570
32 43 5.574539
32 45 5.052226
32 46 4.928421
32 50 5.565067
33 36 1.335187
33 37 2.434334
33 38 2.894061
33 39 3.921155
33 40 3.712507
33 41 2.833846
33 42 4.029655
33 43 4.442918
33 44 5.667552
33 45 4.429878
33 46 3.771903
33 47 4.776074
33 50 4.543363
33 51 5.766802
34 36 2.253829
34 37 2.777057
34 38 2.743336
34 39 3.495165
34 40 4.254680
34 41 2.745762
34 42 3.661573
34 43 3.663596
34 44 4.844928
34 45 4.171041
34 46 2.749987
34 47 3.599377
34 48 4.768583
34 50 3.336864
34 51 4.830777
35 36 3.258798
35 37 4.536036
35 38 5.321173
35 40 5.594890
35 41 5.270641
36 41 2.685718
36 42 4.105599
36 43 4.758227
36 45 4.749449
36 46 4.313449
36 47 5.423893
36 50 5.290884
37 41 2.433239
37 42 3.801711
37 43 4.330719
37 44 5.409301
37 45 4.856486
37 46 4.004761
37 47 5.065355
37 48 5.574391
37 50 5.051785
37 51 4.928711
37 55 5.565771
38 41 1.335381
38 42 2.433751
38 43 2.893298
38 44 3.920455
38 45 3.712673
38 46 2.833164
38 47 4.029516
38 48 4.441384
38 49 5.666728
38 50 4.428755
38 51 3.770813
38 52 4.774881
38 55 4.542582
38 56 5.766239
39 41 2.254000
39 42 2.777038
39 43 2.743895
39 44 3.495676
39 45 4.255422
39 46 2.746101
39 47 3.662319
39 48 3.663154
39 49 4.845292
39 50 4.170612
39 51 2.750175
39 52 3.599237
39 53 4.768623
39 55 3.337095
39 56 4.831608
40 41 3.258587
40 42 4.535378
40 43 5.320431
40 45 5.594377
40 46 5.269893
41 46 2.684826
41 47 4.105423
41 48 4.756927
41 50 4.748100
41 51 4.312842
41 52 5.423484
41 55 5.290832
42 46 2.432504
42 47 3.801594
42 48 4.329241
42 49 5.408567
42 50 4.855426
42 51 4.003920
42 52 5.064684
42 53 5.573627
42 55 5.051124
42 56 4.928307
42 60 5.565019
43 46 1.335193
43 47 2.434225
43 48 2.892758
43 49 3.920599
43 50 3.712291
43 51 2.833198
43 52 4.029963
43 53 4.441703
43 54 5.667563
43 55 4.429141
43 56 3.771304
43 57 4.775134
43 60 4.542526
43 61 5.765742
44 46 2.253585
44 47 2.776583
44 48 2.742410
44 49 3.494861
44 50 4.254568
44 51 2.745522
44 52 3.662228
44 53 3.662841
44 54 4.845480
44 55 4.170537
44 56 2.749954
44 57 3.599059
44 58 4.767966
44 60 3.336667
44 61 4.830329
45 46 3.258795
45 47 4.536199
45 48 5.320125
45 50 5.594289
45 51 5.270072
46 51 2.684515
46 52 4.105695
46 53 4.757114
46 55 4.748496
46 56 4.313138
46 57 5.423427
46 60 5.290685
47 51 2.432045
47 52 3.801902
47 53 4.329364
47 54 5.409064
47 55 4.856068
47 56 4.004002
47 57 5.064332
47 58 5.573359
47 60 5.050916
47 61 4.927220
47 65 5.564817
48 51 1.334102
48 52 2.434231
48 53 2.892693
48 54 3.921111
48 55 3.712260
48 56 2.833007
48 57 4.029348
48 58 4.441596
48 59 5.667323
48 60 4.428541
48 61 3.770842
48 62 4.775346
48 65 4.543343
48 66 5.766192
49 51 2.253538
49 52 2.777442
49 53 2.743094
49 54 3.495853
49 55 4.255420
49 56 2.745735
49 57 3.661897
49 58 3.662948
49 59 4.845269
49 60 4.170272
49 61 2.749338
49 62 3.598814
49 63 4.768529
49 65 3.336894
49 66 4.830821
50 51 3.258114
50 52 4.536390
50 53 5.320455
50 55 5.594754
50 56 5.270373
51 56 2.685258
51 57 4.105616
51 58 4.756936
51 60 4.748078
51 61 4.312544
51 62 5.423314
51 65 5.290654
52 56 2.433098
52 57 3.802017
52 58 4.329389
52 59 5.409287
52 60 4.855897
52 61 4.004074
52 62 5.064853
52 63 5.574289
52 65 5.051305
52 66 4.927607
52 70 5.565155
53 56 1.334682
53 57 2.434007
53 58 2.892427
53 59 3.921119
53 60 3.711762
53 61 2.833042
53 62 4.029888
53 63 4.442531
53 64 5.666879
53 65 4.428909
53 66 3.771169
53 67 4.775334
53 70 4.543725
53 71 5.766111
54 56 2.254266
54 57 2.777386
54 58 2.742829
54 59 3.495759
54 60 4.255173
54 61 2.746154
54 62 3.662510
54 63 3.663599
54 64 4.844568
54 65 4.170501
54 66 2.749217
54 67 3.598351
54 68 4.768047
54 70 3.336730
54 71 4.830281
55 56 3.258736
55 57 4.536028
55 58 5.319843
55 60 5.593857
55 61 5.270181
56 61 2.684350
56 62 4.105392
56 63 4.757392
56 65 4.747996
56 66 4.312645
56 67 5.423029
56 70 5.291279
57 61 2.432336
57 62 3.801811
57 63 4.329796
57 64 5.408272
57 65 4.855559
57 66 4.004023
57 67 5.064273
57 68 5.574104
57 70 5.051845
57 71 4.927533
57 75 5.564730
58 61 1.335186
58 62 2.434868
58 63 2.893550
58 64 3.920871
58 65 3.712322
58 66 2.833431
58 67 4.029441
58 68 4.442558
58 69 5.667355
58 70 4.429406
58 71 3.771218
58 72 4.775860
58 75 4.543484
58 76 5.766182
59 61 2.254421
59 62 2.777607
59 63 2.743432
59 64 3.495175
59 65 4.255003
59 66 2.746440
59 67 3.662115
59 68 3.663800
59 69 4.845181
59 70 4.171479
59 71 2.749496
59 72 3.598950
59 73 4.767877
59 75 3.336457
59 76 4.830113
60 61 3.258189
60 62 4.536123
60 63 5.320484
60 65 5.594091
60 66 5.270245
61 66 2.685444
61 67 4.105791
61 68 4.758114
61 70 4.749300
61 71 4.313138
61 72 5.424058
61 75 5.291307
62 66 2.433306
62 67 3.802111
62 68 4.330358
62 69 5.409168
62 70 4.856873
62 71 4.004235
62 72 5.065073
62 73 5.573519
62 75 5.051699
62 76 4.927584
62 80 5.565671
63 66 1.335888
63 67 2.434673
63 68 2.893513
63 69 3.921037
63 70 3.713334
63 71 2.833109
63 72 4.029796
63 73 4.441346
63 74 5.667284
63 75 4.429088
63 76 3.770631
63 77 4.775013
63 80 4.543417
63 81 5.766092
64 66 2.254002
64 67 2.777113
64 68 2.743471
64 69 3.495654
64 70 4.255373
64 71 2.745843
64 72 3.662418
64 73 3.662954
64 74 4.845755
64 75 4.171039
64 76 2.749851
64 77 3.599330
64 78 4.768597
64 80 3.337850
64 81 4.831112
65 66 3.258196
65 67 4.535652
65 68 5.320144
65 70 5.594353
65 71 5.269623
66 71 2.684944
66 72 4.106113
66 73 4.757364
66 75 4.749001
66 76 4.313105
66 77 5.423753
66 80 5.291761
67 71 2.432295
67 72 3.801902
67 73 4.329468
67 74 5.409042
67 75 4.856046
67 76 4.004133
67 77 5.064633
67 78 5.573805
67 80 5.051898
67 81 4.927711
67 85 5.580195
68 71 1.335553
68 72 2.435023
68 73 2.893342
68 74 3.921399
68 75 3.713277
68 76 2.833496
68 77 4.029727
68 78 4.441915
68 79 5.666996
68 80 4.429437
68 81 3.770702
68 82 4.774630
68 85 4.556732
68 86 5.766092
69 71 2.254090
69 72 2.777373
69 73 2.743353
69 74 3.495798
69 75 4.255553
69 76 2.746333
69 77 3.662152
69 78 3.663242
69 79 4.845073
69 80 4.170968
69 81 2.749407
69 82 3.598477
69 83 4.768577
69 85 3.351033
69 86 4.830693
70 71 3.258629
70 72 4.536568
70 73 5.320528
70 75 5.594861
70 76 5.270422
71 76 2.684734
71 77 4.105739
71 78 4.757573
71 80 4.749085
71 81 4.312751
71 82 5.423236
71 85 5.303004
72 76 2.432119
72 77 3.801727
72 78 4.329642
72 79 5.408542
72 80 4.856443
72 81 4.003490
72 82 5.064130
72 83 5.573915
72 85 5.059917
72 86 4.927232
72 90 5.564304
73 76 1.334168
73 77 2.433937
73 78 2.893143
73 79 3.920768
73 80 3.712330
73 81 2.832958
73 82 4.029611
73 83 4.442713
73 84 5.667500
73 85 4.437019
73 86 3.771222
73 87 4.775315
73 90 4.543144
73 91 5.766455
74 76 2.254358
74 77 2.777673
74 78 2.743828
74 79 3.495780
74 80 4.255871
74 81 2.745860
74 82 3.662173
74 83 3.663660
74 84 4.845083
74 85 4.174279
74 86 2.749290
74 87 3.598303
74 88 4.768318
74 90 3.336222
74 91 4.830795
75 76 3.258163
75 77 4.536505
75 78 5.320840
75 80 5.595308
75 81 5.270098
76 81 2.685482
76 82 4.105869
76 83 4.758321
76 85 4.758877
76 86 4.313042
76 87 5.423302
76 90 5.290707
77 81 2.432650
77 82 3.801323
77 83 4.329946
77 84 5.408549
77 85 4.863883
77 86 4.003712
77 87 5.064027
77 88 5.573654
77 90 5.051039
77 91 4.927845
77 95 5.564906
78 81 1.335312
78 82 2.434080
78 83 2.893609
78 84 3.920903
78 85 3.717744
78 86 2.833301
78 87 4.029592
78 88 4.442198
78 89 5.667604
78 90 4.429150
78 91 3.771416
78 92 4.775059
78 95 4.543111
78 96 5.766184
79 81 2.254355
79 82 2.777287
79 83 2.743821
79 84 3.495555
79 85 4.256827
79 86 2.746131
79 87 3.662100
79 88 3.663460
79 89 4.845575
79 90 4.170811
79 91 2.750165
79 92 3.598780
79 93 4.768565
79 95 3.336927
79 96 4.830990
80 81 3.258608
80 82 4.535359
80 83 5.320372
80 85 5.604150
80 86 5.269774
81 86 2.684614
81 87 4.105323
81 88 4.757483
81 90 4.748140
81 91 4.313099
81 92 5.423407
81 95 5.291249
82 86 2.432950
82 87 3.802281
82 88 4.330163
82 89 5.409312
82 90 4.856160
82 91 4.004188
82 92 5.064545
82 93 5.573939
82 95 5.051262
82 96 4.927761
82 100 5.565425
83 86 1.335574
83 87 2.434776
83 88 2.893345
83 89 3.921027
83 90 3.712760
83 91 2.833080
83 92 4.029415
83 93 4.441557
83 94 5.666835
83 95 4.428855
83 96 3.770489
83 97 4.774773
83 100 4.542775
83 101 5.765666
84 86 2.254229
84 87 2.777525
84 88 2.743072
84 89 3.495149
84 90 4.255167
84 91 2.745223
84 92 3.661558
84 93 3.662512
84 94 4.844587
84 95 4.170014
84 96 2.748882
84 97 3.598550
84 98 4.768018
84 100 3.336821
84 101 4.830122
85 86 3.252281
85 87 4.527741
85 88 5.311291
85 90 5.588283
85 91 5.263031
86 91 2.684818
86 92 4.105445
86 93 4.757234
86 95 4.748507
86 96 4.312898
86 97 5.423422
86 100 5.291357
87 91 2.432117
87 92 3.801411
87 93 4.329264
87 94 5.408731
87 95 4.855755
87 96 4.004101
87 97 5.064519
87 98 5.573763
87 100 5.052011
87 101 4.927692
87 105 5.565631
88 91 1.334408
88 92 2.433863
88 93 2.892401
88 94 3.920556
88 95 3.712132
88 96 2.833092
88 97 4.029125
88 98 4.441604
88 99 5.666934
88 100 4.429187
88 101 3.770842
88 102 4.775207
88 105 4.543680
88 106 5.766572
89 91 2.253712
89 92 2.776968
89 93 2.742123
89 94 3.494910
89 95 4.254940
89 96 2.745503
89 97 3.661006
89 98 3.662172
89 99 4.844180
89 100 4.170330
89 101 2.748900
89 102 3.598341
89 103 4.767973
89 105 3.337171
89 106 4.830683
90 91 3.258449
90 92 4.535988
90 93 5.320121
90 95 5.594523
90 96 5.270257
91 96 2.684717
91 97 4.104889
91 98 4.756921
91 100 4.748107
91 101 4.312520
91 102 5.423392
91 105 5.291394
92 96 2.433065
92 97 3.801547
92 98 4.329791
92 99 5.408914
92 100 4.855961
92 101 4.004250
92 102 5.065152
92 103 5.574419
92 105 5.052045
92 106 4.928511
92 110 5.565239
93 96 1.335187
93 97 2.433634
93 98 2.892745
93 99 3.920606
93 100 3.711915
93 101 2.832757
93 102 4.029692
93 103 4.442220
93 104 5.666827
93 105 4.429132
93 106 3.771514
93 107 4.774593
93 110 4.543341
93 111 5.765888
94 96 2.254517
94 97 2.776949
94 98 2.743547
94 99 3.495598
94 100 4.255095
94 101 2.746472
94 102 3.663127
94 103 3.664078
94 104 4.845301
94 105 4.171349
94 106 2.750412
94 107 3.598356
94 108 4.768883
94 110 3.336903
94 111 4.830798
95 96 3.258448
95 97 4.535515
95 98 5.320178
95 100 5.593866
95 101 5.270036
96 101 2.684896
96 102 4.106150
96 103 4.758234
96 105 4.749376
96 106 4.313800
96 107 5.423168
96 110 5.291331
97 101 2.431782
97 102 3.801591
97 103 4.329784
97 104 5.408183
97 105 4.855935
97 106 4.003969
97 107 5.063607
97 108 5.573761
97 110 5.050965
97 111 4.927372
97 115 5.564949
98 101 1.334284
98 102 2.434141
98 103 2.893316
98 104 3.920423
98 105 3.712291
98 106 2.833400
98 107 4.029107
98 108 4.442196
98 109 5.666970
98 110 4.429079
98 111 3.770888
98 112 4.774576
98 115 4.543278
98 116 5.766285
99 101 2.253500
99 102 2.776790
99 103 2.742835
99 104 3.494252
99 105 4.254660
99 106 2.745314
99 107 3.661166
99 108 3.662784
99 109 4.844348
99 110 4.170198
99 111 2.748951
99 112 3.597767
99 113 4.768315
99 115 3.336770
99 116 4.830300
100 101 3.257954
100 102 4.536092
100 103 5.320697
100 105 5.594937
100 106 5.270251
101 106 2.685830
101 107 4.105498
101 108 4.757872
101 110 4.748853
101 111 4.312706
101 112 5.422839
101 115 5.291024
102 106 2.433685
102 107 3.802148
102 108 4.330246
102 109 5.408820
102 110 4.856762
102 111 4.003893
102 112 5.064183
102 113 5.574254
102 115 5.051487
102 116 4.927876
102 120 5.564823
103 106 1.335458
103 107 2.434345
103 108 2.893217
103 109 3.920406
103 110 3.712820
103 111 2.832825
103 112 4.029214
103 113 4.442191
103 114 5.666853
103 115 4.429249
103 116 3.770953
103 117 4.774387
103 120 4.542517
103 121 5.766651
104 106 2.253538
104 107 2.776975
104 108 2.742459
104 109 3.494310
104 110 4.254825
104 111 2.744715
104 112 3.661194
104 113 3.662901
104 114 4.844365
104 115 4.170252
104 116 2.749279
104 117 3.598165
104 118 4.767751
104 120 3.336760
104 121 4.831024
105 106 3.258749
105 107 4.535529
105 108 5.320104
105 110 5.594400
105 111 5.269368
106 111 2.684039
106 112 4.104625
106 113 4.757307
106 115 4.748293
106 116 4.312727
106 117 5.422489
106 120 5.290540
107 111 2.432593
107 112 3.801782
107 113 4.330537
107 114 5.408891
107 115 4.856246
107 116 4.004911
107 117 5.064591
107 118 5.574506
107 120 5.051854
107 121 4.929019
107 125 5.566131
108 111 1.334873
108 112 2.433952
108 113 2.893104
108 114 3.920107
108 115 3.712353
108 116 2.833225
108 117 4.028753
108 118 4.441758
108 119 5.666477
108 120 4.428756
108 121 3.771335
108 122 4.774950
108 125 4.543497
108 126 5.766116
109 111 2.253905
109 112 2.777290
109 113 2.743117
109 114 3.494625
109 115 4.255068
109 116 2.745836
109 117 3.661135
109 118 3.663125
109 119 4.844398
109 120 4.170182
109 121 2.749939
109 122 3.598824
109 123 4.767830
109 125 3.337677
109 126 4.830991
110 111 3.258300
110 112 4.535547
110 113 5.320654
110 115 5.594269
110 116 5.270510
111 116 2.685101
111 117 4.105047
111 118 4.757537
111 120 4.748314
111 121 4.313588
111 122 5.423670
111 125 5.291801
112 116 2.433251
112 117 3.802044
112 118 4.330563
112 119 5.409261
112 120 4.856489
112 121 4.005135
112 122 5.065353
112 123 5.574446
112 125 5.052442
112 126 4.928587
112 131 5.565666
113 116 1.335120
113 117 2.433883
113 118 2.892915
113 119 3.920266
113 120 3.712482
113 121 2.833364
113 122 4.029538
113 123 4.441673
113 124 5.666770
113 125 4.429464
113 126 3.770788
113 127 4.775147
113 130 5.771438
113 131 4.542600
114 116 2.253805
114 117 2.776945
114 118 2.742931
114 119 3.494729
114 120 4.255071
114 121 2.745241
114 122 3.661505
114 123 3.662735
114 124 4.844351
114 125 4.170288
114 126 2.749152
114 127 3.599015
114 128 4.768006
114 130 4.820562
114 131 3.336895
115 116 3.258617
115 117 4.536020
115 118 5.320546
115 120 5.594640
115 121 5.270629
116 121 2.685697
116 122 4.105950
116 123 4.757594
116 125 4.749480
116 126 4.313183
116 127 5.423625
116 131 5.290713
117 121 2.432897
117 122 3.801882
117 123 4.330012
117 124 5.408900
117 125 4.856448
117 126 4.004441
117 127 5.064852
117 128 5.574126
117 130 4.977132
117 131 5.051403
118 121 1.335650
118 122 2.435118
118 123 2.893926
118 124 3.921431
118 125 3.713630
118 126 2.834105
118 127 4.030023
118 128 4.442286
118 129 5.670569
118 130 3.819662
118 131 4.429023
119 121 2.253340
119 122 2.776934
119 123 2.743269
119 124 3.494980
119 125 4.255121
119 126 2.745868
119 127 3.661667
119 128 3.663124
119 129 4.860661
119 130 2.816763
119 131 4.170170
120 121 3.259133
120 122 4.536348
120 123 5.320722
120 125 5.595211
120 126 5.270688
121 126 2.684809
121 127 4.105110
121 128 4.756769
121 130 4.342274
121 131 4.747879
122 126 2.433320
122 127 3.801949
122 128 4.329762
122 129 5.402033
122 130 4.021571
122 131 4.855930
123 126 1.335988
123 127 2.434868
123 128 2.893798
123 129 3.910551
123 130 2.822154
123 131 3.712816
124 126 2.253994
124 127 2.776419
124 128 2.742482
124 129 3.492299
124 130 2.724523
124 131 4.254398
125 126 3.258895
125 127 4.536076
125 128 5.320121
125 130 5.268294
125 131 5.594206

RESIDUES
ALA 1
 0.0 5.000000
 0.1 5.000000
 0.2 5.000000
 0.3 5.000000
 0.4 5.000000
 0.5 5.000000
 0.6 5.000000
 0.7 5.000000
 0.8 5.000000
 0.9 5.000000
 1.0 5.000000
 1.1 5.000000
 1.2 5.000000
 1.3 4.666667
 1.4 4.666667
 1.5 4.666667
 1.6 4.666667
 1.7 4.666667
 1.8 4.666667
 1.9 4.666667
 2.0 4.666667
 2.1 4.666667
 2.2 4.666667
 2.3 4.166667
 2.4 3.375000
 2.5 3.375000
 2.6 3.375000
 2.7 2.303091
 2.8 1.937500
 2.9 2.028333
 3.0 2.028333
 3.1 2.028333
 3.2 2.028333
 3.3 1.250333
 3.4 0.917000
 3.5 0.875000
 3.6 0.583000
 3.7 0.749750
 3.8 0.761714
 3.9 0.729250
 4.0 0.722333
 4.1 0.667000
 4.2 0.695000
 4.3 0.483900
 4.4 0.430833
 4.5 0.417167
 4.6 0.501000
 4.7 0.166500
 4.8 -0.153250
 4.9 -0.261125
 5.0 -0.250000
 5.1 -0.683400
 5.2 -0.683400
 5.3 -1.433455
 5.4 -1.689500
 5.5 -1.689500
 5.6 -3.165091
 5.7 -4.979500

ALA 2
 0.0 5.000000
 0.1 5.000000
 0.2 5.000000
 0.3 5.000000
 0.4 5.000000
 0.5 5.000000
 0.6 5.000000
 0.7 5.000000
 0.8 5.000000
 0.9 5.000000
 1.0 5.000000
 1.1 5.000000
 1.2 5.000000
 1.3 4.333333
 1.4 4.333333
 1.5 4.333333
 1.6 4.333333
 1.7 4.333333
 1.8 4.333333
 1.9 4.333333
 2.0 4.333333
 2.1 4.333333
 2.2 4.333333
 2.3 3.333333
 2.4 1.875000
 2.5 1.875000
 2.6 1.875000
 2.7 -0.242545
 2.8 -0.407125
 2.9 0.167667
 3.0 0.167667
 3.1 0.167667
 3.2 0.167667
 3.3 -0.915667
 3.4 -1.499000
 3.5 -1.582500
 3.6 -2.166000
 3.7 -1.426375
 3.8 -1.499714
 3.9 -1.895500
 4.0 -1.444333
 4.1 -1.500500
 4.2 -1.555667
 4.3 -1.575000
 4.4 -1.291500
 4.5 -1.222833
 4.6 -1.168000
 4.7 -2.250500
 4.8 -3.662812
 4.9 -4.196250
 5.0 -4.167000
 5.1 -5.063200
 5.2 -5.063200
 5.3 -5.456455
 5.4 -5.766500
 5.5 -5.766500
 5.6 -8.474000
 5.7 -12.978750

ALA 3
 0.0 5.000000
 0.1 5.000000
 0.2 5.000000
 0.3 5.000000
 0.4 5.000000
 0.5 5.000000
 0.6 5.000000
 0.7 5.000000
 0.8 5.000000
 0.9 5.000000
 1.0 5.000000
 1.1 5.000000
 1.2 5.000000
 1.3 4.500000
 1.4 4.500000
 1.5 4.500000
 1.6 4.500000
 1.7 4.500000
 1.8 4.500000
 1.9 4.500000
 2.0 4.500000
 2.1 4.500000
 2.2 4.500000
 2.3 3.333333
 2.4 1.875000
 2.5 1.875000
 2.6 1.875000
 2.7 -0.197000
 2.8 0.301625
 2.9 0.973000
 3.0 0.973000
 3.1 0.973000
 3.2 0.973000
 3.3 0.250667
 3.4 -0.416000
 3.5 -0.437250
 3.6 -0.750000
 3.7 0.073250
 3.8 0.643143
 3.9 0.520750
 4.0 0.485333
 4.1 0.166500
 4.2 0.166000
 4.3 0.050200
 4.4 0.208833
 4.5 0.583500
 4.6 0.667000
 4.7 -0.082500
 4.8 -1.551687
 4.9 -1.612750
 5.0 -2.000000
 5.1 -3.860200
 5.2 -3.860200
 5.3 -6.165000
 5.4 -7.122333
 5.5 -7.122333
 5.6 -12.435091
 5.7 -18.334000

ALA 4
 0.0 5.000000
 0.1 5.000000
 0.2 5.000000
 0.3 5.000000
 0.4 5.000000
 0.5 5.000000
 0.6 5.000000
 0.7 5.000000
 0.8 5.000000
 0.9 5.000000
 1.0 5.000000
 1.1 5.000000
 1.2 5.000000
 1.3 4.500000
 1.4 4.500000
 1.5 4.500000
 1.6 4.500000
 1.7 4.500000
 1.8 4.500000
 1.9 4.500000
 2.0 4.500000
 2.1 4.500000
 2.2 4.500000
 2.3 3.333333
 2.4 1.625000
 2.5 1.625000
 2.6 1.625000
 2.7 -0.136364
 2.8 0.197375
 2.9 1.000667
 3.0 1.000667
 3.1 1.000667
 3.2 1.000667
 3.3 -0.165667
 3.4 -0.999000
 3.5 -0.957750
 3.6 -1.750000
 3.7 -0.697875
 3.8 -0.023286
 3.9 -0.020250
 4.0 -0.193833
 4.1 -0.916500
 4.2 -1.000667
 4.3 -1.592200
 4.4 -1.916500
 4.5 -1.999000
 4.6 -1.999000
 4.7 -3.166000
 4.8 -5.737750
 4.9 -6.029375
 5.0 -6.166000
 5.1 -9.190400
 5.2 -9.190400
 5.3 -13.103909
 5.4 -15.450000
 5.5 -15.450000
 5.6 -24.062182
 5.7 -33.562500

ALA 5
 0.0 5.000000
 0.1 5.000000
 0.2 5.000000
 0.3 5.000000
 0.4 5.000000
 0.5 5.000000
 0.6 5.000000
 0.7 5.000000
 0.8 5.000000
 0.9 5.000000
 1.0 5.000000
 1.1 5.000000
 1.2 5.000000
 1.3 4.333333
 1.4 4.333333
 1.5 4.333333
 1.6 4.333333
 1.7 4.333333
 1.8 4.333333
 1.9 4.333333
 2.0 4.333333
 2.1 4.333333
 2.2 4.333333
 2.3 3.333333
 2.4 1.625000
 2.5 1.625000
 2.6 1.625000
 2.7 -0.136364
 2.8 0.239125
 2.9 1.000667
 3.0 1.000667
 3.1 1.000667
 3.2 1.000667
 3.3 -0.082333
 3.4 -0.999000
 3.5 -0.978500
 3.6 -2.000000
 3.7 -0.698000
 3.8 0.000571
 3.9 0.000500
 4.0 -0.221667
 4.1 -1.083000
 4.2 -0.973000
 4.3 -1.542100
 4.4 -2.013500
 4.5 -2.026667
 4.6 -1.999000
 4.7 -3.249500
 4.8 -5.501188
 4.9 -4.852500
 5.0 -4.999000
 5.1 -7.787200
 5.2 -7.787200
 5.3 -11.050636
 5.4 -13.000000
 5.5 -13.000000
 5.6 -20.848455
 5.7 -29.687500

ALA 6
 0.0 5.000000
 0.1 5.000000
 0.2 5.000000
 0.3 5.000000
 0.4 5.000000
 0.5 5.000000
 0.6 5.000000
 0.7 5.000000
 0.8 5.000000
 0.9 5.000000
 1.0 5.000000
 1.1 5.000000
 1.2 5.000000
 1.3 4.166667
 1.4 4.166667
 1.5 4.166667
 1.6 4.166667
 1.7 4.166667
 1.8 4.166667
 1.9 4.166667
 2.0 4.166667
 2.1 4.166667
 2.2 4.166667
 2.3 3.166667
 2.4 1.750000
 2.5 1.750000
 2.6 1.750000
 2.7 -0.151545
 2.8 0.259875
 2.9 1.000667
 3.0 1.000667
 3.1 1.000667
 3.2 1.000667
 3.3 0.084333
 3.4 -0.999000
 3.5 -1.020250
 3.6 -1.500000
 3.7 -0.677125
 3.8 0.012286
 3.9 -0.020500
 4.0 -0.194167
 4.1 -0.916500
 4.2 -1.000667
 4.3 -1.592100
 4.4 -2.013500
 4.5 -2.026833
 4.6 -1.999000
 4.7 -3.416000
 4.8 -5.486562
 4.9 -4.873250
 5.0 -4.999000
 5.1 -7.603800
 5.2 -7.603800
 5.3 -10.979545
 5.4 -13.000000
 5.5 -13.000000
 5.6 -20.907364
 5.7 -30.000000

ALA 7
 0.0 5.000000
 0.1 5.000000
 0.2 5.000000
 0.3 5.000000
 0.4 5.000000
 0.5 5.000000
 0.6 5.000000
 0.7 5.000000
 0.8 5.000000
 0.9 5.000000
 1.0 5.000000
 1.1 5.000000
 1.2 5.000000
 1.3 4.166667
 1.4 4.166667
 1.5 4.166667
 1.6 4.166667
 1.7 4.166667
 1.8 4.166667
 1.9 4.166667
 2.0 4.166667
 2.1 4.166667
 2.2 4.166667
 2.3 3.166667
 2.4 1.750000
 2.5 1.750000
 2.6 1.750000
 2.7 -0.151545
 2.8 0.176625
 2.9 1.056333
 3.0 1.056333
 3.1 1.056333
 3.2 1.056333
 3.3 0.001000
 3.4 -0.999000
 3.5 -1.041000
 3.6 -1.750000
 3.7 -0.625125
 3.8 0.000429
 3.9 -0.020500
 4.0 -0.277333
 4.1 -1.083000
 4.2 -1.000667
 4.3 -1.608700
 4.4 -2.083167
 4.5 -1.971333
 4.6 -1.999000
 4.7 -3.333000
 4.8 -5.527125
 4.9 -4.890125
 5.0 -4.999000
 5.1 -7.490400
 5.2 -7.490400
 5.3 -11.053818
 5.4 -12.777667
 5.5 -12.777667
 5.6 -20.860727
 5.7 -29.812500

ALA 8
 0.0 5.000000
 0.1 5.000000
 0.2 5.000000
 0.3 5.000000
 0.4 5.000000
 0.5 5.000000
 0.6 5.000000
 0.7 5.000000
 0.8 5.000000
 0.9 5.000000
 1.0 5.000000
 1.1 5.000000
 1.2 5.000000
 1.3 4.333333
 1.4 4.333333
 1.5 4.333333
 1.6 4.333333
 1.7 4.333333
 1.8 4.333333
 1.9 4.333333
 2.0 4.333333
 2.1 4.333333
 2.2 4.333333
 2.3 3.333333
 2.4 1.750000
 2.5 1.750000
 2.6 1.750000
 2.7 -0.106091
 2.8 0.197375
 2.9 1.056333
 3.0 1.056333
 3.1 1.056333
 3.2 1.056333
 3.3 0.001000
 3.4 -0.999000
 3.5 -0.999500
 3.6 -1.750000
 3.7 -0.625250
 3.8 -0.023429
 3.9 0.000500
 4.0 -0.179833
 4.1 -0.916500
 4.2 -1.000667
 4.3 -1.575300
 4.4 -1.999833
 4.5 -1.971167
 4.6 -1.999000
 4.7 -3.749000
 4.8 -5.457375
 4.9 -4.931750
 5.0 -4.999000
 5.1 -7.423800
 5.2 -7.423800
 5.3 -11.032545
 5.4 -12.916667
 5.5 -12.916667
 5.6 -20.739273
 5.7 -29.687750

ALA 9
 0.0 5.000000
 0.1 5.000000
 0.2 5.000000
 0.3 5.000000
 0.4 5.000000
 0.5 5.000000
 0.6 5.000000
 0.7 5.000000
 0.8 5.000000
 0.9 5.000000
 1.0 5.000000
 1.1 5.000000
 1.2 5.000000
 1.3 4.333333
 1.4 4.333333
 1.5 4.333333
 1.6 4.333333
 1.7 4.333333
 1.8 4.333333
 1.9 4.333333
 2.0 4.333333
 2.1 4.333333
 2.2 4.333333
 2.3 3.333333
 2.4 1.750000
 2.5 1.750000
 2.6 1.750000
 2.7 -0.136364
 2.8 0.218250
 2.9 0.889333
 3.0 0.889333
 3.1 0.889333
 3.2 0.889333
 3.3 0.084333
 3.4 -0.999000
 3.5 -0.978750
 3.6 -1.500000
 3.7 -0.708125
 3.8 0.000429
 3.9 0.000500
 4.0 -0.263333
 4.1 -1.000000
 4.2 -0.973000
 4.3 -1.600400
 4.4 -1.916500
 4.5 -1.999000
 4.6 -1.999000
 4.7 -3.832000
 4.8 -5.526188
 4.9 -4.919125
 5.0 -4.999000
 5.1 -7.587200
 5.2 -7.587200
 5.3 -11.055455
 5.4 -12.889000
 5.5 -12.889000
 5.6 -20.881909
 5.7 -29.625000

ALA 10
 0.0 5.000000
 0.1 5.000000
 0.2 5.000000
 0.3 5.000000
 0.4 5.000000
 0.5 5.000000
 0.6 5.000000
 0.7 5.000000
 0.8 5.000000
 0.9 5.000000
 1.0 5.000000
 1.1 5.000000
 1.2 5.000000
 1.3 4.166667
 1.4 4.166667
 1.5 4.166667
 1.6 4.166667
 1.7 4.166667
 1.8 4.166667
 1.9 4.166667
 2.0 4.166667
 2.1 4.166667
 2.2 4.166667
 2.3 3.333333
 2.4 1.625000
 2.5 1.625000
 2.6 1.625000
 2.7 -0.242455
 2.8 0.249500
 2.9 1.000667
 3.0 1.000667
 3.1 1.000667
 3.2 1.000667
 3.3 -0.082333
 3.4 -0.999000
 3.5 -0.999500
 3.6 -1.500000
 3.7 -0.697750
 3.8 0.012429
 3.9 0.021500
 4.0 -0.194000
 4.1 -1.083000
 4.2 -1.000667
 4.3 -1.617200
 4.4 -1.888667
 4.5 -1.999000
 4.6 -1.999000
 4.7 -3.916000
 4.8 -5.484437
 4.9 -4.887875
 5.0 -4.999000
 5.1 -7.620800
 5.2 -7.620800
 5.3 -11.091727
 5.4 -12.916667
 5.5 -12.916667
 5.6 -21.016636
 5.7 -29.375000

ALA 11
 0.0 5.000000
 0.1 5.000000
 0.2 5.000000
 0.3 5.000000
 0.4 5.000000
 0.5 5.000000
 0.6 5.000000
 0.7 5.000000
 0.8 5.000000
 0.9 5.000000
 1.0 5.000000
 1.1 5.000000
 1.2 5.000000
 1.3 4.166667
 1.4 4.166667
 1.5 4.166667
 1.6 4.166667
 1.7 4.166667
 1.8 4.166667
 1.9 4.166667
 2.0 4.166667
 2.1 4.166667
 2.2 4.166667
 2.3 3.333333
 2.4 1.625000
 2.5 1.625000
 2.6 1.625000
 2.7 -0.197000
 2.8 0.249500
 2.9 0.945333
 3.0 0.945333
 3.1 0.945333
 3.2 0.945333
 3.3 -0.082333
 3.4 -0.999000
 3.5 -0.978500
 3.6 -1.750000
 3.7 -0.718750
 3.8 0.000429
 3.9 0.021500
 4.0 -0.235500
 4.1 -0.916500
 4.2 -1.056333
 4.3 -1.608900
 4.4 -2.082833
 4.5 -1.999000
 4.6 -1.999000
 4.7 -3.833000
 4.8 -5.501125
 4.9 -4.844000
 5.0 -4.999000
 5.1 -7.850600
 5.2 -7.850600
 5.3 -11.091727
 5.4 -13.011167
 5.5 -13.011167
 5.6 -21.190909
 5.7 -29.812500

ALA 12
 0.0 5.000000
 0.1 5.000000
 0.2 5.000000
 0.3 5.000000
 0.4 5.000000
 0.5 5.000000
 0.6 5.000000
 0.7 5.000000
 0.8 5.000000
 0.9 5.000000
 1.0 5.000000
 1.1 5.000000
 1.2 5.000000
 1.3 4.333333
 1.4 4.333333
 1.5 4.333333
 1.6 4.333333
 1.7 4.333333
 1.8 4.333333
 1.9 4.333333
 2.0 4.333333
 2.1 4.333333
 2.2 4.333333
 2.3 3.333333
 2.4 1.750000
 2.5 1.750000
 2.6 1.750000
 2.7 -0.212182
 2.8 0.270375
 2.9 1.001000
 3.0 1.001000
 3.1 1.001000
 3.2 1.001000
 3.3 -0.165667
 3.4 -0.999000
 3.5 -0.999500
 3.6 -1.500000
 3.7 -0.687375
 3.8 0.000429
 3.9 0.000500
 4.0 -0.193833
 4.1 -1.000000
 4.2 -1.000667
 4.3 -1.600500
 4.4 -2.055333
 4.5 -1.999000
 4.6 -1.999000
 4.7 -3.416000
 4.8 -5.413562
 4.9 -4.829375
 5.0 -4.999000
 5.1 -7.650800
 5.2 -7.650800
 5.3 -11.090182
 5.4 -12.774833
 5.5 -12.774833
 5.6 -21.169727
 5.7 -29.687500

ALA 13
 0.0 5.000000
 0.1 5.000000
 0.2 5.000000
 0.3 5.000000
 0.4 5.000000
 0.5 5.000000
 0.6 5.000000
 0.7 5.000000
 0.8 5.000000
 0.9 5.000000
 1.0 5.000000
 1.1 5.000000
 1.2 5.000000
 1.3 4.500000
 1.4 4.500000
 1.5 4.500000
 1.6 4.500000
 1.7 4.500000
 1.8 4.500000
 1.9 4.500000
 2.0 4.500000
 2.1 4.500000
 2.2 4.500000
 2.3 3.333333
 2.4 1.875000
 2.5 1.875000
 2.6 1.875000
 2.7 -0.212091
 2.8 0.270375
 2.9 1.223000
 3.0 1.223000
 3.1 1.223000
 3.2 1.223000
 3.3 -0.082333
 3.4 -0.999000
 3.5 -1.020250
 3.6 -1.500000
 3.7 -0.687625
 3.8 0.000429
 3.9 0.000500
 4.0 -0.277167
 4.1 -1.000000
 4.2 -0.973000
 4.3 -1.592100
 4.4 -2.041500
 4.5 -1.971167
 4.6 -1.999000
 4.7 -3.249500
 4.8 -5.285500
 4.9 -4.850375
 5.0 -4.999000
 5.1 -7.470400
 5.2 -7.470400
 5.3 -11.020545
 5.4 -12.691500
 5.5 -12.691500
 5.6 -20.987909
 5.7 -30.000000

ALA 14
 0.0 5.000000
 0.1 5.000000
 0.2 5.000000
 0.3 5.000000
 0.4 5.000000
 0.5 5.000000
 0.6 5.000000
 0.7 5.000000
 0.8 5.000000
 0.9 5.000000
 1.0 5.000000
 1.1 5.000000
 1.2 5.000000
 1.3 4.666667
 1.4 4.666667
 1.5 4.666667
 1.6 4.666667
 1.7 4.666667
 1.8 4.666667
 1.9 4.666667
 2.0 4.666667
 2.1 4.666667
 2.2 4.666667
 2.3 3.333333
 2.4 1.875000
 2.5 1.875000
 2.6 1.875000
 2.7 -0.181818
 2.8 0.207875
 2.9 0.945000
 3.0 0.945000
 3.1 0.945000
 3.2 0.945000
 3.3 0.084333
 3.4 -0.999000
 3.5 -0.978500
 3.6 -2.000000
 3.7 -0.770750
 3.8 0.012286
 3.9 0.000500
 4.0 -0.193500
 4.1 -1.000000
 4.2 -1.028333
 4.3 -1.608800
 4.4 -1.930500
 4.5 -2.054667
 4.6 -1.999000
 4.7 -2.916500
 4.8 -5.331562
 4.9 -4.791750
 5.0 -4.999000
 5.1 -7.427000
 5.2 -7.427000
 5.3 -10.914273
 5.4 -12.788833
 5.5 -12.788833
 5.6 -20.286364
 5.7 -30.000000

ALA 15
 0.0 5.000000
 0.1 5.000000
 0.2 5.000000
 0.3 5.000000
 0.4 5.000000
 0.5 5.000000
 0.6 5.000000
 0.7 5.000000
 0.8 5.000000
 0.9 5.000000
 1.0 5.000000
 1.1 5.000000
 1.2 5.000000
 1.3 4.333333
 1.4 4.333333
 1.5 4.333333
 1.6 4.333333
 1.7 4.333333
 1.8 4.333333
 1.9 4.333333
 2.0 4.333333
 2.1 4.333333
 2.2 4.333333
 2.3 3.333333
 2.4 1.625000
 2.5 1.625000
 2.6 1.625000
 2.7 -0.166727
 2.8 0.270375
 2.9 0.889333
 3.0 0.889333
 3.1 0.889333
 3.2 0.889333
 3.3 -0.249000
 3.4 -0.999000
 3.5 -0.978500
 3.6 -1.750000
 3.7 -0.729125
 3.8 0.012286
 3.9 0.000500
 4.0 -0.221667
 4.1 -1.083000
 4.2 -1.000667
 4.3 -1.608700
 4.4 -1.958000
 4.5 -2.082167
 4.6 -1.999000
 4.7 -2.750000
 4.8 -5.300125
 4.9 -4.708375
 5.0 -4.999000
 5.1 -7.540400
 5.2 -7.540400
 5.3 -10.906545
 5.4 -12.816833
 5.5 -12.816833
 5.6 -20.307455
 5.7 -29.812500

ALA 16
 0.0 5.000000
 0.1 5.000000
 0.2 5.000000
 0.3 5.000000
 0.4 5.000000
 0.5 5.000000
 0.6 5.000000
 0.7 5.000000
 0.8 5.000000
 0.9 5.000000
 1.0 5.000000
 1.1 5.000000
 1.2 5.000000
 1.3 4.166667
 1.4 4.166667
 1.5 4.166667
 1.6 4.166667
 1.7 4.166667
 1.8 4.166667
 1.9 4.166667
 2.0 4.166667
 2.1 4.166667
 2.2 4.166667
 2.3 3.333333
 2.4 1.625000
 2.5 1.625000
 2.6 1.625000
 2.7 -0.060636
 2.8 0.270375
 2.9 1.056333
 3.0 1.056333
 3.1 1.056333
 3.2 1.056333
 3.3 0.001000
 3.4 -0.999000
 3.5 -0.999250
 3.6 -1.500000
 3.7 -0.718875
 3.8 0.000429
 3.9 0.000500
 4.0 -0.207833
 4.1 -1.000000
 4.2 -0.917333
 4.3 -1.575300
 4.4 -2.083000
 4.5 -1.888000
 4.6 -1.999000
 4.7 -3.249500
 4.8 -5.461687
 4.9 -4.794125
 5.0 -4.999000
 5.1 -7.523600
 5.2 -7.523600
 5.3 -10.974727
 5.4 -12.916667
 5.5 -12.916667
 5.6 -20.233000
 5.7 -29.500250

ALA 17
 0.0 5.000000
 0.1 5.000000
 0.2 5.000000
 0.3 5.000000
 0.4 5.000000
 0.5 5.000000
 0.6 5.000000
 0.7 5.000000
 0.8 5.000000
 0.9 5.000000
 1.0 5.000000
 1.1 5.000000
 1.2 5.000000
 1.3 4.500000
 1.4 4.500000
 1.5 4.500000
 1.6 4.500000
 1.7 4.500000
 1.8 4.500000
 1.9 4.500000
 2.0 4.500000
 2.1 4.500000
 2.2 4.500000
 2.3 3.333333
 2.4 1.875000
 2.5 1.875000
 2.6 1.875000
 2.7 -0.121182
 2.8 0.228750
 2.9 1.056333
 3.0 1.056333
 3.1 1.056333
 3.2 1.056333
 3.3 0.001000
 3.4 -0.999000
 3.5 -1.020250
 3.6 -1.750000
 3.7 -0.677250
 3.8 -0.011571
 3.9 0.000500
 4.0 -0.194000
 4.1 -1.000000
 4.2 -0.973000
 4.3 -1.583700
 4.4 -2.041500
 4.5 -1.999000
 4.6 -1.999000
 4.7 -3.166000
 4.8 -5.472000
 4.9 -4.815000
 5.0 -4.999000
 5.1 -7.607200
 5.2 -7.607200
 5.3 -11.044909
 5.4 -13.000000
 5.5 -13.000000
 5.6 -20.762364
 5.7 -29.500250

ALA 18
 0.0 5.000000
 0.1 5.000000
 0.2 5.000000
 0.3 5.000000
 0.4 5.000000
 0.5 5.000000
 0.6 5.000000
 0.7 5.000000
 0.8 5.000000
 0.9 5.000000
 1.0 5.000000
 1.1 5.000000
 1.2 5.000000
 1.3 4.333333
 1.4 4.333333
 1.5 4.333333
 1.6 4.333333
 1.7 4.333333
 1.8 4.333333
 1.9 4.333333
 2.0 4.333333
 2.1 4.333333
 2.2 4.333333
 2.3 3.333333
 2.4 1.750000
 2.5 1.750000
 2.6 1.750000
 2.7 -0.197091
 2.8 0.270375
 2.9 0.834000
 3.0 0.834000
 3.1 0.834000
 3.2 0.834000
 3.3 -0.332333
 3.4 -0.999000
 3.5 -1.041000
 3.6 -2.000000
 3.7 -0.718625
 3.8 0.000429
 3.9 0.000500
 4.0 -0.221500
 4.1 -0.916500
 4.2 -1.084000
 4.3 -1.625600
 4.4 -1.874667
 4.5 -1.999000
 4.6 -1.999000
 4.7 -3.500000
 4.8 -5.464750
 4.9 -4.858625
 5.0 -4.999000
 5.1 -7.523800
 5.2 -7.523800
 5.3 -11.128000
 5.4 -13.000000
 5.5 -13.000000
 5.6 -21.110727
 5.7 -29.500000

ALA 19
 0.0 5.000000
 0.1 5.000000
 0.2 5.000000
 0.3 5.000000
 0.4 5.000000
 0.5 5.000000
 0.6 5.000000
 0.7 5.000000
 0.8 5.000000
 0.9 5.000000
 1.0 5.000000
 1.1 5.000000
 1.2 5.000000
 1.3 4.166667
 1.4 4.166667
 1.5 4.166667
 1.6 4.166667
 1.7 4.166667
 1.8 4.166667
 1.9 4.166667
 2.0 4.166667
 2.1 4.166667
 2.2 4.166667
 2.3 3.500000
 2.4 1.625000
 2.5 1.625000
 2.6 1.625000
 2.7 -0.136364
 2.8 0.207875
 2.9 0.945333
 3.0 0.945333
 3.1 0.945333
 3.2 0.945333
 3.3 -0.165667
 3.4 -0.999000
 3.5 -0.999500
 3.6 -1.750000
 3.7 -0.677000
 3.8 0.012429
 3.9 0.000500
 4.0 -0.249500
 4.1 -1.083000
 4.2 -1.028667
 4.3 -1.575600
 4.4 -1.999667
 4.5 -2.026667
 4.6 -1.999000
 4.7 -3.249000
 4.8 -5.532437
 4.9 -4.862750
 5.0 -4.999000
 5.1 -7.600600
 5.2 -7.600600
 5.3 -11.087091
 5.4 -13.011167
 5.5 -13.011167
 5.6 -20.941000
 5.7 -29.687500

ALA 20
 0.0 5.000000
 0.1 5.000000
 0.2 5.000000
 0.3 5.000000
 0.4 5.000000
 0.5 5.000000
 0.6 5.000000
 0.7 5.000000
 0.8 5.000000
 0.9 5.000000
 1.0 5.000000
 1.1 5.000000
 1.2 5.000000
 1.3 4.166667
 1.4 4.166667
 1.5 4.166667
 1.6 4.166667
 1.7 4.166667
 1.8 4.166667
 1.9 4.166667
 2.0 4.166667
 2.1 4.166667
 2.2 4.166667
 2.3 3.500000
 2.4 1.625000
 2.5 1.625000
 2.6 1.625000
 2.7 -0.121182
 2.8 0.249500
 2.9 1.112000
 3.0 1.112000
 3.1 1.112000
 3.2 1.112000
 3.3 -0.165667
 3.4 -0.999000
 3.5 -0.999750
 3.6 -1.750000
 3.7 -0.468750
 3.8 -0.023429
 3.9 -0.020500
 4.0 -0.291167
 4.1 -1.000000
 4.2 -0.945333
 4.3 -1.575500
 4.4 -1.999667
 4.5 -1.971167
 4.6 -1.999000
 4.7 -3.333000
 4.8 -5.516813
 4.9 -4.831625
 5.0 -4.999000
 5.1 -7.700600
 5.2 -7.700600
 5.3 -11.118818
 5.4 -12.997167
 5.5 -12.997167
 5.6 -21.033364
 5.7 -30.000000

ALA 21
 0.0 5.000000
 0.1 5.000000
 0.2 5.000000
 0.3 5.000000
 0.4 5.000000
 0.5 5.000000
 0.6 5.000000
 0.7 5.000000
 0.8 5.000000
 0.9 5.000000
 1.0 5.000000
 1.1 5.000000
 1.2 5.000000
 1.3 4.166667
 1.4 4.166667
 1.5 4.166667
 1.6 4.166667
 1.7 4.166667
 1.8 4.166667
 1.9 4.166667
 2.0 4.166667
 2.1 4.166667
 2.2 4.166667
 2.3 3.333333
 2.4 1.750000
 2.5 1.750000
 2.6 1.750000
 2.7 -0.136455
 2.8 0.249500
 2.9 1.000667
 3.0 1.000667
 3.1 1.000667
 3.2 1.000667
 3.3 -0.082333
 3.4 -0.999000
 3.5 -1.062000
 3.6 -2.000000
 3.7 -0.593750
 3.8 -0.011429
 3.9 -0.041500
 4.0 -0.305167
 4.1 -1.000000
 4.2 -1.001000
 4.3 -1.575500
 4.4 -1.999667
 4.5 -1.999000
 4.6 -1.999000
 4.7 -3.665500
 4.8 -5.509500
 4.9 -4.823375
 5.0 -4.999000
 5.1 -7.687200
 5.2 -7.687200
 5.3 -11.120545
 5.4 -13.219500
 5.5 -13.219500
 5.6 -20.949909
 5.7 -30.000000

ALA 22
 0.0 5.000000
 0.1 5.000000
 0.2 5.000000
 0.3 5.000000
 0.4 5.000000
 0.5 5.000000
 0.6 5.000000
 0.7 5.000000
 0.8 5.000000
 0.9 5.000000
 1.0 5.000000
 1.1 5.000000
 1.2 5.000000
 1.3 4.333333
 1.4 4.333333
 1.5 4.333333
 1.6 4.333333
 1.7 4.333333
 1.8 4.333333
 1.9 4.333333
 2.0 4.333333
 2.1 4.333333
 2.2 4.333333
 2.3 3.333333
 2.4 1.875000
 2.5 1.875000
 2.6 1.875000
 2.7 -0.121273
 2.8 0.249500
 2.9 1.000667
 3.0 1.000667
 3.1 1.000667
 3.2 1.000667
 3.3 0.001000
 3.4 -0.999000
 3.5 -1.020500
 3.6 -1.750000
 3.7 -0.593750
 3.8 0.012429
 3.9 -0.020500
 4.0 -0.235667
 4.1 -0.916500
 4.2 -1.028667
 4.3 -1.550500
 4.4 -1.999667
 4.5 -1.999000
 4.6 -1.999000
 4.7 -3.583000
 4.8 -5.611500
 4.9 -4.856750
 5.0 -4.999000
 5.1 -7.687200
 5.2 -7.687200
 5.3 -11.046273
 5.4 -12.844167
 5.5 -12.844167
 5.6 -20.853000
 5.7 -30.187500

ALA 23
 0.0 5.000000
 0.1 5.000000
 0.2 5.000000
 0.3 5.000000
 0.4 5.000000
 0.5 5.000000
 0.6 5.000000
 0.7 5.000000
 0.8 5.000000
 0.9 5.000000
 1.0 5.000000
 1.1 5.000000
 1.2 5.000000
 1.3 4.333333
 1.4 4.333333
 1.5 4.333333
 1.6 4.333333
 1.7 4.333333
 1.8 4.333333
 1.9 4.333333
 2.0 4.333333
 2.1 4.333333
 2.2 4.333333
 2.3 3.333333
 2.4 1.750000
 2.5 1.750000
 2.6 1.750000
 2.7 -0.196909
 2.8 0.239000
 2.9 1.000667
 3.0 1.000667
 3.1 1.000667
 3.2 1.000667
 3.3 -0.082333
 3.4 -0.999000
 3.5 -0.958000
 3.6 -1.750000
 3.7 -0.666625
 3.8 0.000429
 3.9 0.000250
 4.0 -0.291167
 4.1 -1.083000
 4.2 -1.001000
 4.3 -1.567000
 4.4 -1.999667
 4.5 -1.999000
 4.6 -1.999000
 4.7 -3.500000
 4.8 -6.093938
 4.9 -6.583750
 5.0 -7.083000
 5.1 -10.020200
 5.2 -10.020200
 5.3 -14.443000
 5.4 -16.849500
 5.5 -16.849500
 5.6 -25.619727
 5.7 -35.645500

ALA 24
 0.0 5.000000
 0.1 5.000000
 0.2 5.000000
 0.3 5.000000
 0.4 5.000000
 0.5 5.000000
 0.6 5.000000
 0.7 5.000000
 0.8 5.000000
 0.9 5.000000
 1.0 5.000000
 1.1 5.000000
 1.2 5.000000
 1.3 4.500000
 1.4 4.500000
 1.5 4.500000
 1.6 4.500000
 1.7 4.500000
 1.8 4.500000
 1.9 4.500000
 2.0 4.500000
 2.1 4.500000
 2.2 4.500000
 2.3 3.166667
 2.4 1.875000
 2.5 1.875000
 2.6 1.875000
 2.7 -0.091000
 2.8 0.239125
 2.9 0.972333
 3.0 0.972333
 3.1 0.972333
 3.2 0.972333
 3.3 0.083667
 3.4 -0.583000
 3.5 -0.437250
 3.6 -0.833000
 3.7 0.270750
 3.8 0.761714
 3.9 0.729500
 4.0 1.083500
 4.1 1.333000
 4.2 1.167000
 4.3 1.200100
 4.4 1.889333
 4.5 2.279000
 4.6 2.335000
 4.7 1.333500
 4.8 -0.762875
 4.9 -2.598500
 5.0 -2.499000
 5.1 -4.143400
 5.2 -4.143400
 5.3 -6.386818
 5.4 -6.899667
 5.5 -6.899667
 5.6 -12.281455
 5.7 -19.249750

ALA 25
 0.0 5.000000
 0.1 5.000000
 0.2 5.000000
 0.3 5.000000
 0.4 5.000000
 0.5 5.000000
 0.6 5.000000
 0.7 5.000000
 0.8 5.000000
 0.9 5.000000
 1.0 5.000000
 1.1 5.000000
 1.2 5.000000
 1.3 4.666667
 1.4 4.666667
 1.5 4.666667
 1.6 4.666667
 1.7 4.666667
 1.8 4.666667
 1.9 4.666667
 2.0 4.666667
 2.1 4.666667
 2.2 4.666667
 2.3 3.166667
 2.4 2.000000
 2.5 2.000000
 2.6 2.000000
 2.7 -0.545545
 2.8 -0.760625
 2.9 -0.332667
 3.0 -0.332667
 3.1 -0.332667
 3.2 -0.332667
 3.3 -1.416000
 3.4 -2.166000
 3.5 -2.499500
 3.6 -2.583000
 3.7 -1.479750
 3.8 -1.024429
 3.9 -1.124250
 4.0 -0.999167
 4.1 -0.833000
 4.2 -0.667000
 4.3 -1.158500
 4.4 -0.777667
 4.5 -0.388667
 4.6 -0.500000
 4.7 -1.000000
 4.8 -2.202375
 4.9 -2.243250
 5.0 -1.834000
 5.1 -2.966600
 5.2 -2.966600
 5.3 -4.568182
 5.4 -5.294000
 5.5 -5.294000
 5.6 -8.814909
 5.7 -13.062750

ALA 26
 0.0 6.000000
 0.1 6.000000
 0.2 6.000000
 0.3 6.000000
 0.4 6.000000
 0.5 6.000000
 0.6 6.000000
 0.7 6.000000
 0.8 6.000000
 0.9 6.000000
 1.0 6.000000
 1.1 6.000000
 1.2 6.000000
 1.3 5.833333
 1.4 5.833333
 1.5 5.833333
 1.6 5.833333
 1.7 5.833333
 1.8 5.833333
 1.9 5.833333
 2.0 5.833333
 2.1 5.833333
 2.2 5.833333
 2.3 5.166667
 2.4 4.500000
 2.5 4.500000
 2.6 4.500000
 2.7 2.894000
 2.8 2.030875
 2.9 1.860667
 3.0 1.860667
 3.1 1.860667
 3.2 1.860667
 3.3 1.250000
 3.4 0.750000
 3.5 0.625000
 3.6 0.750000
 3.7 0.875125
 3.8 0.952429
 3.9 0.645750
 4.0 1.138667
 4.1 1.166000
 4.2 1.167000
 4.3 0.966300
 4.4 1.110667
 4.5 1.166000
 4.6 1.166000
 4.7 0.917000
 4.8 0.295062
 4.9 -0.136500
 5.0 0.001000
 5.1 -0.499000
 5.2 -0.499000
 5.3 -1.105455
 5.4 -1.355000
 5.5 -1.355000
 5.6 -2.793273
 5.7 -4.812250

