ATOMS
N -10.502 -12.587 -12.097
CA -9.053 -12.587 -12.097
C -8.530 -11.157 -12.097
O -7.637 -10.822 -11.322
HA -8.696 -13.097 -11.202
H1 -10.839 -12.116 -11.270
H2 -10.839 -13.539 -12.103
H3 -10.839 -12.106 -12.919

N -9.089 -10.316 -12.970
CA -8.679 -8.930 -13.068
C -8.833 -8.242 -11.719
O -7.926 -7.546 -11.269
H -9.819 -10.656 -13.580
HA -7.633 -8.888 -13.372

N -9.986 -8.440 -11.075
CA -10.254 -7.841 -9.784
C -9.181 -8.249 -8.784
O -8.651 -7.407 -8.063
H -10.691 -9.025 -11.501
HA -10.252 -6.756 -9.887

N -8.864 -9.545 -8.744
CA -7.858 -10.059 -7.837
C -6.533 -9.345 -8.065
O -5.886 -8.915 -7.113
H -9.338 -10.186 -9.364
HA -8.183 -9.888 -6.810

N -6.132 -9.222 -9.332
CA -4.889 -8.563 -9.681
C -4.879 -7.143 -9.134
O -3.896 -6.715 -8.533
H -6.711 -9.598 -10.069
HA -4.057 -9.118 -9.247

N -5.977 -6.413 -9.344
CA -6.091 -5.047 -8.874
C -5.684 -4.963 -7.409
O -5.251 -3.912 -6.944
H -6.751 -6.825 -9.846
HA -5.432 -4.410 -9.464

N -5.824 -6.076 -6.685
CA -5.472 -6.125 -5.280
C -4.084 -5.539 -5.069
O -3.775 -5.047 -3.986
H -6.187 -6.908 -7.129
HA -6.196 -5.541 -4.711

N -3.247 -5.593 -6.108
CA -1.898 -5.069 -6.033
C -1.914 -3.663 -5.452
O -0.928 -3.220 -4.867
H -3.564 -6.011 -6.971
HA -1.300 -5.714 -5.389

N -3.039 -2.962 -5.614
CA -3.180 -1.612 -5.107
C -2.735 -1.550 -3.653
O -2.320 -0.497 -3.174
H -3.814 -3.385 -6.105
HA -2.557 -0.941 -5.700

N -2.822 -2.683 -2.953
CA -2.429 -2.754 -1.560
C -1.053 -2.132 -1.372
O -0.729 -1.656 -0.286
H -3.172 -3.515 -3.407
HA -3.154 -2.207 -0.957

N -0.245 -2.136 -2.434
CA 1.090 -1.574 -2.383
C 1.026 -0.115 -1.954
O 1.783 0.311 -1.084
H -0.573 -2.543 -3.298
HA 1.685 -2.133 -1.661

N 0.121 0.650 -2.568
CA -0.038 2.054 -2.249
C -0.333 2.224 -0.765
O 0.273 3.062 -0.102
H -0.471 0.238 -3.275
HA 0.885 2.582 -2.491

N -1.268 1.424 -0.246
CA -1.639 1.487 1.153
C -0.415 1.267 2.029
O -0.189 2.012 2.980
H -1.729 0.755 -0.847
HA -2.059 2.470 1.366

N 0.375 0.240 1.707
CA 1.571 -0.074 2.463
C 2.500 1.131 2.496
O 3.009 1.496 3.554
H 0.132 -0.334 0.912
HA 1.289 -0.335 3.483

N 2.721 1.748 1.333
CA 3.586 2.906 1.232
C 3.098 4.006 2.164
O 3.888 4.596 2.897
H 2.271 1.397 0.499
HA 4.598 2.620 1.516

N 1.792 4.279 2.133
CA 1.204 5.304 2.973
C 1.503 5.016 4.437
O 2.280 5.730 5.065
H 1.195 3.757 1.508
HA 1.630 6.271 2.706

N 0.882 3.965 4.978
CA 1.082 3.587 6.362
C 2.560 3.339 6.628
O 3.205 4.116 7.328
H 0.254 3.419 4.406
HA 0.734 4.395 7.007

N 3.094 2.251 6.067
CA 4.489 1.905 6.245
C 5.376 3.051 5.780
O 6.012 3.715 6.596
H 2.508 1.652 5.503
HA 4.678 1.714 7.301

N 5.415 3.282 4.466
CA 6.221 4.344 3.899
C 5.831 5.681 4.512
O 6.598 6.263 5.276
H 4.868 2.699 3.849
HA 7.272 4.147 4.112

N 4.634 6.167 4.175
CA 4.146 7.430 4.692
C 4.136 7.404 6.213
O 4.934 8.086 6.852
H 4.051 5.638 3.542
HA 4.804 8.231 4.353

N 3.229 6.613 6.791
CA 3.118 6.501 8.232
C 4.447 6.058 8.826
O 4.914 6.637 9.805
H 2.602 6.078 6.208
HA 2.848 7.472 8.645

N 5.056 5.030 8.230
CA 6.326 4.515 8.700
C 7.368 5.625 8.712
O 8.090 5.789 9.693
H 4.618 4.599 7.429
HA 6.202 4.132 9.713

N 7.444 6.385 7.618
CA 8.394 7.473 7.506
C 8.196 8.461 8.647
O 9.161 8.873 9.288
H 6.821 6.197 6.846
HA 9.406 7.070 7.555

N 6.941 8.839 8.899
CA 6.621 9.773 9.959
C 7.140 9.251 11.291
O 7.766 9.991 12.048
H 6.193 8.462 8.335
HA 7.093 10.732 9.744

N 6.880 7.973 11.575
CA 7.320 7.358 12.811
C 8.831 7.482 12.948
O 9.263 7.866 14.032
H 6.360 7.419 10.910
HA 6.843 7.864 13.651

EDGES
1 9 2.813563
1 10 4.199978
1 11 4.669847
1 13 2.528743
1 15 4.302133
1 19 3.616460
1 25 3.819553
2 9 2.433283
2 10 3.802153
2 11 4.366956
2 13 2.552412
2 14 4.162286
2 15 4.371794
2 19 3.965615
2 21 4.531235
2 25 3.649016
2 31 4.304866
3 9 1.334875
3 10 2.434044
3 11 2.954982
3 12 3.753628
3 13 2.027760
3 14 2.752925
3 15 3.247539
3 16 4.395225
3 17 4.456033
3 19 3.093632
3 21 3.735333
3 22 4.450257
3 25 3.010813
3 27 4.140031
3 31 3.138794
4 9 2.253940
4 10 2.777399
4 11 2.871311
4 12 3.289150
4 13 3.144399
4 14 2.818310
4 15 3.354510
4 16 4.254468
4 17 3.930103
4 19 3.547981
4 21 3.127674
4 22 3.574386
4 23 3.742779
4 25 2.670517
4 26 4.639894
4 27 2.963971
4 28 3.917584
4 31 1.981328
4 32 4.475002
4 37 4.351963
5 9 3.318770
5 10 4.565757
5 13 3.588105
5 19 4.544294
5 21 4.322811
5 22 4.610305
5 25 3.502046
5 31 4.179344
6 9 3.031914
6 10 4.248411
6 11 4.385603
6 13 2.916865
6 15 3.778705
6 16 4.563556
6 19 3.103151
6 21 4.109908
6 25 3.100119
7 9 3.768543
7 13 3.396118
7 19 4.556370
7 25 4.582328
8 9 2.503837
8 10 3.843797
8 11 4.516031
8 13 1.892041
8 14 4.564994
8 15 4.191360
8 19 3.394877
8 25 4.310154
9 15 2.813363
9 16 4.199220
9 17 4.669427
9 19 2.528052
9 21 4.301644
9 25 3.616924
9 31 3.819190
10 15 2.433187
10 16 3.801474
10 17 4.366740
10 19 2.551991
10 20 4.161654
10 21 4.371433
10 25 3.966287
10 27 4.531023
10 31 3.648733
10 37 4.304590
11 15 1.335421
11 16 2.433982
11 17 2.955567
11 18 3.754555
11 19 2.027998
11 20 2.752813
11 21 3.247983
11 22 4.395684
11 23 4.456268
11 25 3.095188
11 27 3.735448
11 28 4.451025
11 31 3.010668
11 33 4.140363
11 37 3.138589
12 15 2.253990
12 16 2.777019
12 17 2.871317
12 18 3.289891
12 19 3.144279
12 20 2.818563
12 21 3.354321
12 22 4.254223
12 23 3.929690
12 25 3.548573
12 27 3.127200
12 28 3.574829
12 29 3.742305
12 31 2.669631
12 32 4.639917
12 33 2.964442
12 34 3.917684
12 37 1.981261
12 38 4.394605
12 43 4.535501
13 15 3.348667
13 19 2.782586
13 25 4.269299
14 15 3.318663
14 16 4.565040
14 19 3.587586
14 25 4.544875
14 27 4.322749
14 28 4.610709
14 31 3.501998
14 37 4.179302
15 21 2.813089
15 22 4.199308
15 23 4.669297
15 25 2.529020
15 27 4.301498
15 31 3.616438
15 37 3.818886
16 21 2.432553
16 22 3.801467
16 23 4.366099
16 25 2.552348
16 26 4.162202
16 27 4.370623
16 31 3.964987
16 33 4.530509
16 37 3.647891
17 21 1.334805
17 22 2.433770
17 23 2.954671
17 24 3.754041
17 25 2.028058
17 26 2.752999
17 27 3.247065
17 28 4.395961
17 29 4.455664
17 31 3.093853
17 33 3.734985
17 34 4.450731
17 37 3.010070
17 39 4.516324
17 43 3.674417
18 21 2.253924
18 22 2.777234
18 23 2.870849
18 24 3.289649
18 25 3.144425
18 26 2.818580
18 27 3.354094
18 28 4.255221
18 29 3.929977
18 31 3.547974
18 33 3.127183
18 34 3.575041
18 35 3.899223
18 37 2.669796
18 38 4.615926
18 39 3.415022
18 40 4.415275
18 43 2.681912
18 44 4.554655
19 21 3.348041
19 25 2.783038
19 31 4.268413
20 21 3.318360
20 22 4.565473
20 25 3.588011
20 31 4.544092
20 33 4.322976
20 34 4.610940
20 37 3.501920
21 27 2.813165
21 28 4.200347
21 29 4.669254
21 31 2.528605
21 33 4.301650
21 37 3.616293
21 43 4.090027
22 27 2.432009
22 28 3.801751
22 29 4.365742
22 31 2.551461
22 32 4.161872
22 33 4.370644
22 37 3.964882
22 39 4.618284
22 43 3.636249
23 27 1.334623
23 28 2.434279
23 29 2.954197
23 30 3.753624
23 31 2.027735
23 32 2.753040
23 33 3.246783
23 34 4.395754
23 35 4.511437
23 37 3.093523
23 39 3.618486
23 40 4.387522
23 43 2.633397
23 49 4.596450
24 27 2.253603
24 28 2.777145
24 29 2.870274
24 30 3.288845
24 31 3.144050
24 32 2.817873
24 33 3.353453
24 34 4.254947
24 35 3.968214
24 37 3.547621
24 39 2.871750
24 40 3.363835
24 41 4.338492
24 43 2.029509
24 44 4.153261
24 45 4.360049
24 49 3.720896
25 27 3.347948
25 31 2.782786
25 37 4.268631
26 27 3.318229
26 28 4.566038
26 31 3.587752
26 37 4.544215
26 39 4.484624
26 43 3.600858
27 33 2.813299
27 34 4.200246
27 35 4.694434
27 37 2.528432
27 39 4.122959
27 43 3.195439
28 33 2.433067
28 34 3.802408
28 35 4.330590
28 37 2.552433
28 38 4.193966
28 39 4.004424
28 43 3.307043
28 49 3.951257
29 33 1.335142
29 34 2.435110
29 35 2.894141
29 36 3.920950
29 37 2.027918
29 38 2.807846
29 39 2.833569
29 40 4.030048
29 41 4.441741
29 43 2.405434
29 45 3.771286
29 49 2.772944
30 33 2.253772
30 34 2.777864
30 35 2.744052
30 36 3.495391
30 37 3.144375
30 38 2.922171
30 39 2.746017
30 40 3.662497
30 41 3.663006
30 43 2.693909
30 44 4.612587
30 45 2.749675
30 46 3.598794
30 49 1.745189
30 50 4.198327
30 55 4.121991
31 33 3.347926
31 37 2.782240
31 43 4.019238
32 33 3.318559
32 34 4.566106
32 37 3.588076
32 39 4.351999
32 43 3.729199
32 49 3.882869
33 39 2.684634
33 40 4.105370
33 43 2.279331
33 45 4.312423
33 49 3.408123
34 39 2.433485
34 40 3.802904
34 41 4.329912
34 43 2.552952
34 44 4.193522
34 45 4.004648
34 49 3.307028
34 55 3.951498
35 39 1.335120
35 40 2.434713
35 41 2.892642
35 42 3.920238
35 43 2.028407
35 44 2.806320
35 45 2.833455
35 46 4.029691
35 47 4.442156
35 49 2.405109
35 51 3.771213
35 55 2.772616
36 39 2.253510
36 40 2.777608
36 41 2.743108
36 42 3.495220
36 43 3.144255
36 44 2.921122
36 45 2.746029
36 46 3.662128
36 47 3.663828
36 49 2.693046
36 50 4.612551
36 51 2.750335
36 52 3.599112
36 55 1.745457
36 56 4.199049
36 61 4.121919
37 39 3.378202
37 43 2.776162
37 49 4.368660
38 39 3.263750
38 40 4.522022
38 43 3.501750
38 45 4.175698
38 49 3.502524
38 55 3.866708
39 45 2.684613
39 46 4.105195
39 49 2.278952
39 51 4.312802
39 55 3.408516
40 45 2.432947
40 46 3.802055
40 47 4.330172
40 49 2.552046
40 50 4.193613
40 51 4.004449
40 55 3.307142
40 61 3.950978
41 45 1.335292
41 46 2.434911
41 47 2.893953
41 48 3.921594
41 49 2.027508
41 50 2.807789
41 51 2.833722
41 52 4.029887
41 53 4.442632
41 55 2.405392
41 57 3.771848
41 61 2.773187
42 45 2.253838
42 46 2.777377
42 47 2.743708
42 48 3.495640
42 49 3.143890
42 50 2.922144
42 51 2.745779
42 52 3.661952
42 53 3.663536
42 55 2.693311
42 56 4.613085
42 57 2.750235
42 58 3.599311
42 61 1.745243
42 62 4.198343
42 67 4.122640
43 45 3.378649
43 49 2.776635
43 55 4.369352
44 45 3.263574
44 46 4.521424
44 49 3.500846
44 51 4.175320
44 55 3.502213
44 61 3.866480
45 51 2.685044
45 52 4.105466
45 55 2.279641
45 57 4.313091
45 61 3.408682
46 51 2.432466
46 52 3.801559
46 53 4.329934
46 55 2.551881
46 56 4.193513
46 57 4.004144
46 61 3.306640
46 67 3.951775
47 51 1.335391
47 52 2.434827
47 53 2.893996
47 54 3.921438
47 55 2.028224
47 56 2.807888
47 57 2.833702
47 58 4.029785
47 59 4.442036
47 61 2.405513
47 63 3.771686
47 67 2.773517
47 73 4.694612
48 51 2.254084
48 52 2.777547
48 53 2.743710
48 54 3.495517
48 55 3.144657
48 56 2.922562
48 57 2.745724
48 58 3.661476
48 59 3.662567
48 61 2.693355
48 62 4.611870
48 63 2.749733
48 64 3.598874
48 65 4.684518
48 67 1.745312
48 68 4.276421
48 69 4.621980
48 73 3.834198
49 51 3.378383
49 55 2.776388
49 61 4.368727
50 51 3.263166
50 52 4.521098
50 55 3.501013
50 57 4.175828
50 61 3.502615
50 67 3.867305
51 57 2.684372
51 58 4.104909
51 61 2.279111
51 63 4.312901
51 67 3.408896
52 57 2.432061
52 58 3.801233
52 59 4.329521
52 61 2.551759
52 62 4.192517
52 63 4.004214
52 67 3.306916
52 73 3.757314
53 57 1.334638
53 58 2.433907
53 59 2.893235
53 60 3.920709
53 61 2.027982
53 62 2.806355
53 63 2.833630
53 64 4.030397
53 65 4.369319
53 67 2.405477
53 69 3.764832
53 73 2.909557
53 79 3.768116
54 57 2.253762
54 58 2.776855
54 59 2.743304
54 60 3.495012
54 61 3.144601
54 62 2.921429
54 63 2.745823
54 64 3.662473
54 65 3.581905
54 66 4.674994
54 67 2.693232
54 68 4.583196
54 69 2.764295
54 70 3.545525
54 71 4.141895
54 73 1.992292
54 74 4.496527
54 75 3.656519
54 79 2.707714
55 57 3.378161
55 61 2.776377
55 67 4.369473
56 57 3.263556
56 58 4.521388
56 61 3.501650
56 63 4.176138
56 67 3.503179
56 69 4.417283
56 73 3.409115
57 63 2.685051
57 64 4.105913
57 67 2.279611
57 69 4.462999
57 73 3.763393
57 79 4.177287
58 63 2.432212
58 64 3.801722
58 65 4.365385
58 67 2.551451
58 68 4.161831
58 69 4.371016
58 73 3.965735
58 75 4.531026
58 79 3.648486
58 85 4.304173
59 63 1.334438
59 64 2.434324
59 65 2.954531
59 66 3.754210
59 67 2.027017
59 68 2.753210
59 69 3.247802
59 70 4.395674
59 71 4.456634
59 73 3.094678
59 75 3.736206
59 76 4.451537
59 79 3.011207
59 81 4.140750
59 85 3.139058
60 63 2.253566
60 64 2.777210
60 65 2.870005
60 66 3.288774
60 67 3.143764
60 68 2.818785
60 69 3.353753
60 70 4.253816
60 71 3.929460
60 73 3.547946
60 75 3.127063
60 76 3.574531
60 77 3.741891
60 79 2.669764
60 80 4.639168
60 81 2.964065
60 82 3.917873
60 85 1.980962
60 86 4.474676
60 91 4.351670
61 63 3.378713
61 67 2.776953
61 73 4.625779
62 63 3.263258
62 64 4.521692
62 67 3.500677
62 69 4.635018
62 73 4.306929
62 75 4.152912
62 76 4.515857
62 79 3.288794
62 85 4.218896
63 69 2.813131
63 70 4.199187
63 71 4.669358
63 73 2.528682
63 75 4.302031
63 79 3.616449
63 85 3.819038
64 69 2.432974
64 70 3.801674
64 71 4.366653
64 73 2.552593
64 74 4.162454
64 75 4.372063
64 79 3.966144
64 81 4.530996
64 85 3.648615
64 91 4.304361
65 69 1.334633
65 70 2.433862
65 71 2.954915
65 72 3.753697
65 73 2.027476
65 74 2.753554
65 75 3.247802
65 76 4.395689
65 77 4.455412
65 79 3.093925
65 81 3.735338
65 82 4.450685
65 85 3.010175
65 87 4.141034
65 91 3.139009
66 69 2.253757
66 70 2.776925
66 71 2.870329
66 72 3.288225
66 73 3.144253
66 74 2.818420
66 75 3.354044
66 76 4.254084
66 77 3.928856
66 79 3.547880
66 81 3.126849
66 82 3.574126
66 83 3.742043
66 85 2.669427
66 86 4.638840
66 87 2.964237
66 88 3.917740
66 91 1.980765
66 92 4.473892
66 97 4.351910
67 69 3.348102
67 73 2.782965
67 79 4.268553
68 69 3.318710
68 70 4.565681
68 73 3.588171
68 79 4.545166
68 81 4.323269
68 82 4.610841
68 85 3.502647
68 91 4.179700
69 75 2.814264
69 76 4.200477
69 77 4.669089
69 79 2.528906
69 81 4.302121
69 85 3.616459
69 91 3.819293
70 75 2.433477
70 76 3.802406
70 77 4.366095
70 79 2.551957
70 80 4.162418
70 81 4.371625
70 85 3.965270
70 87 4.531715
70 91 3.648922
70 97 4.305293
71 75 1.335510
71 76 2.434652
71 77 2.954490
71 78 3.753759
71 79 2.028177
71 80 2.753317
71 81 3.247815
71 82 4.396135
71 83 4.455857
71 85 3.093852
71 87 3.735652
71 88 4.451033
71 91 3.010389
71 93 4.139693
71 97 3.138694
72 75 2.253544
72 76 2.776940
72 77 2.869936
72 78 3.288566
72 79 3.144086
72 80 2.818459
72 81 3.353590
72 82 4.254236
72 83 3.929109
72 85 3.546955
72 87 3.127063
72 88 3.574893
72 89 3.742528
72 91 2.669350
72 92 4.638848
72 93 2.963727
72 94 3.917774
72 97 1.981214
72 98 4.474818
72 103 4.522154
73 75 3.349126
73 79 2.782991
73 85 4.268696
74 75 3.319096
74 76 4.565998
74 79 3.587988
74 85 4.544279
74 87 4.323127
74 88 4.610977
74 91 3.502188
74 97 4.179561
75 81 2.813452
75 82 4.200310
75 83 4.669287
75 85 2.528147
75 87 4.302364
75 91 3.616666
75 97 3.819133
76 81 2.432719
76 82 3.802226
76 83 4.365971
76 85 2.551580
76 86 4.161943
76 87 4.371512
76 91 3.965339
76 93 4.530720
76 97 3.648353
76 103 4.230612
77 81 1.335108
77 82 2.435330
77 83 2.955302
77 84 3.755242
77 85 2.027338
77 86 2.753931
77 87 3.248118
77 88 4.396536
77 89 4.456626
77 91 3.093929
77 93 3.735480
77 94 4.450805
77 97 3.010588
77 99 4.202144
77 103 3.275484
77 109 4.556405
78 81 2.253577
78 82 2.777820
78 83 2.870738
78 84 3.289823
78 85 3.143785
78 86 2.818848
78 87 3.354162
78 88 4.255040
78 89 3.930173
78 91 3.547561
78 93 3.127468
78 94 3.574600
78 95 3.742957
78 97 2.669694
78 98 4.639280
78 99 2.992199
78 100 3.941318
78 103 2.051676
78 105 4.512735
78 109 3.710652
79 81 3.348874
79 85 2.782683
79 91 4.268944
80 81 3.318665
80 82 4.566426
80 85 3.587341
80 91 4.544438
80 93 4.323306
80 94 4.610984
80 97 3.502149
80 103 3.936009
81 87 2.813833
81 88 4.200441
81 89 4.669725
81 91 2.528385
81 93 4.301498
81 97 3.616807
81 103 4.171964
81 109 4.577450
82 87 2.432917
82 88 3.802103
82 89 4.366638
82 91 2.551693
82 92 4.161391
82 93 4.371081
82 97 3.966102
82 103 4.208419
82 105 4.551260
82 109 3.619205
82 115 4.525564
83 87 1.334953
83 88 2.434690
83 89 2.955242
83 90 3.754140
83 91 2.027611
83 92 2.753021
83 93 3.246989
83 94 4.395574
83 95 4.455863
83 97 3.094357
83 99 4.099976
83 101 4.685327
83 103 3.731965
83 105 3.789364
83 106 4.313954
83 109 3.051812
83 111 4.123703
83 115 3.145895
84 87 2.253728
84 88 2.777177
84 89 2.870561
84 90 3.288509
84 91 3.144435
84 92 2.818109
84 93 3.353419
84 94 4.253992
84 95 3.929138
84 96 4.554264
84 97 3.548075
84 99 3.556384
84 100 3.996308
84 101 3.612164
84 102 4.598466
84 103 3.466101
84 105 2.625342
84 106 3.098251
84 107 3.602192
84 109 2.018400
84 110 4.107687
84 111 3.132152
84 112 4.306631
84 115 2.233857
84 121 4.271074
85 87 3.348863
85 91 2.782490
85 97 4.268661
86 87 3.318435
86 88 4.565883
86 91 3.587256
86 97 4.544659
86 99 4.570632
86 103 4.001958
86 105 4.077067
86 109 3.084563
87 93 2.812295
87 94 4.199527
87 95 4.668850
87 97 2.528909
87 99 4.645755
87 103 4.280381
87 109 4.176540
87 111 4.407548
87 115 3.441550
87 121 4.666978
88 93 2.432153
88 94 3.802027
88 95 4.366121
88 97 2.552892
88 98 4.161951
88 103 4.630299
88 109 4.579961
88 111 3.734350
88 112 4.015465
88 115 2.921483
88 117 4.515936
88 121 3.607790
89 93 1.334588
89 94 2.434445
89 95 2.954768
89 96 3.472334
89 97 2.028237
89 98 2.753001
89 99 3.582029
89 100 4.675791
89 101 4.545506
89 103 3.668715
89 105 4.279422
89 107 4.379128
89 109 4.127752
89 111 3.345425
89 112 3.588537
89 113 3.973414
89 115 2.771349
89 116 4.608347
89 117 3.327663
89 118 4.383248
89 121 2.338914
89 127 4.570901
90 93 2.253309
90 94 2.776850
90 95 2.869882
90 96 2.927771
90 97 3.144120
90 98 2.817919
90 99 3.710089
90 100 4.571427
90 101 4.154996
90 102 4.508952
90 103 4.107112
90 105 4.022233
90 106 4.337256
90 107 3.593447
90 108 4.355472
90 109 4.166866
90 111 2.553446
90 112 2.551548
90 113 2.749673
90 114 3.972736
90 115 2.337801
90 116 3.623435
90 117 2.158203
90 118 3.364542
90 119 4.352267
90 121 1.236268
90 122 4.021470
90 123 4.434615
90 127 3.848745
90 133 4.590418
91 93 3.347435
91 97 2.783066
91 115 4.434198
92 93 3.317621
92 94 4.565736
92 97 3.587930
92 107 4.355771
92 109 4.604486
92 111 3.131810
92 112 3.359315
92 113 4.457132
92 115 2.349900
92 116 4.027558
92 117 4.433146
92 121 3.675896
93 99 3.003452
93 100 4.343663
93 101 4.656012
93 103 2.876034
93 105 4.613496
93 109 4.332515
93 111 4.423011
93 115 3.860419
93 117 3.976339
93 118 4.692398
93 121 2.989188
93 127 4.527486
94 99 2.432412
94 100 3.801091
94 101 4.365660
94 103 2.551316
94 104 4.161771
94 109 4.630164
94 115 4.580207
94 117 3.735569
94 118 4.016242
94 121 2.922452
94 123 4.515665
94 127 3.608144
95 99 1.335261
95 100 2.434113
95 101 2.954667
95 102 3.473426
95 103 2.027652
95 104 2.753525
95 105 3.582374
95 106 4.675829
95 107 4.545878
95 109 3.669179
95 111 4.279175
95 113 4.379433
95 115 4.127646
95 117 3.346133
95 118 3.588575
95 119 3.973589
95 121 2.771320
95 122 4.608675
95 123 3.327281
95 124 4.383546
95 127 2.339249
95 133 4.339260
96 99 2.253264
96 100 2.776664
96 101 2.870235
96 102 2.929469
96 103 3.143196
96 104 2.818458
96 105 3.710801
96 106 4.571948
96 107 4.156138
96 108 4.509103
96 109 4.107787
96 111 4.022404
96 112 4.337284
96 113 3.594136
96 114 4.355885
96 115 4.166937
96 117 2.554288
96 118 2.551683
96 119 2.750439
96 120 3.973389
96 121 2.337613
96 122 3.623882
96 123 2.158556
96 124 3.365498
96 125 4.352998
96 127 1.237432
96 128 4.021640
96 129 4.267716
96 133 3.511965
97 99 3.490291
97 103 3.065637
97 115 4.482251
97 121 3.978951
98 99 3.322518
98 100 4.568424
98 103 3.594062
98 113 4.610655
98 117 3.345563
98 118 3.408480
98 119 4.456767
98 121 2.638338
98 122 4.077804
98 123 4.400112
98 127 3.639511
99 105 3.002776
99 106 4.342734
99 107 4.655603
99 109 2.875669
99 111 4.612670
99 115 4.331927
99 117 4.423926
99 121 3.860516
99 123 3.975837
99 124 4.692495
99 127 2.989326
99 133 4.512987
100 105 2.433118
100 106 3.801376
100 107 4.366286
100 109 2.552564
100 110 4.161858
100 115 4.630066
100 121 4.579734
100 123 3.735014
100 124 4.016664
100 127 2.922190
100 129 4.622158
100 133 3.829612
101 105 1.335523
101 106 2.433945
101 107 2.954980
101 108 3.472564
101 109 2.028373
101 110 2.753085
101 111 3.581692
101 112 4.675509
101 113 4.545532
101 115 3.668693
101 117 4.279751
101 119 4.379523
101 121 4.126970
101 123 3.345625
101 124 3.589209
101 125 3.973026
101 127 2.771333
101 128 4.607919
101 129 3.414074
101 130 4.456334
101 133 2.542551
102 105 2.254033
102 106 2.776701
102 107 2.871197
102 108 2.928459
102 109 3.144476
102 110 2.817812
102 111 3.710889
102 112 4.572339
102 113 4.156315
102 114 4.509186
102 115 4.108150
102 117 4.023686
102 118 4.337807
102 119 3.594570
102 120 4.356250
102 121 4.167253
102 123 2.554203
102 124 2.552060
102 125 2.749169
102 126 3.925768
102 127 2.338259
102 128 3.622799
102 129 2.252821
102 130 3.432525
102 131 4.639300
102 133 1.496683
102 134 3.830208
102 139 4.199802
103 105 3.491238
103 109 3.066955
103 121 4.481927
103 127 3.978767
104 105 3.324144
104 106 4.569548
104 109 3.596268
104 119 4.610653
104 123 3.345326
104 124 3.408712
104 125 4.456534
104 127 2.638241
104 128 4.076760
104 129 4.536368
104 133 3.912180
105 111 3.002200
105 112 4.342695
105 113 4.655544
105 115 2.875292
105 117 4.613710
105 121 4.331656
105 123 4.423737
105 127 3.861072
105 129 4.031235
105 133 3.112993
106 111 2.432786
106 112 3.801613
106 113 4.366054
106 115 2.552429
106 116 4.161892
106 121 4.629616
106 127 4.579964
106 129 3.745309
106 130 4.026623
106 133 2.945528
106 134 4.463286
107 111 1.334720
107 112 2.433934
107 113 2.954953
107 114 3.473362
107 115 2.027493
107 116 2.752863
107 117 3.582743
107 118 4.676781
107 119 4.546834
107 121 3.668356
107 123 4.280137
107 125 4.379864
107 127 4.128073
107 129 3.165650
107 130 3.401793
107 131 4.380658
107 133 2.385387
107 134 4.161649
107 135 4.332485
107 139 3.622388
108 111 2.254063
108 112 2.777252
108 113 2.870709
108 114 2.928839
108 115 3.144360
108 116 2.818595
108 117 3.711122
108 118 4.572570
108 119 4.156295
108 120 4.509242
108 121 4.107355
108 123 4.022626
108 124 4.337456
108 125 3.593296
108 126 4.476759
108 127 4.166823
108 129 2.305020
108 130 2.272754
108 131 3.156627
108 132 4.267431
108 133 1.848941
108 134 3.150504
108 135 3.197500
108 136 4.541430
108 139 2.622462
109 111 3.490404
109 115 3.066191
109 127 4.482782
109 133 4.104435
110 111 3.322502
110 112 4.568518
110 115 3.594806
110 125 4.609699
110 129 3.464359
110 130 3.538178
110 133 2.888461
110 134 3.739926
111 117 3.002976
111 118 4.343655
111 119 4.656043
111 121 2.874893
111 123 4.613001
111 127 4.331876
111 129 4.165583
111 130 4.502995
111 133 3.339022
111 139 4.017270
112 117 2.432709
112 118 3.802351
112 119 4.366397
112 121 2.551624
112 122 4.162064
112 127 4.629838
112 129 4.537112
112 133 3.885297
112 135 4.415017
112 139 3.532480
113 117 1.335131
113 118 2.435288
113 119 2.955530
113 120 3.473361
113 121 2.027597
113 122 2.753636
113 123 3.582299
113 124 4.676662
113 125 4.546227
113 127 3.668851
113 129 3.853304
113 130 4.375377
113 131 4.472751
113 133 3.339309
113 135 3.569961
113 136 4.329465
113 139 2.587260
114 117 2.253600
114 118 2.777634
114 119 2.870765
114 120 2.928481
114 121 3.143977
114 122 2.818402
114 123 3.710510
114 124 4.572196
114 125 4.155878
114 127 4.107416
114 129 3.553051
114 130 3.853993
114 131 3.578553
114 132 4.686217
114 133 3.365220
114 135 2.493103
114 136 3.108475
114 137 4.329948
114 139 1.587131
114 140 3.705395
114 141 4.458649
114 145 3.789077
115 117 3.491140
115 121 3.065854
115 133 4.060653
116 117 3.323163
116 118 4.570160
116 121 3.594833
116 130 4.698945
116 133 4.272061
116 135 4.162963
116 139 3.446833
117 123 3.002732
117 124 4.343853
117 125 4.656034
117 127 2.875767
117 129 4.232479
117 133 3.612118
117 135 4.449480
117 139 3.452262
118 123 2.431909
118 124 3.801503
118 125 4.366113
118 127 2.551489
118 128 4.160863
118 129 4.370989
118 133 3.965919
118 135 4.531038
118 139 3.649059
118 145 4.304263
119 123 1.335071
119 124 2.434768
119 125 2.955707
119 126 3.754469
119 127 2.027673
119 128 2.752852
119 129 3.248163
119 130 4.396316
119 131 4.455970
119 133 3.094997
119 135 3.735673
119 136 4.450525
119 139 3.011107
119 141 4.140271
119 145 3.139028
120 123 2.253991
120 124 2.777495
120 125 2.871694
120 126 3.289409
120 127 3.144046
120 128 2.818376
120 129 3.354535
120 130 4.254975
120 131 3.929437
120 133 3.548514
120 135 3.127340
120 136 3.574225
120 137 3.742098
120 139 2.670042
120 140 4.639531
120 141 2.963995
120 142 3.917319
120 145 1.981350
120 146 4.475071
120 151 4.352669
121 123 3.490317
121 127 3.066065
121 133 4.063223
121 139 4.347620
122 123 3.323010
122 124 4.569698
122 127 3.595169
122 135 4.586670
122 139 3.797433
122 145 4.223625
123 129 2.813279
123 130 4.199678
123 131 4.668801
123 133 2.528351
123 135 4.301411
123 139 3.616427
123 145 3.819428
124 129 2.433041
124 130 3.801905
124 131 4.365808
124 133 2.551943
124 134 4.161319
124 135 4.370896
124 139 3.965554
124 141 4.530614
124 145 3.648528
124 151 4.304065
125 129 1.335246
125 130 2.434618
125 131 2.955119
125 132 3.754397
125 133 2.027198
125 134 2.752502
125 135 3.247800
125 136 4.395843
125 137 4.456619
125 139 3.094446
125 141 3.736218
125 142 4.450976
125 145 3.011447
125 147 4.140497
125 151 3.139259
126 129 2.254604
126 130 2.778066
126 131 2.870698
126 132 3.289168
126 133 3.144270
126 134 2.818232
126 135 3.353710
126 136 4.253786
126 137 3.929308
126 139 3.547665
126 141 3.127038
126 142 3.573802
126 143 3.741159
126 145 2.669713
126 146 4.639050
126 147 2.963605
126 148 3.917233
126 151 1.980774
126 152 4.474180
127 129 3.347970
127 133 2.782542
127 139 4.268626
128 129 3.318261
128 130 4.565453
128 133 3.586877
128 139 4.543870
128 141 4.322714
128 142 4.610502
128 145 3.502174
128 151 4.179375
129 135 2.813026
129 136 4.199365
129 137 4.669609
129 139 2.528353
129 141 4.302240
129 145 3.616963
129 151 3.819704
130 135 2.432601
130 136 3.801582
130 137 4.366993
130 139 2.551757
130 140 4.162385
130 141 4.372048
130 145 3.966071
130 147 4.531038
130 151 3.649448
131 135 1.334246
131 136 2.433560
131 137 2.955115
131 138 3.754481
131 139 2.026906
131 140 2.753201
131 141 3.247629
131 142 4.395330
131 143 4.455457
131 145 3.093755
131 147 3.734704
131 148 4.450550
131 151 3.010931
132 135 2.253477
132 136 2.776912
132 137 2.871400
132 138 3.289699
132 139 3.143602
132 140 2.818486
132 141 3.354570
132 142 4.254524
132 143 3.929574
132 145 3.547915
132 147 3.126640
132 148 3.574435
132 149 3.743041
132 151 2.670372
132 152 4.639655
133 135 3.348402
133 139 2.783290
133 145 4.268985
134 135 3.317770
134 136 4.564865
134 139 3.587071
134 145 4.543992
134 147 4.322038
134 148 4.610272
134 151 3.501734
135 141 2.813554
135 142 4.199542
135 143 4.668758
135 145 2.528442
135 147 4.300894
135 151 3.616832
136 141 2.432615
136 142 3.801413
136 143 4.365779
136 145 2.551424
136 146 4.162010
136 147 4.370235
136 151 3.965764
137 141 1.334696
137 142 2.433786
137 143 2.954653
137 144 3.754011
137 145 2.027154
137 146 2.752718
137 147 3.247027
137 148 4.395780
137 149 4.456486
137 151 3.094807
138 141 2.254080
138 142 2.777020
138 143 2.870424
138 144 3.288396
138 145 3.144226
138 146 2.817879
138 147 3.353108
138 148 4.253943
138 149 3.929298
138 151 3.548324
139 141 3.348040
139 145 2.782396
139 151 4.268712
140 141 3.318422
140 142 4.565266
140 145 3.587399
140 151 4.544881
141 147 2.813299
141 148 4.200089
141 149 4.669898
141 151 2.529443
142 147 2.432804
142 148 3.801938
142 149 4.366566
142 151 2.552222
142 152 4.162262
143 147 1.334743
143 148 2.434389
143 149 2.955417
143 150 3.733421
143 151 2.027260
143 152 2.753467
144 147 2.254118
144 148 2.777368
144 149 2.870419
144 150 3.269998
144 151 3.144370
144 152 2.818806
145 147 3.347938
145 151 2.783229
146 147 3.318134
146 148 4.565292
146 151 3.587870

RESIDUES
ALA 1
 0.0 8.000000
 0.1 8.000000
 0.2 8.000000
 0.3 8.000000
 0.4 8.000000
 0.5 8.000000
 0.6 8.000000
 0.7 8.000000
 0.8 8.000000
 0.9 8.000000
 1.0 8.000000
 1.1 7.829268
 1.2 7.794118
 1.3 7.741935
 1.4 7.714286
 1.5 7.629032
 1.6 7.521739
 1.7 7.346154
 1.8 6.734375
 1.9 6.545455
 2.0 6.286207
 2.1 5.983092
 2.2 5.715116
 2.3 5.103203
 2.4 4.511730
 2.5 3.729350
 2.6 2.765379
 2.7 1.883325
 2.8 1.175685
 2.9 0.555313
 3.0 0.037284
 3.1 -0.374996
 3.2 -0.133874
 3.3 0.379345
 3.4 1.128369
 3.5 1.492562
 3.6 1.733726
 3.7 1.768518
 3.8 1.718901
 3.9 1.531796
 4.0 1.384993
 4.1 1.205233
 4.2 1.053130
 4.3 0.965777
 4.4 0.879073
 4.5 0.773822
 4.6 0.733259

ALA 2
 0.0 6.000000
 0.1 6.000000
 0.2 6.000000
 0.3 6.000000
 0.4 6.000000
 0.5 6.000000
 0.6 6.000000
 0.7 6.000000
 0.8 6.000000
 0.9 6.000000
 1.0 6.000000
 1.1 5.658537
 1.2 5.588235
 1.3 5.483871
 1.4 5.428571
 1.5 5.258065
 1.6 5.054348
 1.7 4.846154
 1.8 4.125000
 1.9 3.863636
 2.0 3.441379
 2.1 2.917874
 2.2 2.430233
 2.3 1.288256
 2.4 0.222874
 2.5 -1.098823
 2.6 -2.933344
 2.7 -4.665803
 2.8 -5.922238
 2.9 -6.722330
 3.0 -7.468114
 3.1 -7.677189
 3.2 -6.656656
 3.3 -5.307711
 3.4 -3.603171
 3.5 -2.678774
 3.6 -1.997151
 3.7 -1.635315
 3.8 -1.415661
 3.9 -1.456084
 4.0 -1.653569
 4.1 -1.600608
 4.2 -1.281204
 4.3 -0.793430
 4.4 -0.264265
 4.5 0.128621
 4.6 0.517815

ALA 3
 0.0 6.000000
 0.1 6.000000
 0.2 6.000000
 0.3 6.000000
 0.4 6.000000
 0.5 6.000000
 0.6 6.000000
 0.7 6.000000
 0.8 6.000000
 0.9 6.000000
 1.0 6.000000
 1.1 5.658537
 1.2 5.588235
 1.3 5.483871
 1.4 5.428571
 1.5 5.258065
 1.6 5.065217
 1.7 5.000000
 1.8 4.781250
 1.9 4.636364
 2.0 4.310345
 2.1 3.869565
 2.2 3.430233
 2.3 2.384342
 2.4 1.414956
 2.5 0.082586
 2.6 -1.861956
 2.7 -3.589220
 2.8 -4.766890
 2.9 -5.308754
 3.0 -5.841883
 3.1 -5.449779
 3.2 -3.743685
 3.3 -1.892176
 3.4 0.284662
 3.5 1.259529
 3.6 2.030254
 3.7 2.420591
 3.8 2.532052
 3.9 2.332886
 4.0 2.289306
 4.1 2.064383
 4.2 1.975673
 4.3 2.284349
 4.4 2.555077
 4.5 2.631941
 4.6 2.928904

ALA 4
 0.0 6.000000
 0.1 6.000000
 0.2 6.000000
 0.3 6.000000
 0.4 6.000000
 0.5 6.000000
 0.6 6.000000
 0.7 6.000000
 0.8 6.000000
 0.9 6.000000
 1.0 6.000000
 1.1 5.658537
 1.2 5.588235
 1.3 5.483871
 1.4 5.428571
 1.5 5.258065
 1.6 5.065217
 1.7 5.000000
 1.8 4.713542
 1.9 4.500000
 2.0 4.065517
 2.1 3.526570
 2.2 3.011628
 2.3 1.886121
 2.4 0.869501
 2.5 -0.480827
 2.6 -2.432470
 2.7 -4.107144
 2.8 -5.228221
 2.9 -5.776412
 3.0 -6.273559
 3.1 -5.795703
 3.2 -4.212908
 3.3 -2.733906
 3.4 -1.148938
 3.5 -0.477379
 3.6 -0.160754
 3.7 -0.167815
 3.8 -0.279450
 3.9 -0.646675
 4.0 -0.931534
 4.1 -0.885724
 4.2 -0.789041
 4.3 -0.486154
 4.4 -0.177861
 4.5 0.044009
 4.6 0.198442

ALA 5
 0.0 6.000000
 0.1 6.000000
 0.2 6.000000
 0.3 6.000000
 0.4 6.000000
 0.5 6.000000
 0.6 6.000000
 0.7 6.000000
 0.8 6.000000
 0.9 6.000000
 1.0 6.000000
 1.1 5.658537
 1.2 5.588235
 1.3 5.483871
 1.4 5.428571
 1.5 5.209677
 1.6 4.880435
 1.7 4.653846
 1.8 4.020833
 1.9 3.772727
 2.0 3.393103
 2.1 2.905797
 2.2 2.398516
 2.3 1.316014
 2.4 0.386557
 2.5 -0.705007
 2.6 -2.055381
 2.7 -3.025041
 2.8 -3.672685
 2.9 -3.874385
 3.0 -3.978497
 3.1 -3.185108
 3.2 -1.867887
 3.3 -0.595349
 3.4 0.722156
 3.5 1.163492
 3.6 1.333156
 3.7 1.296697
 3.8 0.930436
 3.9 0.203443
 4.0 -0.388651
 4.1 -0.751679
 4.2 -0.575801
 4.3 0.034446
 4.4 0.937508
 4.5 1.617847
 4.6 2.281820

ALA 6
 0.0 6.000000
 0.1 6.000000
 0.2 6.000000
 0.3 6.000000
 0.4 6.000000
 0.5 6.000000
 0.6 6.000000
 0.7 6.000000
 0.8 6.000000
 0.9 6.000000
 1.0 6.000000
 1.1 5.658537
 1.2 5.588235
 1.3 5.483871
 1.4 5.428571
 1.5 5.209677
 1.6 4.880435
 1.7 4.653846
 1.8 4.020833
 1.9 3.772727
 2.0 3.372414
 2.1 2.780193
 2.2 2.258271
 2.3 1.255367
 2.4 0.496267
 2.5 -0.326458
 2.6 -0.984196
 2.7 -1.319326
 2.8 -1.594719
 2.9 -1.639627
 3.0 -1.557843
 3.1 -1.110776
 3.2 -0.533702
 3.3 0.134055
 3.4 0.724510
 3.5 0.777682
 3.6 0.640032
 3.7 0.352541
 3.8 -0.247295
 3.9 -1.120387
 4.0 -1.628637
 4.1 -2.188082
 4.2 -2.611417
 4.3 -2.789234
 4.4 -2.698434
 4.5 -2.683246
 4.6 -2.657001

ALA 7
 0.0 6.000000
 0.1 6.000000
 0.2 6.000000
 0.3 6.000000
 0.4 6.000000
 0.5 6.000000
 0.6 6.000000
 0.7 6.000000
 0.8 6.000000
 0.9 6.000000
 1.0 6.000000
 1.1 5.658537
 1.2 5.588235
 1.3 5.483871
 1.4 5.428571
 1.5 5.209677
 1.6 4.880435
 1.7 4.682692
 1.8 4.255208
 1.9 4.000000
 2.0 3.524138
 2.1 2.775362
 2.2 2.090895
 2.3 0.949192
 2.4 0.217616
 2.5 -0.635343
 2.6 -0.910493
 2.7 -0.634032
 2.8 -0.401804
 2.9 -0.080194
 3.0 0.446741
 3.1 1.219220
 3.2 1.392258
 3.3 1.341505
 3.4 0.979145
 3.5 0.574731
 3.6 0.027947
 3.7 -0.396496
 3.8 -1.085367
 3.9 -2.063889
 4.0 -2.625572
 4.1 -3.392551
 4.2 -4.205387
 4.3 -4.905424
 4.4 -5.167050
 4.5 -5.429657
 4.6 -5.697499

ALA 8
 0.0 6.000000
 0.1 6.000000
 0.2 6.000000
 0.3 6.000000
 0.4 6.000000
 0.5 6.000000
 0.6 6.000000
 0.7 6.000000
 0.8 6.000000
 0.9 6.000000
 1.0 6.000000
 1.1 5.658537
 1.2 5.588235
 1.3 5.483871
 1.4 5.428571
 1.5 5.161290
 1.6 4.695652
 1.7 4.365385
 1.8 3.864583
 1.9 3.636364
 2.0 3.279310
 2.1 2.642512
 2.2 2.008221
 2.3 0.937947
 2.4 0.277273
 2.5 -0.284201
 2.6 -0.312848
 2.7 0.043427
 2.8 0.288818
 2.9 0.573508
 3.0 0.953585
 3.1 1.224713
 3.2 1.162100
 3.3 0.995439
 3.4 0.496388
 3.5 -0.033580
 3.6 -0.593262
 3.7 -1.164341
 3.8 -1.970719
 3.9 -3.202323
 4.0 -3.891157
 4.1 -4.834170
 4.2 -5.843588
 4.3 -6.880741
 4.4 -7.428908
 4.5 -7.848559
 4.6 -8.301810

ALA 9
 0.0 6.000000
 0.1 6.000000
 0.2 6.000000
 0.3 6.000000
 0.4 6.000000
 0.5 6.000000
 0.6 6.000000
 0.7 6.000000
 0.8 6.000000
 0.9 6.000000
 1.0 6.000000
 1.1 5.658537
 1.2 5.588235
 1.3 5.483871
 1.4 5.428571
 1.5 5.209677
 1.6 4.880435
 1.7 4.673077
 1.8 4.072917
 1.9 3.818182
 2.0 3.396552
 2.1 2.702899
 2.2 1.979151
 2.3 0.890509
 2.4 0.240147
 2.5 -0.398794
 2.6 -0.423049
 2.7 0.025114
 2.8 0.357667
 2.9 0.697153
 3.0 1.150536
 3.1 1.588254
 3.2 1.617621
 3.3 1.547338
 3.4 1.257149
 3.5 0.852083
 3.6 0.410019
 3.7 -0.020836
 3.8 -0.696970
 3.9 -1.701967
 4.0 -2.155928
 4.1 -2.942002
 4.2 -3.864336
 4.3 -4.811190
 4.4 -5.434836
 4.5 -5.873621
 4.6 -6.320554

ALA 10
 0.0 6.000000
 0.1 6.000000
 0.2 6.000000
 0.3 6.000000
 0.4 6.000000
 0.5 6.000000
 0.6 6.000000
 0.7 6.000000
 0.8 6.000000
 0.9 6.000000
 1.0 6.000000
 1.1 5.573171
 1.2 5.490196
 1.3 5.403226
 1.4 5.357143
 1.5 5.129032
 1.6 4.847826
 1.7 4.653846
 1.8 3.979167
 1.9 3.727273
 2.0 3.327586
 2.1 2.654589
 2.2 1.979860
 2.3 0.929744
 2.4 0.219622
 2.5 -0.604425
 2.6 -1.101895
 2.7 -1.249941
 2.8 -1.402946
 2.9 -1.431786
 3.0 -1.340911
 3.1 -1.147671
 3.2 -0.740370
 3.3 -0.241240
 3.4 0.312913
 3.5 0.412429
 3.6 0.484568
 3.7 0.372267
 3.8 -0.046468
 3.9 -0.842500
 4.0 -1.392706
 4.1 -2.051042
 4.2 -2.604552
 4.3 -3.085393
 4.4 -3.325346
 4.5 -3.355462
 4.6 -3.456102

ALA 11
 0.0 6.000000
 0.1 6.000000
 0.2 6.000000
 0.3 6.000000
 0.4 6.000000
 0.5 6.000000
 0.6 6.000000
 0.7 6.000000
 0.8 6.000000
 0.9 6.000000
 1.0 6.000000
 1.1 5.573171
 1.2 5.490196
 1.3 5.403226
 1.4 5.357143
 1.5 5.129032
 1.6 4.847826
 1.7 4.653846
 1.8 3.937500
 1.9 3.681818
 2.0 3.313793
 2.1 2.756039
 2.2 2.134950
 2.3 1.059217
 2.4 0.188648
 2.5 -0.903018
 2.6 -2.123129
 2.7 -2.928235
 2.8 -3.465798
 2.9 -3.686541
 3.0 -3.851853
 3.1 -3.409605
 3.2 -2.284855
 3.3 -1.034431
 3.4 0.479339
 3.5 1.056659
 3.6 1.398267
 3.7 1.418007
 3.8 1.092843
 3.9 0.268882
 4.0 -0.395534
 4.1 -0.978970
 4.2 -1.246568
 4.3 -1.304776
 4.4 -1.155064
 4.5 -0.895320
 4.6 -0.650621

ALA 12
 0.0 6.000000
 0.1 6.000000
 0.2 6.000000
 0.3 6.000000
 0.4 6.000000
 0.5 6.000000
 0.6 6.000000
 0.7 6.000000
 0.8 6.000000
 0.9 6.000000
 1.0 6.000000
 1.1 5.743902
 1.2 5.686275
 1.3 5.564516
 1.4 5.500000
 1.5 5.338710
 1.6 5.097826
 1.7 4.961538
 1.8 4.187500
 1.9 3.909091
 2.0 3.475862
 2.1 2.942029
 2.2 2.441860
 2.3 1.419929
 2.4 0.464809
 2.5 -0.725354
 2.6 -2.352441
 2.7 -3.831430
 2.8 -4.873331
 2.9 -5.369420
 3.0 -5.869043
 3.1 -5.556212
 3.2 -4.032529
 3.3 -2.401849
 3.4 -0.446078
 3.5 0.399240
 3.6 0.985484
 3.7 1.158564
 3.8 1.083356
 3.9 0.615347
 4.0 0.228630
 4.1 0.094991
 4.2 0.313710
 4.3 1.075061
 4.4 2.103892
 4.5 2.857555
 4.6 3.563337

ALA 13
 0.0 6.000000
 0.1 6.000000
 0.2 6.000000
 0.3 6.000000
 0.4 6.000000
 0.5 6.000000
 0.6 6.000000
 0.7 6.000000
 0.8 6.000000
 0.9 6.000000
 1.0 6.000000
 1.1 5.743902
 1.2 5.686275
 1.3 5.564516
 1.4 5.500000
 1.5 5.338710
 1.6 5.097826
 1.7 5.000000
 1.8 4.713542
 1.9 4.500000
 2.0 4.065517
 2.1 3.526570
 2.2 3.052326
 2.3 1.934164
 2.4 0.934018
 2.5 -0.480106
 2.6 -2.442063
 2.7 -4.211068
 2.8 -5.468928
 2.9 -6.010308
 3.0 -6.507599
 3.1 -6.123290
 3.2 -4.424599
 3.3 -2.527785
 3.4 -0.445342
 3.5 0.515156
 3.6 1.207093
 3.7 1.457581
 3.8 1.451175
 3.9 1.093358
 4.0 0.652079
 4.1 0.521879
 4.2 0.818946
 4.3 1.528529
 4.4 2.333384
 4.5 3.090876
 4.6 3.747506

ALA 14
 0.0 6.000000
 0.1 6.000000
 0.2 6.000000
 0.3 6.000000
 0.4 6.000000
 0.5 6.000000
 0.6 6.000000
 0.7 6.000000
 0.8 6.000000
 0.9 6.000000
 1.0 6.000000
 1.1 5.658537
 1.2 5.588235
 1.3 5.483871
 1.4 5.428571
 1.5 5.258065
 1.6 5.065217
 1.7 4.971154
 1.8 4.239583
 1.9 3.954545
 2.0 3.403448
 2.1 2.719807
 2.2 2.147287
 2.3 0.966192
 2.4 -0.107038
 2.5 -1.482301
 2.6 -3.323386
 2.7 -4.819469
 2.8 -5.869120
 2.9 -6.322941
 3.0 -6.603024
 3.1 -5.655463
 3.2 -3.491324
 3.3 -1.003336
 3.4 2.305788
 3.5 3.780050
 3.6 5.022919
 3.7 5.480349
 3.8 5.389413
 3.9 4.529070
 4.0 3.597389
 4.1 2.540234
 4.2 2.050429
 4.3 1.878280
 4.4 1.824175
 4.5 1.930845
 4.6 2.132501

ALA 15
 0.0 6.000000
 0.1 6.000000
 0.2 6.000000
 0.3 6.000000
 0.4 6.000000
 0.5 6.000000
 0.6 6.000000
 0.7 6.000000
 0.8 6.000000
 0.9 6.000000
 1.0 5.500000
 1.1 5.158537
 1.2 5.088235
 1.3 4.983871
 1.4 4.928571
 1.5 4.758065
 1.6 4.565217
 1.7 4.471154
 1.8 3.979167
 1.9 3.727273
 2.0 3.200000
 2.1 2.478261
 2.2 1.585271
 2.3 0.072381
 2.4 -1.202748
 2.5 -2.718204
 2.6 -4.685935
 2.7 -5.987048
 2.8 -6.703006
 2.9 -6.677721
 3.0 -6.653468
 3.1 -5.291273
 3.2 -3.037471
 3.3 -0.837107
 3.4 2.128853
 3.5 4.088253
 3.6 5.990169
 3.7 6.786915
 3.8 7.116250
 3.9 6.833543
 4.0 5.569219
 4.1 3.650090
 4.2 2.706546
 4.3 1.984111
 4.4 1.623450
 4.5 1.574665
 4.6 1.708792

ALA 16
 0.0 6.000000
 0.1 6.000000
 0.2 6.000000
 0.3 6.000000
 0.4 6.000000
 0.5 6.000000
 0.6 6.000000
 0.7 6.000000
 0.8 6.000000
 0.9 6.000000
 1.0 5.750000
 1.1 5.280488
 1.2 5.186275
 1.3 5.064516
 1.4 5.000000
 1.5 4.782258
 1.6 4.565217
 1.7 4.471154
 1.8 3.979167
 1.9 3.750000
 2.0 3.217241
 2.1 2.497585
 2.2 1.691860
 2.3 0.371313
 2.4 -0.745270
 2.5 -2.168449
 2.6 -3.902858
 2.7 -5.036445
 2.8 -5.617045
 2.9 -5.746112
 3.0 -5.876983
 3.1 -5.195761
 3.2 -3.720602
 3.3 -2.248819
 3.4 0.314052
 3.5 2.764205
 3.6 5.367071
 3.7 6.606422
 3.8 7.388016
 3.9 7.753444
 4.0 6.380447
 4.1 3.693914
 4.2 2.398793
 4.3 1.162066
 4.4 0.109498
 4.5 -0.425085
 4.6 -0.490333

ALA 17
 0.0 6.000000
 0.1 6.000000
 0.2 6.000000
 0.3 6.000000
 0.4 6.000000
 0.5 6.000000
 0.6 6.000000
 0.7 6.000000
 0.8 6.000000
 0.9 6.000000
 1.0 6.000000
 1.1 5.743902
 1.2 5.676471
 1.3 5.467742
 1.4 5.357143
 1.5 5.129032
 1.6 4.695652
 1.7 4.500000
 1.8 4.255208
 1.9 4.045455
 2.0 3.500000
 2.1 2.751208
 2.2 2.031008
 2.3 0.758612
 2.4 -0.238006
 2.5 -1.408162
 2.6 -2.739843
 2.7 -3.596392
 2.8 -4.123843
 2.9 -4.715433
 3.0 -5.160129
 3.1 -5.683908
 3.2 -5.792457
 3.3 -5.394878
 3.4 -3.746793
 3.5 -1.583209
 3.6 1.085725
 3.7 3.245426
 3.8 5.009087
 3.9 6.837248
 4.0 6.536364
 4.1 4.805242
 4.2 3.770557
 4.3 2.878526
 4.4 1.934981
 4.5 1.507711
 4.6 1.541608

ALA 18
 0.0 6.000000
 0.1 6.000000
 0.2 6.000000
 0.3 6.000000
 0.4 6.000000
 0.5 6.000000
 0.6 6.000000
 0.7 6.000000
 0.8 6.000000
 0.9 6.000000
 1.0 6.000000
 1.1 5.743902
 1.2 5.686275
 1.3 5.564516
 1.4 5.500000
 1.5 5.338710
 1.6 5.021739
 1.7 4.778846
 1.8 4.135417
 1.9 3.863636
 2.0 3.410345
 2.1 2.698068
 2.2 1.891473
 2.3 0.619217
 2.4 -0.333774
 2.5 -1.472571
 2.6 -2.889136
 2.7 -3.973426
 2.8 -4.799450
 2.9 -6.018725
 3.0 -7.041755
 3.1 -8.228435
 3.2 -8.592638
 3.3 -8.298816
 3.4 -6.785606
 3.5 -5.003394
 3.6 -2.985634
 3.7 -1.339023
 3.8 -0.016448
 3.9 1.264548
 4.0 1.118159
 4.1 0.163110
 4.2 -0.348399
 4.3 -0.651427
 4.4 -0.919998
 4.5 -1.028312
 4.6 -0.862563

ALA 19
 0.0 6.000000
 0.1 6.000000
 0.2 6.000000
 0.3 6.000000
 0.4 6.000000
 0.5 6.000000
 0.6 6.000000
 0.7 6.000000
 0.8 6.000000
 0.9 6.000000
 1.0 6.000000
 1.1 5.658537
 1.2 5.588235
 1.3 5.467742
 1.4 5.357143
 1.5 5.129032
 1.6 4.771739
 1.7 4.586538
 1.8 4.239583
 1.9 4.090909
 2.0 3.668966
 2.1 3.026570
 2.2 2.288760
 2.3 0.928253
 2.4 -0.233540
 2.5 -1.583128
 2.6 -3.298315
 2.7 -4.595940
 2.8 -5.564354
 2.9 -6.462294
 3.0 -7.258007
 3.1 -7.865460
 3.2 -7.730203
 3.3 -7.127593
 3.4 -5.458401
 3.5 -3.750814
 3.6 -1.862802
 3.7 -0.385779
 3.8 0.842177
 3.9 1.875399
 4.0 1.653093
 4.1 0.793213
 4.2 0.496140
 4.3 -0.225519
 4.4 -1.178005
 4.5 -1.733153
 4.6 -1.987354

ALA 20
 0.0 6.000000
 0.1 6.000000
 0.2 6.000000
 0.3 6.000000
 0.4 6.000000
 0.5 6.000000
 0.6 6.000000
 0.7 6.000000
 0.8 6.000000
 0.9 6.000000
 1.0 5.500000
 1.1 5.158537
 1.2 5.088235
 1.3 4.983871
 1.4 4.928571
 1.5 4.758065
 1.6 4.565217
 1.7 4.471154
 1.8 3.979167
 1.9 3.727273
 2.0 3.217241
 2.1 2.521739
 2.2 1.751938
 2.3 0.537940
 2.4 -0.347106
 2.5 -1.444739
 2.6 -2.700869
 2.7 -3.642074
 2.8 -4.253183
 2.9 -4.555564
 3.0 -4.840613
 3.1 -4.790556
 3.2 -3.885624
 3.3 -2.556060
 3.4 -0.258740
 3.5 1.691187
 3.6 3.756707
 3.7 4.900737
 3.8 5.657925
 3.9 6.092294
 4.0 5.652665
 4.1 4.181272
 4.2 3.275186
 4.3 2.875489
 4.4 2.900425
 4.5 2.611394
 4.6 2.754254

ALA 21
 0.0 6.000000
 0.1 6.000000
 0.2 6.000000
 0.3 6.000000
 0.4 6.000000
 0.5 6.000000
 0.6 6.000000
 0.7 6.000000
 0.8 6.000000
 0.9 6.000000
 1.0 5.750000
 1.1 5.280488
 1.2 5.186275
 1.3 5.064516
 1.4 5.000000
 1.5 4.782258
 1.6 4.565217
 1.7 4.471154
 1.8 3.937500
 1.9 3.704545
 2.0 3.234483
 2.1 2.545894
 2.2 1.771318
 2.3 0.498217
 2.4 -0.445211
 2.5 -1.591626
 2.6 -2.875577
 2.7 -3.800693
 2.8 -4.358661
 2.9 -4.420781
 3.0 -4.495804
 3.1 -3.827935
 3.2 -2.217117
 3.3 -0.362195
 3.4 1.735810
 3.5 3.028429
 3.6 4.252221
 3.7 4.823164
 3.8 5.088205
 3.9 4.937711
 4.0 4.216190
 4.1 3.023121
 4.2 2.675248
 4.3 2.547399
 4.4 2.487897
 4.5 2.459110
 4.6 2.900848

ALA 22
 0.0 6.000000
 0.1 6.000000
 0.2 6.000000
 0.3 6.000000
 0.4 6.000000
 0.5 6.000000
 0.6 6.000000
 0.7 6.000000
 0.8 6.000000
 0.9 6.000000
 1.0 6.000000
 1.1 5.573171
 1.2 5.480392
 1.3 5.306452
 1.4 5.214286
 1.5 4.967742
 1.6 4.554348
 1.7 4.278846
 1.8 3.791667
 1.9 3.590909
 2.0 3.141379
 2.1 2.367150
 2.2 1.540698
 2.3 0.048612
 2.4 -0.988261
 2.5 -2.020973
 2.6 -3.366079
 2.7 -4.443598
 2.8 -5.000756
 2.9 -4.968269
 3.0 -5.084966
 3.1 -3.947856
 3.2 -1.396186
 3.3 1.244979
 3.4 3.786206
 3.5 4.597649
 3.6 4.880552
 3.7 4.669556
 3.8 4.006771
 3.9 2.536023
 4.0 1.419371
 4.1 0.776014
 4.2 0.314880
 4.3 -0.083052
 4.4 -0.046136
 4.5 0.009121
 4.6 0.149567

ALA 23
 0.0 6.000000
 0.1 6.000000
 0.2 6.000000
 0.3 6.000000
 0.4 6.000000
 0.5 6.000000
 0.6 6.000000
 0.7 6.000000
 0.8 6.000000
 0.9 6.000000
 1.0 6.000000
 1.1 5.573171
 1.2 5.490196
 1.3 5.387097
 1.4 5.285714
 1.5 5.048387
 1.6 4.739130
 1.7 4.586538
 1.8 4.197917
 1.9 4.045455
 2.0 3.724138
 2.1 3.297101
 2.2 2.870155
 2.3 1.715302
 2.4 0.601710
 2.5 -0.797058
 2.6 -2.737358
 2.7 -4.381084
 2.8 -5.375805
 2.9 -5.636633
 3.0 -5.875349
 3.1 -4.909694
 3.2 -2.714862
 3.3 -0.536063
 3.4 1.748562
 3.5 2.636465
 3.6 3.095979
 3.7 2.969351
 3.8 2.354895
 3.9 1.380934
 4.0 0.808450
 4.1 0.750659
 4.2 1.245907
 4.3 1.968274
 4.4 2.878799
 4.5 3.346580
 4.6 3.835885

ALA 24
 0.0 6.000000
 0.1 6.000000
 0.2 6.000000
 0.3 6.000000
 0.4 6.000000
 0.5 6.000000
 0.6 6.000000
 0.7 6.000000
 0.8 6.000000
 0.9 6.000000
 1.0 6.000000
 1.1 5.658537
 1.2 5.588235
 1.3 5.483871
 1.4 5.428571
 1.5 5.258065
 1.6 5.065217
 1.7 4.971154
 1.8 4.395833
 1.9 4.181818
 2.0 3.824138
 2.1 3.357488
 2.2 2.891473
 2.3 1.864769
 2.4 0.912023
 2.5 -0.296460
 2.6 -2.070747
 2.7 -3.729445
 2.8 -4.912278
 2.9 -5.687730
 3.0 -6.413656
 3.1 -6.688328
 3.2 -5.771947
 3.3 -4.609701
 3.4 -3.049945
 3.5 -2.343621
 3.6 -1.841500
 3.7 -1.613803
 3.8 -1.574823
 3.9 -1.934320
 4.0 -2.354267
 4.1 -2.322786
 4.2 -2.038126
 4.3 -1.403494
 4.4 -0.743865
 4.5 -0.224654
 4.6 0.212660

ALA 25
 0.0 0.000000
 0.1 0.000000
 0.2 0.000000
 0.3 0.000000
 0.4 0.000000
 0.5 0.000000
 0.6 0.000000
 0.7 0.000000
 0.8 0.000000
 0.9 0.000000
 1.0 0.000000
 1.1 0.000000
 1.2 0.000000
 1.3 0.000000
 1.4 0.000000
 1.5 0.000000
 1.6 0.000000
 1.7 0.000000
 1.8 0.000000
 1.9 0.000000
 2.0 0.000000
 2.1 0.000000
 2.2 0.000000
 2.3 0.000000
 2.4 0.000000
 2.5 0.000000
 2.6 0.000000
 2.7 0.000000
 2.8 0.000000
 2.9 0.000000
 3.0 0.000000
 3.1 0.000000
 3.2 0.000000
 3.3 0.000000
 3.4 0.000000
 3.5 0.000000
 3.6 0.000000
 3.7 0.000000
 3.8 0.000000
 3.9 0.000000
 4.0 0.000000
 4.1 0.000000
 4.2 0.000000
 4.3 0.000000
 4.4 0.000000
 4.5 0.000000
 4.6 0.000000

