ATOMS
CA -4.622 -8.536 -9.758
HA -4.265 -9.046 -8.863

CA -3.824 -5.034 -11.006
HA -2.739 -5.006 -10.908

CA -6.464 -3.138 -9.033
HA -6.064 -2.124 -9.047

CA -6.799 -5.549 -6.112
HA -7.241 -4.910 -5.348

CA -3.316 -7.067 -6.256
HA -3.212 -7.476 -5.251

CA -1.506 -4.130 -7.853
HA -0.470 -4.338 -7.586

CA -3.791 -1.349 -6.627
HA -3.146 -0.475 -6.723

CA -5.079 -3.050 -3.480
HA -5.431 -2.199 -2.897

CA -2.109 -5.335 -2.840
HA -2.235 -5.569 -1.783

CA 0.570 -3.235 -4.534
HA 1.479 -3.626 -4.077

CA -1.059 0.174 -4.108
HA -0.206 0.843 -4.225

CA -3.108 -0.586 -0.997
HA -3.299 0.414 -0.608

CA -0.919 -3.343 0.438
HA -1.226 -3.347 1.484

CA 2.391 -2.262 -1.089
HA 3.108 -2.764 -0.440

CA 1.648 1.451 -1.430
HA 2.651 1.871 -1.504

CA -0.885 1.761 1.388
HA -0.859 2.831 1.592

CA 0.338 -1.124 3.541
HA -0.083 -0.868 4.513

CA 3.972 -1.134 2.426
HA 4.454 -1.663 3.248

CA 4.249 2.526 1.435
HA 5.327 2.681 1.464

CA 1.559 3.918 3.733
HA 1.833 4.972 3.781

CA 1.737 1.265 6.450
HA 1.281 1.783 7.294

CA 5.355 0.211 5.948
HA 5.583 -0.258 6.905

CA 6.675 3.467 4.494
HA 7.746 3.371 4.673

CA 4.173 5.836 6.103
HA 4.699 6.788 6.041

CA 3.339 3.749 9.169
HA 2.932 4.502 9.844

CA 6.602 1.812 9.414
HA 6.586 1.483 10.453

EDGES
1 3 3.802409
1 4 4.162822
1 5 5.749521
1 6 6.610494
1 7 5.191803
1 8 6.281332
1 9 4.015918
1 10 4.839912
1 11 5.722877
1 12 6.291255
1 13 7.883317
1 14 8.738966
1 15 8.349750
1 16 9.374720
1 17 8.026225
1 18 8.837504
1 19 9.074560
1 20 9.674919
1 21 10.976410
1 22 11.750778
1 23 11.926853
2 3 4.569800
2 4 4.778316
2 5 6.306264
2 6 7.154323
2 7 5.120368
2 8 6.190177
2 9 3.407857
2 10 4.076794
2 11 5.727062
2 12 6.180455
2 13 8.029208
2 14 8.904707
2 15 8.098846
2 16 9.156097
2 17 7.395701
2 18 8.144742
2 19 8.711210
2 20 9.234486
2 21 10.858032
2 22 11.652418
2 23 11.609660
2 25 11.411771
3 5 3.802255
3 6 4.162137
3 7 5.750399
3 8 6.610917
3 9 5.191691
3 10 6.281555
3 11 4.016435
3 12 4.840468
3 13 5.723282
3 14 6.291920
3 15 7.883651
3 16 8.739311
3 17 8.349574
3 18 9.374160
3 19 8.026856
3 20 8.838287
3 21 9.074739
3 22 9.675278
3 23 10.976222
3 24 11.750521
3 25 11.927432
4 5 4.569538
4 6 4.777538
4 7 6.307144
4 8 7.154776
4 9 5.120718
4 10 6.190822
4 11 3.408913
4 12 4.078023
4 13 5.727767
4 14 6.181410
4 15 8.029740
4 16 8.905180
4 17 8.099245
4 18 9.156233
4 19 7.396878
4 20 8.146072
4 21 8.711762
4 22 9.235225
4 23 10.858199
4 24 11.652468
4 25 11.610757
4 27 11.413115
5 7 3.802287
5 8 4.162083
5 9 5.749667
5 10 6.610391
5 11 5.192131
5 12 6.281866
5 13 4.016751
5 14 4.841156
5 15 5.723791
5 16 6.292798
5 17 7.883279
5 18 8.738232
5 19 8.350303
5 20 9.375038
5 21 8.027390
5 22 8.838993
5 23 9.074841
5 24 9.675461
5 25 10.976743
5 26 11.751069
5 27 11.928350
6 7 4.570019
6 8 4.778046
6 9 6.306698
6 10 7.154539
6 11 5.121039
6 12 6.191054
6 13 3.409333
6 14 4.078591
6 15 5.728804
6 16 6.182945
6 17 8.029906
6 18 8.904772
6 19 8.100089
6 20 9.157169
6 21 7.397604
6 22 8.146836
6 23 8.712398
6 24 9.235983
6 25 10.859199
6 26 11.653494
6 27 11.611883
6 29 11.413775
7 9 3.802151
7 10 4.161877
7 11 5.749825
7 12 6.610252
7 13 5.191656
7 14 6.281975
7 15 4.016320
7 16 4.840470
7 17 5.722576
7 18 6.290528
7 19 7.883327
7 20 8.738675
7 21 8.349631
7 22 9.374758
7 23 8.026087
7 24 8.837499
7 25 9.074323
7 26 9.675037
7 27 10.976839
7 28 11.750594
7 29 11.927822
8 9 4.569763
8 10 4.777720
8 11 6.306635
8 12 7.154178
8 13 5.120455
8 14 6.191032
8 15 3.409291
8 16 4.078360
8 17 5.727837
8 18 6.180901
8 19 8.029940
8 20 8.905195
8 21 8.099493
8 22 9.156930
8 23 7.396612
8 24 8.145670
8 25 8.712116
8 26 9.235768
8 27 10.859393
8 28 11.653136
8 29 11.611519
8 31 11.413793
9 11 3.801641
9 12 4.161257
9 13 5.749677
9 14 6.610707
9 15 5.191400
9 16 6.281205
9 17 4.015685
9 18 4.839452
9 19 5.722806
9 20 6.291307
9 21 7.882895
9 22 8.738716
9 23 8.348875
9 24 9.373663
9 25 8.026420
9 26 8.838218
9 27 9.075008
9 28 9.675197
9 29 10.976698
9 30 11.750508
9 31 11.927870
10 11 4.569087
10 12 4.776802
10 13 6.306247
10 14 7.154379
10 15 5.119727
10 16 6.189669
10 17 3.407846
10 18 4.076543
10 19 5.727451
10 20 6.181121
10 21 8.028970
10 22 8.904744
10 23 8.098113
10 24 9.155169
10 25 7.396233
10 26 8.145739
10 27 8.712155
10 28 9.235316
10 29 10.858682
10 30 11.652518
10 31 11.610918
10 33 11.412698
11 13 3.802402
11 14 4.162394
11 15 5.749422
11 16 6.610319
11 17 5.190935
11 18 6.280690
11 19 4.015789
11 20 4.839671
11 21 5.722696
11 22 6.291511
11 23 7.882327
11 24 8.738009
11 25 8.348929
11 26 9.373956
11 27 8.026689
11 28 8.837846
11 29 9.074701
11 30 9.674836
11 31 10.976593
11 32 11.750836
11 33 11.927263
12 13 4.569775
12 14 4.777919
12 15 6.305637
12 16 7.153570
12 17 5.119067
12 18 6.189135
12 19 3.407772
12 20 4.076595
12 21 5.727264
12 22 6.181325
12 23 8.028167
12 24 8.903776
12 25 8.097913
12 26 9.155245
12 27 7.396358
12 28 8.145236
12 29 8.711761
12 30 9.234882
12 31 10.858301
12 32 11.652535
12 33 11.610030
12 35 11.412148
13 15 3.802099
13 16 4.162331
13 17 5.749669
13 18 6.610134
13 19 5.191914
13 20 6.281730
13 21 4.016057
13 22 4.840113
13 23 5.722373
13 24 6.291152
13 25 7.882807
13 26 8.738395
13 27 8.349859
13 28 9.374294
13 29 8.026925
13 30 8.838150
13 31 9.075085
13 32 9.675794
13 33 10.976679
13 34 11.750754
13 35 11.927582
14 15 4.569919
14 16 4.778250
14 17 6.306557
14 18 7.154185
14 19 5.120349
14 20 6.190375
14 21 3.408078
14 22 4.076853
14 23 5.727202
14 24 6.181177
14 25 8.029002
14 26 8.904473
14 27 8.098993
14 28 9.155770
14 29 7.396469
14 30 8.145360
14 31 8.712069
14 32 9.235758
14 33 10.858598
14 34 11.652644
14 35 11.610530
14 37 11.412493
15 17 3.801542
15 18 4.160950
15 19 5.749464
15 20 6.610261
15 21 5.191239
15 22 6.281449
15 23 4.015150
15 24 4.839016
15 25 5.722078
15 26 6.290875
15 27 7.882812
15 28 8.737870
15 29 8.349493
15 30 9.374098
15 31 8.027003
15 32 8.838537
15 33 9.074569
15 34 9.675184
15 35 10.975996
15 36 11.750227
15 37 11.927304
16 17 4.568745
16 18 4.776224
16 19 6.305955
16 20 7.153798
16 21 5.119769
16 22 6.190151
16 23 3.407066
16 24 4.075870
16 25 5.726177
16 26 6.180056
16 27 8.028482
16 28 8.903404
16 29 8.098570
16 30 9.155549
16 31 7.396549
16 32 8.145870
16 33 8.711190
16 34 9.234759
16 35 10.857484
16 36 11.651676
16 37 11.610093
16 39 11.412041
17 19 3.802194
17 20 4.162282
17 21 5.749731
17 22 6.611151
17 23 5.191113
17 24 6.280838
17 25 4.016148
17 26 4.840331
17 27 5.723577
17 28 6.291830
17 29 7.883714
17 30 8.738932
17 31 8.350292
17 32 9.374896
17 33 8.027297
17 34 8.838856
17 35 9.075115
17 36 9.675758
17 37 10.977026
17 38 11.750522
17 39 11.927974
18 19 4.569856
18 20 4.778230
18 21 6.306398
18 22 7.154995
18 23 5.119591
18 24 6.189427
18 25 3.408779
18 26 4.077825
18 27 5.728679
18 28 6.182178
18 29 8.030112
18 30 8.905304
18 31 8.099793
18 32 9.156637
18 33 7.397522
18 34 8.146786
18 35 8.712735
18 36 9.236369
18 37 10.859411
18 38 11.652869
18 39 11.611368
18 41 11.413265
19 21 3.802157
19 22 4.162660
19 23 5.749370
19 24 6.610434
19 25 5.191297
19 26 6.281280
19 27 4.016316
19 28 4.839847
19 29 5.723242
19 30 6.291478
19 31 7.883345
19 32 8.738780
19 33 8.349597
19 34 9.374290
19 35 8.026793
19 36 8.838335
19 37 9.074862
19 38 9.674922
19 39 10.976649
19 40 11.751138
19 41 11.927286
20 21 4.569727
20 22 4.778398
20 23 6.306233
20 24 7.154358
20 25 5.120129
20 26 6.190282
20 27 3.408868
20 28 4.077310
20 29 5.728097
20 30 6.181498
20 31 8.029601
20 32 8.904867
20 33 8.099124
20 34 9.156119
20 35 7.396899
20 36 8.146141
20 37 8.712184
20 38 9.235152
20 39 10.858841
20 40 11.653286
20 41 11.610606
20 43 11.412562
21 23 3.801884
21 24 4.162355
21 25 5.749348
21 26 6.610279
21 27 5.191431
21 28 6.280920
21 29 4.016250
21 30 4.839910
21 31 5.723186
21 32 6.292031
21 33 7.883122
21 34 8.738420
21 35 8.349550
21 36 9.374352
21 37 8.026931
21 38 8.838169
21 39 9.074841
21 40 9.675784
21 41 10.976305
21 42 11.750323
21 43 11.927443
22 23 4.569861
22 24 4.778429
22 25 6.306705
22 26 7.154661
22 27 5.120540
22 28 6.190256
22 29 3.408666
22 30 4.077140
22 31 5.727961
22 32 6.181912
22 33 8.029681
22 34 8.904791
22 35 8.099384
22 36 9.156493
22 37 7.396967
22 38 8.145984
22 39 8.712096
22 40 9.235919
22 41 10.858589
22 42 11.652559
22 43 11.610946
22 45 11.412909
23 25 3.801578
23 26 4.161779
23 27 5.749473
23 28 6.610037
23 29 5.191955
23 30 6.281718
23 31 4.017258
23 32 4.841158
23 33 5.723443
23 34 6.292078
23 35 7.883123
23 36 8.738638
23 37 8.350127
23 38 9.374382
23 39 8.027441
23 40 8.839351
23 41 9.075133
23 42 9.675545
23 43 10.976821
23 44 11.750858
23 45 11.928327
24 25 4.568760
24 26 4.776915
24 27 6.306222
24 28 7.153849
24 29 5.120924
24 30 6.190974
24 31 3.409666
24 32 4.078663
24 33 5.727776
24 34 6.181490
24 35 8.029253
24 36 8.904587
24 37 8.099796
24 38 9.156438
24 39 7.397463
24 40 8.147153
24 41 8.712110
24 42 9.235376
24 43 10.858824
24 44 11.652754
24 45 11.611713
24 47 11.413430
25 27 3.802156
25 28 4.162073
25 29 5.749900
25 30 6.610753
25 31 5.191770
25 32 6.281209
25 33 4.016543
25 34 4.840470
25 35 5.723085
25 36 6.291870
25 37 7.883362
25 38 8.738064
25 39 8.349828
25 40 9.374880
25 41 8.026964
25 42 8.838587
25 43 9.074916
25 44 9.675501
25 45 10.977070
25 46 11.751393
25 47 11.927897
26 27 4.569490
26 28 4.777575
26 29 6.306511
26 30 7.154495
26 31 5.120270
26 32 6.189833
26 33 3.408676
26 34 4.077589
26 35 5.727472
26 36 6.181420
26 37 8.029331
26 38 8.903875
26 39 8.099040
26 40 9.156389
26 41 7.396693
26 42 8.146045
26 43 8.711844
26 44 9.235347
26 45 10.858936
26 46 11.653241
26 47 11.610851
26 49 11.412785
27 29 3.801934
27 30 4.161912
27 31 5.749107
27 32 6.609759
27 33 5.191026
27 34 6.280630
27 35 4.015865
27 36 4.839870
27 37 5.722559
27 38 6.290561
27 39 7.882659
27 40 8.738365
27 41 8.348890
27 42 9.373837
27 43 8.026232
27 44 8.837925
27 45 9.074359
27 46 9.675090
27 47 10.976247
27 48 11.750160
27 49 11.927170
28 29 4.569237
28 30 4.777465
28 31 6.305653
28 32 7.153331
28 33 5.119654
28 34 6.189467
28 35 3.408424
28 36 4.077409
28 37 5.727269
28 38 6.180388
28 39 8.028851
28 40 8.904390
28 41 8.098431
28 42 9.155757
28 43 7.396362
28 44 8.145839
28 45 8.711671
28 46 9.235369
28 47 10.858410
28 48 11.652268
28 49 11.610573
28 51 11.412674
29 31 3.801751
29 32 4.161963
29 33 5.749571
29 34 6.610096
29 35 5.191525
29 36 6.281267
29 37 4.016099
29 38 4.839750
29 39 5.722812
29 40 6.291755
29 41 7.882697
29 42 8.738025
29 43 8.349511
29 44 9.374280
29 45 8.026753
29 46 8.838473
29 47 9.074687
29 48 9.675123
29 49 10.976297
29 50 11.749908
29 51 11.927480
30 31 4.569361
30 32 4.777752
30 33 6.306506
30 34 7.154101
30 35 5.120544
30 36 6.190434
30 37 3.408863
30 38 4.077511
30 39 5.727900
30 40 6.181954
30 41 8.029243
30 42 8.904462
30 43 8.099353
30 44 9.156448
30 45 7.397013
30 46 8.146432
30 47 8.712299
30 48 9.235703
30 49 10.858782
30 50 11.652391
30 51 11.611055
31 33 3.801889
31 34 4.161787
31 35 5.748819
31 36 6.609712
31 37 5.190895
31 38 6.280217
31 39 4.015571
31 40 4.839886
31 41 5.722302
31 42 6.290698
31 43 7.882493
31 44 8.737773
31 45 8.349328
31 46 9.374299
31 47 8.026220
31 48 8.837545
31 49 9.074044
31 50 9.674012
31 51 10.976085
31 52 11.750206
32 33 4.568745
32 34 4.776716
32 35 6.305184
32 36 7.153065
32 37 5.119506
32 38 6.189142
32 39 3.407664
32 40 4.077066
32 41 5.726407
32 42 6.179863
32 43 8.028258
32 44 8.903328
32 45 8.098596
32 46 9.155883
32 47 7.395956
32 48 8.145110
32 49 8.710732
32 50 9.233603
32 51 10.857650
32 52 11.651714
33 35 3.801221
33 36 4.161469
33 37 5.749231
33 38 6.609242
33 39 5.191288
33 40 6.281229
33 41 4.015819
33 42 4.839928
33 43 5.722426
33 44 6.290984
33 45 7.883087
33 46 8.738702
33 47 8.349411
33 48 9.373797
33 49 8.026613
33 50 8.837903
33 51 9.074686
33 52 9.675210
34 35 4.568298
34 36 4.776674
34 37 6.305517
34 38 7.152615
34 39 5.119605
34 40 6.189708
34 41 3.407940
34 42 4.077040
34 43 5.726719
34 44 6.180398
34 45 8.028895
34 46 8.904379
34 47 8.098472
34 48 9.155143
34 49 7.396290
34 50 8.145348
34 51 8.711569
34 52 9.235062
35 37 3.801896
35 38 4.161213
35 39 5.749219
35 40 6.610188
35 41 5.190665
35 42 6.280748
35 43 4.015744
35 44 4.839849
35 45 5.722939
35 46 6.291829
35 47 7.882996
35 48 8.738126
35 49 8.349397
35 50 9.374050
35 51 8.026703
35 52 8.838236
36 37 4.569104
36 38 4.776518
36 39 6.305855
36 40 7.153807
36 41 5.119382
36 42 6.189746
36 43 3.407885
36 44 4.077047
36 45 5.727325
36 46 6.181347
36 47 8.029009
36 48 8.903947
36 49 8.098840
36 50 9.155923
36 51 7.396559
36 52 8.145843
37 39 3.801916
37 40 4.162173
37 41 5.748956
37 42 6.609762
37 43 5.191303
37 44 6.281012
37 45 4.016023
37 46 4.840215
37 47 5.722945
37 48 6.291453
37 49 7.882803
37 50 8.737869
37 51 8.349302
37 52 9.374100
38 39 4.569065
38 40 4.777573
38 41 6.305026
38 42 7.153001
38 43 5.119369
38 44 6.189325
38 45 3.408196
38 46 4.077419
38 47 5.727658
38 48 6.181485
38 49 8.028686
38 50 8.903733
38 51 8.098351
38 52 9.155458
39 41 3.801603
39 42 4.161277
39 43 5.749582
39 44 6.610078
39 45 5.191915
39 46 6.281861
39 47 4.016045
39 48 4.839769
39 49 5.722504
39 50 6.290509
39 51 7.882947
39 52 8.738327
40 41 4.568876
40 42 4.776567
40 43 6.306147
40 44 7.153655
40 45 5.120387
40 46 6.190512
40 47 3.407900
40 48 4.076691
40 49 5.726632
40 50 6.179698
40 51 8.028677
40 52 8.903916
41 43 3.801690
41 44 4.161523
41 45 5.749659
41 46 6.610677
41 47 5.191199
41 48 6.280466
41 49 4.016170
41 50 4.839982
41 51 5.723000
41 52 6.291608
42 43 4.569505
42 44 4.777469
42 45 6.306433
42 46 7.154552
42 47 5.119468
42 48 6.188922
42 49 3.408247
42 50 4.076918
42 51 5.727851
42 52 6.181610
43 45 3.802375
43 46 4.162704
43 47 5.749937
43 48 6.610288
43 49 5.191969
43 50 6.281913
43 51 4.016387
43 52 4.840286
44 45 4.569574
44 46 4.778078
44 47 6.306199
44 48 7.153605
44 49 5.120281
44 50 6.190567
44 51 3.408569
44 52 4.077425
45 47 3.802768
45 48 4.162550
45 49 5.750134
45 50 6.610883
45 51 5.191412
45 52 6.281231
46 47 4.570279
46 48 4.778234
46 49 6.307024
46 50 7.154928
46 51 5.120185
46 52 6.190197
47 49 3.801510
47 50 4.161096
47 51 5.749377
47 52 6.610119
48 49 4.568315
48 50 4.776075
48 51 6.305483
48 52 7.153289
49 51 3.802521
49 52 4.162502
50 51 4.570547
50 52 4.778803

RESIDUES
ALA 1
 0.0 2.000000
 0.1 2.000000
 0.2 2.000000
 0.3 2.000000
 0.4 2.000000
 0.5 2.000000
 0.6 2.000000
 0.7 2.000000
 0.8 2.000000
 0.9 2.000000
 1.0 2.000000
 1.1 2.000000
 1.2 2.000000
 1.3 2.000000
 1.4 2.000000
 1.5 2.000000
 1.6 2.000000
 1.7 2.000000
 1.8 2.000000
 1.9 2.000000
 2.0 2.000000
 2.1 2.000000
 2.2 2.000000
 2.3 2.000000
 2.4 2.000000
 2.5 2.000000
 2.6 2.000000
 2.7 2.000000
 2.8 2.000000
 2.9 2.000000
 3.0 2.000000
 3.1 2.000000
 3.2 2.000000
 3.3 2.000000
 3.4 1.625000
 3.5 1.625000
 3.6 1.625000
 3.7 1.625000
 3.8 1.166667
 3.9 1.166667
 4.0 0.666667
 4.1 0.125000
 4.2 -0.166667
 4.3 -0.166667
 4.4 -0.166667
 4.5 -0.166667
 4.6 -0.750000
 4.7 -0.750000
 4.8 -1.500000
 4.9 -1.500000
 5.0 -1.500000
 5.1 -1.666667
 5.2 -0.750500
 5.3 -0.750500
 5.4 -0.750500
 5.5 -0.750500
 5.6 -0.750500
 5.7 0.125250
 5.8 0.066000
 5.9 0.066000
 6.0 0.066000
 6.1 0.066000
 6.2 0.435714
 6.3 0.400444
 6.4 0.400444
 6.5 0.400444
 6.6 0.094333
 6.7 0.094333
 6.8 0.094333
 6.9 0.094333
 7.0 0.094333
 7.1 0.094333
 7.2 0.100000
 7.3 0.100000
 7.4 0.100000
 7.5 0.100000
 7.6 0.100000
 7.7 0.100000
 7.8 0.100000
 7.9 0.080667
 8.0 0.086800
 8.1 0.123833
 8.2 0.123833
 8.3 0.125000
 8.4 0.125000
 8.5 0.125000
 8.6 0.125000
 8.7 0.122600
 8.8 0.115333
 8.9 0.115000
 9.0 0.115000
 9.1 0.115500
 9.2 0.106667
 9.3 0.106667
 9.4 0.084000
 9.5 0.084000
 9.6 0.084000
 9.7 0.018667
 9.8 0.018667
 9.9 0.018667
 10.0 0.018667
 10.1 0.018667
 10.2 0.018667
 10.3 0.018667
 10.4 0.018667
 10.5 0.018667
 10.6 0.018667
 10.7 0.018667
 10.8 0.018667
 10.9 0.030000
 11.0 0.090000
 11.1 0.090000
 11.2 0.090000
 11.3 0.090000
 11.4 0.085000
 11.5 0.085000
 11.6 0.088000
 11.7 0.089000
 11.8 0.112000
 11.9 0.087000

ALA 2
 0.0 2.000000
 0.1 2.000000
 0.2 2.000000
 0.3 2.000000
 0.4 2.000000
 0.5 2.000000
 0.6 2.000000
 0.7 2.000000
 0.8 2.000000
 0.9 2.000000
 1.0 2.000000
 1.1 2.000000
 1.2 2.000000
 1.3 2.000000
 1.4 2.000000
 1.5 2.000000
 1.6 2.000000
 1.7 2.000000
 1.8 2.000000
 1.9 2.000000
 2.0 2.000000
 2.1 2.000000
 2.2 2.000000
 2.3 2.000000
 2.4 2.000000
 2.5 2.000000
 2.6 2.000000
 2.7 2.000000
 2.8 2.000000
 2.9 2.000000
 3.0 2.000000
 3.1 2.000000
 3.2 2.000000
 3.3 2.000000
 3.4 1.750000
 3.5 1.750000
 3.6 1.750000
 3.7 1.750000
 3.8 0.833333
 3.9 0.833333
 4.0 0.166667
 4.1 -0.250000
 4.2 -1.000000
 4.3 -1.000000
 4.4 -1.000000
 4.5 -1.000000
 4.6 -2.000000
 4.7 -2.000000
 4.8 -3.357143
 4.9 -3.357143
 5.0 -3.357143
 5.1 -3.500000
 5.2 -1.750000
 5.3 -1.750000
 5.4 -1.750000
 5.5 -1.750000
 5.6 -1.750000
 5.7 -0.354125
 5.8 -0.150000
 5.9 -0.150000
 6.0 -0.150000
 6.1 -0.150000
 6.2 0.302286
 6.3 -0.240556
 6.4 -0.240556
 6.5 -0.240556
 6.6 -0.261667
 6.7 -0.261667
 6.8 -0.261667
 6.9 -0.261667
 7.0 -0.261667
 7.1 -0.261667
 7.2 -0.044667
 7.3 -0.044667
 7.4 -0.333333
 7.5 -0.333333
 7.6 -0.333333
 7.7 -0.333333
 7.8 -0.333333
 7.9 -0.228333
 8.0 -0.084000
 8.1 0.086000
 8.2 0.086000
 8.3 0.097000
 8.4 0.097000
 8.5 0.097000
 8.6 0.097000
 8.7 0.103800
 8.8 0.098333
 8.9 0.098667
 9.0 0.098667
 9.1 0.100000
 9.2 0.096000
 9.3 0.096000
 9.4 0.022000
 9.5 0.022000
 9.6 0.022000
 9.7 -0.166667
 9.8 -0.166667
 9.9 -0.166667
 10.0 -0.166667
 10.1 -0.166667
 10.2 -0.166667
 10.3 -0.166667
 10.4 -0.166667
 10.5 -0.166667
 10.6 -0.166667
 10.7 -0.166667
 10.8 -0.166667
 10.9 -0.124667
 11.0 0.070000
 11.1 0.070000
 11.2 0.070000
 11.3 0.070000
 11.4 0.066667
 11.5 0.066667
 11.6 0.073000
 11.7 0.077000
 11.8 0.150000
 11.9 0.085000

ALA 3
 0.0 2.000000
 0.1 2.000000
 0.2 2.000000
 0.3 2.000000
 0.4 2.000000
 0.5 2.000000
 0.6 2.000000
 0.7 2.000000
 0.8 2.000000
 0.9 2.000000
 1.0 2.000000
 1.1 2.000000
 1.2 2.000000
 1.3 2.000000
 1.4 2.000000
 1.5 2.000000
 1.6 2.000000
 1.7 2.000000
 1.8 2.000000
 1.9 2.000000
 2.0 2.000000
 2.1 2.000000
 2.2 2.000000
 2.3 2.000000
 2.4 2.000000
 2.5 2.000000
 2.6 2.000000
 2.7 2.000000
 2.8 2.000000
 2.9 2.000000
 3.0 2.000000
 3.1 2.000000
 3.2 2.000000
 3.3 2.000000
 3.4 1.750000
 3.5 1.750000
 3.6 1.750000
 3.7 1.750000
 3.8 0.833333
 3.9 0.833333
 4.0 0.333333
 4.1 -0.125000
 4.2 -1.166667
 4.3 -1.166667
 4.4 -1.166667
 4.5 -1.166667
 4.6 -2.000000
 4.7 -2.000000
 4.8 -3.285714
 4.9 -3.285714
 5.0 -3.285714
 5.1 -3.278000
 5.2 -1.750000
 5.3 -1.750000
 5.4 -1.750000
 5.5 -1.750000
 5.6 -1.750000
 5.7 -0.500125
 5.8 -0.150000
 5.9 -0.150000
 6.0 -0.150000
 6.1 -0.150000
 6.2 0.183143
 6.3 -0.103889
 6.4 -0.103889
 6.5 -0.103889
 6.6 -0.278333
 6.7 -0.278333
 6.8 -0.278333
 6.9 -0.278333
 7.0 -0.278333
 7.1 -0.278333
 7.2 -0.244667
 7.3 -0.244667
 7.4 -0.766667
 7.5 -0.766667
 7.6 -0.766667
 7.7 -0.766667
 7.8 -0.766667
 7.9 -0.614333
 8.0 -0.372800
 8.1 0.038000
 8.2 0.038000
 8.3 0.065000
 8.4 0.065000
 8.5 0.065000
 8.6 0.065000
 8.7 0.083600
 8.8 0.089333
 8.9 0.092667
 9.0 0.092667
 9.1 0.095000
 9.2 0.085667
 9.3 0.085667
 9.4 -0.061500
 9.5 -0.061500
 9.6 -0.061500
 9.7 -0.351667
 9.8 -0.351667
 9.9 -0.351667
 10.0 -0.351667
 10.1 -0.351667
 10.2 -0.351667
 10.3 -0.351667
 10.4 -0.351667
 10.5 -0.351667
 10.6 -0.351667
 10.7 -0.351667
 10.8 -0.351667
 10.9 -0.294333
 11.0 0.027500
 11.1 0.027500
 11.2 0.027500
 11.3 0.027500
 11.4 0.044333
 11.5 0.044333
 11.6 0.055000
 11.7 0.068000
 11.8 0.191500
 11.9 0.104500

ALA 4
 0.0 2.000000
 0.1 2.000000
 0.2 2.000000
 0.3 2.000000
 0.4 2.000000
 0.5 2.000000
 0.6 2.000000
 0.7 2.000000
 0.8 2.000000
 0.9 2.000000
 1.0 2.000000
 1.1 2.000000
 1.2 2.000000
 1.3 2.000000
 1.4 2.000000
 1.5 2.000000
 1.6 2.000000
 1.7 2.000000
 1.8 2.000000
 1.9 2.000000
 2.0 2.000000
 2.1 2.000000
 2.2 2.000000
 2.3 2.000000
 2.4 2.000000
 2.5 2.000000
 2.6 2.000000
 2.7 2.000000
 2.8 2.000000
 2.9 2.000000
 3.0 2.000000
 3.1 2.000000
 3.2 2.000000
 3.3 2.000000
 3.4 1.750000
 3.5 1.750000
 3.6 1.750000
 3.7 1.750000
 3.8 0.833333
 3.9 0.833333
 4.0 0.166667
 4.1 -0.250000
 4.2 -1.166667
 4.3 -1.166667
 4.4 -1.166667
 4.5 -1.166667
 4.6 -2.000000
 4.7 -2.000000
 4.8 -3.357143
 4.9 -3.357143
 5.0 -3.357143
 5.1 -2.888667
 5.2 -1.167000
 5.3 -1.167000
 5.4 -1.167000
 5.5 -1.167000
 5.6 -1.167000
 5.7 -0.083500
 5.8 -0.067000
 5.9 -0.067000
 6.0 -0.067000
 6.1 -0.067000
 6.2 0.350000
 6.3 0.261000
 6.4 0.261000
 6.5 0.261000
 6.6 -0.211000
 6.7 -0.211000
 6.8 -0.211000
 6.9 -0.211000
 7.0 -0.211000
 7.1 -0.211000
 7.2 -0.422333
 7.3 -0.422333
 7.4 -0.867333
 7.5 -0.867333
 7.6 -0.867333
 7.7 -0.867333
 7.8 -0.867333
 7.9 -0.822333
 8.0 -0.583000
 8.1 -0.007000
 8.2 -0.007000
 8.3 0.047500
 8.4 0.047500
 8.5 0.047500
 8.6 0.047500
 8.7 0.068600
 8.8 0.070667
 8.9 0.086333
 9.0 0.086333
 9.1 0.087000
 9.2 0.069000
 9.3 0.069000
 9.4 -0.147000
 9.5 -0.147000
 9.6 -0.147000
 9.7 -0.536667
 9.8 -0.536667
 9.9 -0.536667
 10.0 -0.536667
 10.1 -0.536667
 10.2 -0.536667
 10.3 -0.536667
 10.4 -0.536667
 10.5 -0.536667
 10.6 -0.536667
 10.7 -0.536667
 10.8 -0.536667
 10.9 -0.482667
 11.0 -0.043000
 11.1 -0.043000
 11.2 -0.043000
 11.3 -0.043000
 11.4 0.020333
 11.5 0.020333
 11.6 0.035667
 11.7 0.057500
 11.8 0.233000
 11.9 0.149000

ALA 5
 0.0 2.000000
 0.1 2.000000
 0.2 2.000000
 0.3 2.000000
 0.4 2.000000
 0.5 2.000000
 0.6 2.000000
 0.7 2.000000
 0.8 2.000000
 0.9 2.000000
 1.0 2.000000
 1.1 2.000000
 1.2 2.000000
 1.3 2.000000
 1.4 2.000000
 1.5 2.000000
 1.6 2.000000
 1.7 2.000000
 1.8 2.000000
 1.9 2.000000
 2.0 2.000000
 2.1 2.000000
 2.2 2.000000
 2.3 2.000000
 2.4 2.000000
 2.5 2.000000
 2.6 2.000000
 2.7 2.000000
 2.8 2.000000
 2.9 2.000000
 3.0 2.000000
 3.1 2.000000
 3.2 2.000000
 3.3 2.000000
 3.4 1.250000
 3.5 1.250000
 3.6 1.250000
 3.7 1.250000
 3.8 0.333333
 3.9 0.333333
 4.0 -0.666667
 4.1 -1.750000
 4.2 -2.833333
 4.3 -2.833333
 4.4 -2.833333
 4.5 -2.833333
 4.6 -3.625000
 4.7 -3.625000
 4.8 -5.142857
 4.9 -5.142857
 5.0 -5.142857
 5.1 -4.055667
 5.2 -0.750000
 5.3 -0.750000
 5.4 -0.750000
 5.5 -0.750000
 5.6 -0.750000
 5.7 0.862250
 5.8 -0.200000
 5.9 -0.200000
 6.0 -0.200000
 6.1 -0.200000
 6.2 0.585571
 6.3 0.655667
 6.4 0.655667
 6.5 0.655667
 6.6 -0.327667
 6.7 -0.327667
 6.8 -0.327667
 6.9 -0.327667
 7.0 -0.327667
 7.1 -0.327667
 7.2 -0.778000
 7.3 -0.778000
 7.4 -1.055333
 7.5 -1.055333
 7.6 -1.055333
 7.7 -1.055333
 7.8 -1.055333
 7.9 -0.963333
 8.0 -0.719200
 8.1 -0.051333
 8.2 -0.051333
 8.3 0.027500
 8.4 0.027500
 8.5 0.027500
 8.6 0.027500
 8.7 0.053600
 8.8 0.055333
 8.9 0.077333
 9.0 0.077333
 9.1 0.087000
 9.2 0.052333
 9.3 0.052333
 9.4 -0.234000
 9.5 -0.234000
 9.6 -0.234000
 9.7 -0.721667
 9.8 -0.721667
 9.9 -0.721667
 10.0 -0.721667
 10.1 -0.721667
 10.2 -0.721667
 10.3 -0.721667
 10.4 -0.721667
 10.5 -0.721667
 10.6 -0.721667
 10.7 -0.721667
 10.8 -0.721667
 10.9 -0.671000
 11.0 -0.113500
 11.1 -0.113500
 11.2 -0.113500
 11.3 -0.113500
 11.4 -0.003333
 11.5 -0.003333
 11.6 0.016333
 11.7 0.044500
 11.8 0.274000
 11.9 0.192000

ALA 6
 0.0 2.000000
 0.1 2.000000
 0.2 2.000000
 0.3 2.000000
 0.4 2.000000
 0.5 2.000000
 0.6 2.000000
 0.7 2.000000
 0.8 2.000000
 0.9 2.000000
 1.0 2.000000
 1.1 2.000000
 1.2 2.000000
 1.3 2.000000
 1.4 2.000000
 1.5 2.000000
 1.6 2.000000
 1.7 2.000000
 1.8 2.000000
 1.9 2.000000
 2.0 2.000000
 2.1 2.000000
 2.2 2.000000
 2.3 2.000000
 2.4 2.000000
 2.5 2.000000
 2.6 2.000000
 2.7 2.000000
 2.8 2.000000
 2.9 2.000000
 3.0 2.000000
 3.1 2.000000
 3.2 2.000000
 3.3 2.000000
 3.4 1.375000
 3.5 1.375000
 3.6 1.375000
 3.7 1.375000
 3.8 0.333333
 3.9 0.333333
 4.0 -0.666667
 4.1 -1.625000
 4.2 -2.833333
 4.3 -2.833333
 4.4 -2.833333
 4.5 -2.833333
 4.6 -3.625000
 4.7 -3.625000
 4.8 -5.071429
 4.9 -5.071429
 5.0 -5.071429
 5.1 -4.222333
 5.2 -1.083500
 5.3 -1.083500
 5.4 -1.083500
 5.5 -1.083500
 5.6 -1.083500
 5.7 1.329125
 5.8 0.000000
 5.9 0.000000
 6.0 0.000000
 6.1 0.000000
 6.2 0.916714
 6.3 -0.033444
 6.4 -0.033444
 6.5 -0.033444
 6.6 -0.639000
 6.7 -0.639000
 6.8 -0.639000
 6.9 -0.639000
 7.0 -0.639000
 7.1 -0.639000
 7.2 -0.978000
 7.3 -0.978000
 7.4 -1.366667
 7.5 -1.366667
 7.6 -1.366667
 7.7 -1.366667
 7.8 -1.366667
 7.9 -1.147667
 8.0 -0.915600
 8.1 -0.094667
 8.2 -0.094667
 8.3 0.013000
 8.4 0.013000
 8.5 0.013000
 8.6 0.013000
 8.7 0.037800
 8.8 0.045667
 8.9 0.073333
 9.0 0.073333
 9.1 0.078000
 9.2 0.039667
 9.3 0.039667
 9.4 -0.345000
 9.5 -0.345000
 9.6 -0.345000
 9.7 -0.908000
 9.8 -0.908000
 9.9 -0.908000
 10.0 -0.908000
 10.1 -0.908000
 10.2 -0.908000
 10.3 -0.908000
 10.4 -0.908000
 10.5 -0.908000
 10.6 -0.908000
 10.7 -0.908000
 10.8 -0.908000
 10.9 -0.845667
 11.0 -0.184500
 11.1 -0.184500
 11.2 -0.184500
 11.3 -0.184500
 11.4 -0.027000
 11.5 -0.027000
 11.6 -0.002333
 11.7 0.033000
 11.8 0.315500
 11.9 0.213500

ALA 7
 0.0 2.000000
 0.1 2.000000
 0.2 2.000000
 0.3 2.000000
 0.4 2.000000
 0.5 2.000000
 0.6 2.000000
 0.7 2.000000
 0.8 2.000000
 0.9 2.000000
 1.0 2.000000
 1.1 2.000000
 1.2 2.000000
 1.3 2.000000
 1.4 2.000000
 1.5 2.000000
 1.6 2.000000
 1.7 2.000000
 1.8 2.000000
 1.9 2.000000
 2.0 2.000000
 2.1 2.000000
 2.2 2.000000
 2.3 2.000000
 2.4 2.000000
 2.5 2.000000
 2.6 2.000000
 2.7 2.000000
 2.8 2.000000
 2.9 2.000000
 3.0 2.000000
 3.1 2.000000
 3.2 2.000000
 3.3 2.000000
 3.4 1.375000
 3.5 1.375000
 3.6 1.375000
 3.7 1.375000
 3.8 0.333333
 3.9 0.333333
 4.0 -0.500000
 4.1 -1.500000
 4.2 -2.666667
 4.3 -2.666667
 4.4 -2.666667
 4.5 -2.666667
 4.6 -3.500000
 4.7 -3.500000
 4.8 -4.928571
 4.9 -4.928571
 5.0 -4.928571
 5.1 -4.222000
 5.2 -1.167000
 5.3 -1.167000
 5.4 -1.167000
 5.5 -1.167000
 5.6 -1.167000
 5.7 1.162500
 5.8 0.000000
 5.9 0.000000
 6.0 0.000000
 6.1 0.000000
 6.2 0.809429
 6.3 -0.000000
 6.4 -0.000000
 6.5 -0.000000
 6.6 -0.711000
 6.7 -0.711000
 6.8 -0.711000
 6.9 -0.711000
 7.0 -0.711000
 7.1 -0.711000
 7.2 -0.911333
 7.3 -0.911333
 7.4 -1.455333
 7.5 -1.455333
 7.6 -1.455333
 7.7 -1.455333
 7.8 -1.455333
 7.9 -1.077667
 8.0 -0.801200
 8.1 0.024167
 8.2 0.024167
 8.3 0.053500
 8.4 0.053500
 8.5 0.053500
 8.6 0.053500
 8.7 0.030400
 8.8 0.032000
 8.9 0.065000
 9.0 0.065000
 9.1 0.074000
 9.2 0.028000
 9.3 0.028000
 9.4 -0.428500
 9.5 -0.428500
 9.6 -0.428500
 9.7 -1.074333
 9.8 -1.074333
 9.9 -1.074333
 10.0 -1.074333
 10.1 -1.074333
 10.2 -1.074333
 10.3 -1.074333
 10.4 -1.074333
 10.5 -1.074333
 10.6 -1.074333
 10.7 -1.074333
 10.8 -1.074333
 10.9 -1.015333
 11.0 -0.255000
 11.1 -0.255000
 11.2 -0.255000
 11.3 -0.255000
 11.4 -0.051000
 11.5 -0.051000
 11.6 -0.018000
 11.7 0.021000
 11.8 0.357000
 11.9 0.232500

ALA 8
 0.0 2.000000
 0.1 2.000000
 0.2 2.000000
 0.3 2.000000
 0.4 2.000000
 0.5 2.000000
 0.6 2.000000
 0.7 2.000000
 0.8 2.000000
 0.9 2.000000
 1.0 2.000000
 1.1 2.000000
 1.2 2.000000
 1.3 2.000000
 1.4 2.000000
 1.5 2.000000
 1.6 2.000000
 1.7 2.000000
 1.8 2.000000
 1.9 2.000000
 2.0 2.000000
 2.1 2.000000
 2.2 2.000000
 2.3 2.000000
 2.4 2.000000
 2.5 2.000000
 2.6 2.000000
 2.7 2.000000
 2.8 2.000000
 2.9 2.000000
 3.0 2.000000
 3.1 2.000000
 3.2 2.000000
 3.3 2.000000
 3.4 1.250000
 3.5 1.250000
 3.6 1.250000
 3.7 1.250000
 3.8 0.333333
 3.9 0.333333
 4.0 -0.833333
 4.1 -1.750000
 4.2 -2.833333
 4.3 -2.833333
 4.4 -2.833333
 4.5 -2.833333
 4.6 -3.625000
 4.7 -3.625000
 4.8 -5.214286
 4.9 -5.214286
 5.0 -5.214286
 5.1 -4.000000
 5.2 -0.333500
 5.3 -0.333500
 5.4 -0.333500
 5.5 -0.333500
 5.6 -0.333500
 5.7 1.235375
 5.8 0.000000
 5.9 0.000000
 6.0 0.000000
 6.1 0.000000
 6.2 0.809571
 6.3 0.031444
 6.4 0.031444
 6.5 0.031444
 6.6 -0.678000
 6.7 -0.678000
 6.8 -0.678000
 6.9 -0.678000
 7.0 -0.678000
 7.1 -0.678000
 7.2 -0.900000
 7.3 -0.900000
 7.4 -1.400000
 7.5 -1.400000
 7.6 -1.400000
 7.7 -1.400000
 7.8 -1.400000
 7.9 -1.077667
 8.0 -0.760800
 8.1 0.041833
 8.2 0.041833
 8.3 0.048000
 8.4 0.048000
 8.5 0.048000
 8.6 0.048000
 8.7 0.020000
 8.8 0.028000
 8.9 0.040000
 9.0 0.040000
 9.1 0.022500
 9.2 0.011000
 9.3 0.011000
 9.4 -0.478000
 9.5 -0.478000
 9.6 -0.478000
 9.7 -1.240667
 9.8 -1.240667
 9.9 -1.240667
 10.0 -1.240667
 10.1 -1.240667
 10.2 -1.240667
 10.3 -1.240667
 10.4 -1.240667
 10.5 -1.240667
 10.6 -1.240667
 10.7 -1.240667
 10.8 -1.240667
 10.9 -1.173333
 11.0 -0.303000
 11.1 -0.303000
 11.2 -0.303000
 11.3 -0.303000
 11.4 -0.075000
 11.5 -0.075000
 11.6 -0.033667
 11.7 0.009000
 11.8 0.420000
 11.9 0.254500

ALA 9
 0.0 2.000000
 0.1 2.000000
 0.2 2.000000
 0.3 2.000000
 0.4 2.000000
 0.5 2.000000
 0.6 2.000000
 0.7 2.000000
 0.8 2.000000
 0.9 2.000000
 1.0 2.000000
 1.1 2.000000
 1.2 2.000000
 1.3 2.000000
 1.4 2.000000
 1.5 2.000000
 1.6 2.000000
 1.7 2.000000
 1.8 2.000000
 1.9 2.000000
 2.0 2.000000
 2.1 2.000000
 2.2 2.000000
 2.3 2.000000
 2.4 2.000000
 2.5 2.000000
 2.6 2.000000
 2.7 2.000000
 2.8 2.000000
 2.9 2.000000
 3.0 2.000000
 3.1 2.000000
 3.2 2.000000
 3.3 2.000000
 3.4 1.375000
 3.5 1.375000
 3.6 1.375000
 3.7 1.375000
 3.8 0.333333
 3.9 0.333333
 4.0 -0.666667
 4.1 -1.625000
 4.2 -2.833333
 4.3 -2.833333
 4.4 -2.833333
 4.5 -2.833333
 4.6 -3.625000
 4.7 -3.625000
 4.8 -5.214286
 4.9 -5.214286
 5.0 -5.214286
 5.1 -3.722333
 5.2 0.000000
 5.3 0.000000
 5.4 0.000000
 5.5 0.000000
 5.6 0.000000
 5.7 1.097875
 5.8 0.000000
 5.9 0.000000
 6.0 0.000000
 6.1 0.000000
 6.2 0.857000
 6.3 -0.031444
 6.4 -0.031444
 6.5 -0.031444
 6.6 -0.700000
 6.7 -0.700000
 6.8 -0.700000
 6.9 -0.700000
 7.0 -0.700000
 7.1 -0.700000
 7.2 -0.989000
 7.3 -0.989000
 7.4 -1.155333
 7.5 -1.155333
 7.6 -1.155333
 7.7 -1.155333
 7.8 -1.155333
 7.9 -1.011000
 8.0 -0.701800
 8.1 0.031833
 8.2 0.031833
 8.3 0.038000
 8.4 0.038000
 8.5 0.038000
 8.6 0.038000
 8.7 0.004800
 8.8 0.005667
 8.9 0.024667
 9.0 0.024667
 9.1 0.006500
 9.2 0.000333
 9.3 0.000333
 9.4 -0.625000
 9.5 -0.625000
 9.6 -0.625000
 9.7 -1.407333
 9.8 -1.407333
 9.9 -1.407333
 10.0 -1.407333
 10.1 -1.407333
 10.2 -1.407333
 10.3 -1.407333
 10.4 -1.407333
 10.5 -1.407333
 10.6 -1.407333
 10.7 -1.407333
 10.8 -1.407333
 10.9 -1.324667
 11.0 -0.345500
 11.1 -0.345500
 11.2 -0.345500
 11.3 -0.345500
 11.4 -0.099333
 11.5 -0.099333
 11.6 -0.050333
 11.7 -0.002000
 11.8 0.489000
 11.9 0.273000

ALA 10
 0.0 2.000000
 0.1 2.000000
 0.2 2.000000
 0.3 2.000000
 0.4 2.000000
 0.5 2.000000
 0.6 2.000000
 0.7 2.000000
 0.8 2.000000
 0.9 2.000000
 1.0 2.000000
 1.1 2.000000
 1.2 2.000000
 1.3 2.000000
 1.4 2.000000
 1.5 2.000000
 1.6 2.000000
 1.7 2.000000
 1.8 2.000000
 1.9 2.000000
 2.0 2.000000
 2.1 2.000000
 2.2 2.000000
 2.3 2.000000
 2.4 2.000000
 2.5 2.000000
 2.6 2.000000
 2.7 2.000000
 2.8 2.000000
 2.9 2.000000
 3.0 2.000000
 3.1 2.000000
 3.2 2.000000
 3.3 2.000000
 3.4 1.375000
 3.5 1.375000
 3.6 1.375000
 3.7 1.375000
 3.8 0.333333
 3.9 0.333333
 4.0 -0.666667
 4.1 -1.750000
 4.2 -2.500000
 4.3 -2.500000
 4.4 -2.500000
 4.5 -2.500000
 4.6 -3.500000
 4.7 -3.500000
 4.8 -5.000000
 4.9 -5.000000
 5.0 -5.000000
 5.1 -4.000000
 5.2 -0.416500
 5.3 -0.416500
 5.4 -0.416500
 5.5 -0.416500
 5.6 -0.416500
 5.7 1.183250
 5.8 0.000000
 5.9 0.000000
 6.0 0.000000
 6.1 0.000000
 6.2 0.821429
 6.3 0.027889
 6.4 0.027889
 6.5 0.027889
 6.6 -0.566667
 6.7 -0.566667
 6.8 -0.566667
 6.9 -0.566667
 7.0 -0.566667
 7.1 -0.566667
 7.2 -0.678000
 7.3 -0.678000
 7.4 -1.066667
 7.5 -1.066667
 7.6 -1.066667
 7.7 -1.066667
 7.8 -1.066667
 7.9 -0.922000
 8.0 -0.588600
 8.1 -0.015333
 8.2 -0.015333
 8.3 -0.008500
 8.4 -0.008500
 8.5 -0.008500
 8.6 -0.008500
 8.7 0.000000
 8.8 -0.004667
 8.9 0.020333
 9.0 0.020333
 9.1 -0.005500
 9.2 -0.006500
 9.3 -0.006500
 9.4 -0.726000
 9.5 -0.726000
 9.6 -0.726000
 9.7 -1.592667
 9.8 -1.592667
 9.9 -1.592667
 10.0 -1.592667
 10.1 -1.592667
 10.2 -1.592667
 10.3 -1.592667
 10.4 -1.592667
 10.5 -1.592667
 10.6 -1.592667
 10.7 -1.592667
 10.8 -1.592667
 10.9 -1.513000
 11.0 -0.416000
 11.1 -0.416000
 11.2 -0.416000
 11.3 -0.416000
 11.4 -0.125333
 11.5 -0.125333
 11.6 -0.066667
 11.7 -0.012500
 11.8 0.530500
 11.9 0.294000

ALA 11
 0.0 2.000000
 0.1 2.000000
 0.2 2.000000
 0.3 2.000000
 0.4 2.000000
 0.5 2.000000
 0.6 2.000000
 0.7 2.000000
 0.8 2.000000
 0.9 2.000000
 1.0 2.000000
 1.1 2.000000
 1.2 2.000000
 1.3 2.000000
 1.4 2.000000
 1.5 2.000000
 1.6 2.000000
 1.7 2.000000
 1.8 2.000000
 1.9 2.000000
 2.0 2.000000
 2.1 2.000000
 2.2 2.000000
 2.3 2.000000
 2.4 2.000000
 2.5 2.000000
 2.6 2.000000
 2.7 2.000000
 2.8 2.000000
 2.9 2.000000
 3.0 2.000000
 3.1 2.000000
 3.2 2.000000
 3.3 2.000000
 3.4 1.375000
 3.5 1.375000
 3.6 1.375000
 3.7 1.375000
 3.8 0.333333
 3.9 0.333333
 4.0 -0.666667
 4.1 -1.750000
 4.2 -2.500000
 4.3 -2.500000
 4.4 -2.500000
 4.5 -2.500000
 4.6 -3.500000
 4.7 -3.500000
 4.8 -5.000000
 4.9 -5.000000
 5.0 -5.000000
 5.1 -4.500000
 5.2 -0.666500
 5.3 -0.666500
 5.4 -0.666500
 5.5 -0.666500
 5.6 -0.666500
 5.7 1.150000
 5.8 0.000000
 5.9 0.000000
 6.0 0.000000
 6.1 0.000000
 6.2 0.821429
 6.3 -0.051889
 6.4 -0.051889
 6.5 -0.051889
 6.6 -0.722333
 6.7 -0.722333
 6.8 -0.722333
 6.9 -0.722333
 7.0 -0.722333
 7.1 -0.722333
 7.2 -0.983333
 7.3 -0.983333
 7.4 -1.188667
 7.5 -1.188667
 7.6 -1.188667
 7.7 -1.188667
 7.8 -1.188667
 7.9 -0.922000
 8.0 -0.665800
 8.1 -0.037000
 8.2 -0.037000
 8.3 -0.023000
 8.4 -0.023000
 8.5 -0.023000
 8.6 -0.023000
 8.7 -0.000200
 8.8 0.002333
 8.9 -0.008667
 9.0 -0.008667
 9.1 0.036000
 9.2 0.006500
 9.3 0.006500
 9.4 -0.752000
 9.5 -0.752000
 9.6 -0.752000
 9.7 -1.574000
 9.8 -1.574000
 9.9 -1.574000
 10.0 -1.574000
 10.1 -1.574000
 10.2 -1.574000
 10.3 -1.574000
 10.4 -1.574000
 10.5 -1.574000
 10.6 -1.574000
 10.7 -1.574000
 10.8 -1.574000
 10.9 -1.516333
 11.0 -0.353500
 11.1 -0.353500
 11.2 -0.353500
 11.3 -0.353500
 11.4 0.018333
 11.5 0.018333
 11.6 -0.023667
 11.7 0.031000
 11.8 0.622500
 11.9 0.291000

ALA 12
 0.0 2.000000
 0.1 2.000000
 0.2 2.000000
 0.3 2.000000
 0.4 2.000000
 0.5 2.000000
 0.6 2.000000
 0.7 2.000000
 0.8 2.000000
 0.9 2.000000
 1.0 2.000000
 1.1 2.000000
 1.2 2.000000
 1.3 2.000000
 1.4 2.000000
 1.5 2.000000
 1.6 2.000000
 1.7 2.000000
 1.8 2.000000
 1.9 2.000000
 2.0 2.000000
 2.1 2.000000
 2.2 2.000000
 2.3 2.000000
 2.4 2.000000
 2.5 2.000000
 2.6 2.000000
 2.7 2.000000
 2.8 2.000000
 2.9 2.000000
 3.0 2.000000
 3.1 2.000000
 3.2 2.000000
 3.3 2.000000
 3.4 1.375000
 3.5 1.375000
 3.6 1.375000
 3.7 1.375000
 3.8 0.333333
 3.9 0.333333
 4.0 -0.666667
 4.1 -1.625000
 4.2 -2.666667
 4.3 -2.666667
 4.4 -2.666667
 4.5 -2.666667
 4.6 -3.625000
 4.7 -3.625000
 4.8 -5.071429
 4.9 -5.071429
 5.0 -5.071429
 5.1 -4.277667
 5.2 -0.750000
 5.3 -0.750000
 5.4 -0.750000
 5.5 -0.750000
 5.6 -0.750000
 5.7 1.208375
 5.8 0.000000
 5.9 0.000000
 6.0 0.000000
 6.1 0.000000
 6.2 0.857143
 6.3 0.101667
 6.4 0.101667
 6.5 0.101667
 6.6 -0.678000
 6.7 -0.678000
 6.8 -0.678000
 6.9 -0.678000
 7.0 -0.678000
 7.1 -0.678000
 7.2 -0.655667
 7.3 -0.655667
 7.4 -1.333333
 7.5 -1.333333
 7.6 -1.333333
 7.7 -1.333333
 7.8 -1.333333
 7.9 -0.989000
 8.0 -0.667200
 8.1 -0.029500
 8.2 -0.029500
 8.3 -0.023000
 8.4 -0.023000
 8.5 -0.023000
 8.6 -0.023000
 8.7 0.001400
 8.8 0.000000
 8.9 -0.011333
 9.0 -0.011333
 9.1 0.000000
 9.2 -0.005167
 9.3 -0.005167
 9.4 -0.722000
 9.5 -0.722000
 9.6 -0.722000
 9.7 -1.537000
 9.8 -1.537000
 9.9 -1.537000
 10.0 -1.537000
 10.1 -1.537000
 10.2 -1.537000
 10.3 -1.537000
 10.4 -1.537000
 10.5 -1.537000
 10.6 -1.537000
 10.7 -1.537000
 10.8 -1.537000
 10.9 -1.550333
 11.0 -0.376500
 11.1 -0.376500
 11.2 -0.376500
 11.3 -0.376500
 11.4 0.001667
 11.5 0.001667
 11.6 0.008667
 11.7 -0.019000
 11.8 0.603000
 11.9 0.265500

ALA 13
 0.0 2.000000
 0.1 2.000000
 0.2 2.000000
 0.3 2.000000
 0.4 2.000000
 0.5 2.000000
 0.6 2.000000
 0.7 2.000000
 0.8 2.000000
 0.9 2.000000
 1.0 2.000000
 1.1 2.000000
 1.2 2.000000
 1.3 2.000000
 1.4 2.000000
 1.5 2.000000
 1.6 2.000000
 1.7 2.000000
 1.8 2.000000
 1.9 2.000000
 2.0 2.000000
 2.1 2.000000
 2.2 2.000000
 2.3 2.000000
 2.4 2.000000
 2.5 2.000000
 2.6 2.000000
 2.7 2.000000
 2.8 2.000000
 2.9 2.000000
 3.0 2.000000
 3.1 2.000000
 3.2 2.000000
 3.3 2.000000
 3.4 1.500000
 3.5 1.500000
 3.6 1.500000
 3.7 1.500000
 3.8 0.333333
 3.9 0.333333
 4.0 -0.500000
 4.1 -1.500000
 4.2 -2.666667
 4.3 -2.666667
 4.4 -2.666667
 4.5 -2.666667
 4.6 -3.750000
 4.7 -3.750000
 4.8 -5.071429
 4.9 -5.071429
 5.0 -5.071429
 5.1 -4.000000
 5.2 -0.416500
 5.3 -0.416500
 5.4 -0.416500
 5.5 -0.416500
 5.6 -0.416500
 5.7 1.191625
 5.8 0.000000
 5.9 0.000000
 6.0 0.000000
 6.1 0.000000
 6.2 0.857143
 6.3 0.048222
 6.4 0.048222
 6.5 0.048222
 6.6 -0.700000
 6.7 -0.700000
 6.8 -0.700000
 6.9 -0.700000
 7.0 -0.700000
 7.1 -0.700000
 7.2 -0.950000
 7.3 -0.950000
 7.4 -1.388667
 7.5 -1.388667
 7.6 -1.388667
 7.7 -1.388667
 7.8 -1.388667
 7.9 -1.057000
 8.0 -0.762200
 8.1 -0.007167
 8.2 -0.007167
 8.3 -0.026500
 8.4 -0.026500
 8.5 -0.026500
 8.6 -0.026500
 8.7 -0.000600
 8.8 0.002333
 8.9 -0.047333
 9.0 -0.047333
 9.1 -0.004000
 9.2 -0.001333
 9.3 -0.001333
 9.4 -0.807500
 9.5 -0.807500
 9.6 -0.807500
 9.7 -1.500000
 9.8 -1.500000
 9.9 -1.500000
 10.0 -1.500000
 10.1 -1.500000
 10.2 -1.500000
 10.3 -1.500000
 10.4 -1.500000
 10.5 -1.500000
 10.6 -1.500000
 10.7 -1.500000
 10.8 -1.500000
 10.9 -1.565333
 11.0 -0.399000
 11.1 -0.399000
 11.2 -0.399000
 11.3 -0.399000
 11.4 -0.021667
 11.5 -0.021667
 11.6 0.040333
 11.7 -0.021000
 11.8 0.601000
 11.9 0.285000

ALA 14
 0.0 2.000000
 0.1 2.000000
 0.2 2.000000
 0.3 2.000000
 0.4 2.000000
 0.5 2.000000
 0.6 2.000000
 0.7 2.000000
 0.8 2.000000
 0.9 2.000000
 1.0 2.000000
 1.1 2.000000
 1.2 2.000000
 1.3 2.000000
 1.4 2.000000
 1.5 2.000000
 1.6 2.000000
 1.7 2.000000
 1.8 2.000000
 1.9 2.000000
 2.0 2.000000
 2.1 2.000000
 2.2 2.000000
 2.3 2.000000
 2.4 2.000000
 2.5 2.000000
 2.6 2.000000
 2.7 2.000000
 2.8 2.000000
 2.9 2.000000
 3.0 2.000000
 3.1 2.000000
 3.2 2.000000
 3.3 2.000000
 3.4 1.375000
 3.5 1.375000
 3.6 1.375000
 3.7 1.375000
 3.8 0.333333
 3.9 0.333333
 4.0 -0.666667
 4.1 -1.750000
 4.2 -2.666667
 4.3 -2.666667
 4.4 -2.666667
 4.5 -2.666667
 4.6 -3.750000
 4.7 -3.750000
 4.8 -5.071429
 4.9 -5.071429
 5.0 -5.071429
 5.1 -4.500000
 5.2 -0.333500
 5.3 -0.333500
 5.4 -0.333500
 5.5 -0.333500
 5.6 -0.333500
 5.7 1.052000
 5.8 0.000000
 5.9 0.000000
 6.0 0.000000
 6.1 0.000000
 6.2 0.869000
 6.3 0.068556
 6.4 0.068556
 6.5 0.068556
 6.6 -0.450000
 6.7 -0.450000
 6.8 -0.450000
 6.9 -0.450000
 7.0 -0.450000
 7.1 -0.450000
 7.2 -0.922333
 7.3 -0.922333
 7.4 -1.355333
 7.5 -1.355333
 7.6 -1.355333
 7.7 -1.355333
 7.8 -1.355333
 7.9 -1.090333
 8.0 -0.814200
 8.1 0.007000
 8.2 0.007000
 8.3 -0.035000
 8.4 -0.035000
 8.5 -0.035000
 8.6 -0.035000
 8.7 0.000200
 8.8 -0.002333
 8.9 0.016000
 9.0 0.016000
 9.1 -0.004000
 9.2 0.002667
 9.3 0.002667
 9.4 -0.778000
 9.5 -0.778000
 9.6 -0.778000
 9.7 -1.481333
 9.8 -1.481333
 9.9 -1.481333
 10.0 -1.481333
 10.1 -1.481333
 10.2 -1.481333
 10.3 -1.481333
 10.4 -1.481333
 10.5 -1.481333
 10.6 -1.481333
 10.7 -1.481333
 10.8 -1.481333
 10.9 -1.550333
 11.0 -0.376500
 11.1 -0.376500
 11.2 -0.376500
 11.3 -0.376500
 11.4 -0.022000
 11.5 -0.022000
 11.6 0.023667
 11.7 0.003000
 11.8 0.623500
 11.9 0.285000

ALA 15
 0.0 2.000000
 0.1 2.000000
 0.2 2.000000
 0.3 2.000000
 0.4 2.000000
 0.5 2.000000
 0.6 2.000000
 0.7 2.000000
 0.8 2.000000
 0.9 2.000000
 1.0 2.000000
 1.1 2.000000
 1.2 2.000000
 1.3 2.000000
 1.4 2.000000
 1.5 2.000000
 1.6 2.000000
 1.7 2.000000
 1.8 2.000000
 1.9 2.000000
 2.0 2.000000
 2.1 2.000000
 2.2 2.000000
 2.3 2.000000
 2.4 2.000000
 2.5 2.000000
 2.6 2.000000
 2.7 2.000000
 2.8 2.000000
 2.9 2.000000
 3.0 2.000000
 3.1 2.000000
 3.2 2.000000
 3.3 2.000000
 3.4 1.500000
 3.5 1.500000
 3.6 1.500000
 3.7 1.500000
 3.8 0.333333
 3.9 0.333333
 4.0 -0.666667
 4.1 -1.625000
 4.2 -2.666667
 4.3 -2.666667
 4.4 -2.666667
 4.5 -2.666667
 4.6 -3.750000
 4.7 -3.750000
 4.8 -5.071429
 4.9 -5.071429
 5.0 -5.071429
 5.1 -4.778000
 5.2 -0.833000
 5.3 -0.833000
 5.4 -0.833000
 5.5 -0.833000
 5.6 -0.833000
 5.7 1.116625
 5.8 0.000000
 5.9 0.000000
 6.0 0.000000
 6.1 0.000000
 6.2 0.785857
 6.3 -0.048222
 6.4 -0.048222
 6.5 -0.048222
 6.6 -0.366667
 6.7 -0.366667
 6.8 -0.366667
 6.9 -0.366667
 7.0 -0.366667
 7.1 -0.366667
 7.2 -1.267000
 7.3 -1.267000
 7.4 -1.300000
 7.5 -1.300000
 7.6 -1.300000
 7.7 -1.300000
 7.8 -1.300000
 7.9 -0.990333
 8.0 -0.790000
 8.1 0.014000
 8.2 0.014000
 8.3 0.022000
 8.4 0.022000
 8.5 0.022000
 8.6 0.022000
 8.7 -0.000600
 8.8 -0.004667
 8.9 0.014000
 9.0 0.014000
 9.1 0.000000
 9.2 0.011000
 9.3 0.011000
 9.4 -0.778000
 9.5 -0.778000
 9.6 -0.778000
 9.7 -1.481333
 9.8 -1.481333
 9.9 -1.481333
 10.0 -1.481333
 10.1 -1.481333
 10.2 -1.481333
 10.3 -1.481333
 10.4 -1.481333
 10.5 -1.481333
 10.6 -1.481333
 10.7 -1.481333
 10.8 -1.481333
 10.9 -1.531333
 11.0 -0.325500
 11.1 -0.325500
 11.2 -0.325500
 11.3 -0.325500
 11.4 -0.000000
 11.5 -0.000000
 11.6 -0.007667
 11.7 0.006000
 11.8 0.676000
 11.9 0.241500

ALA 16
 0.0 2.000000
 0.1 2.000000
 0.2 2.000000
 0.3 2.000000
 0.4 2.000000
 0.5 2.000000
 0.6 2.000000
 0.7 2.000000
 0.8 2.000000
 0.9 2.000000
 1.0 2.000000
 1.1 2.000000
 1.2 2.000000
 1.3 2.000000
 1.4 2.000000
 1.5 2.000000
 1.6 2.000000
 1.7 2.000000
 1.8 2.000000
 1.9 2.000000
 2.0 2.000000
 2.1 2.000000
 2.2 2.000000
 2.3 2.000000
 2.4 2.000000
 2.5 2.000000
 2.6 2.000000
 2.7 2.000000
 2.8 2.000000
 2.9 2.000000
 3.0 2.000000
 3.1 2.000000
 3.2 2.000000
 3.3 2.000000
 3.4 1.500000
 3.5 1.500000
 3.6 1.500000
 3.7 1.500000
 3.8 0.333333
 3.9 0.333333
 4.0 -0.500000
 4.1 -1.500000
 4.2 -2.666667
 4.3 -2.666667
 4.4 -2.666667
 4.5 -2.666667
 4.6 -3.750000
 4.7 -3.750000
 4.8 -5.000000
 4.9 -5.000000
 5.0 -5.000000
 5.1 -4.222000
 5.2 -0.750000
 5.3 -0.750000
 5.4 -0.750000
 5.5 -0.750000
 5.6 -0.750000
 5.7 1.204375
 5.8 0.000000
 5.9 0.000000
 6.0 0.000000
 6.1 0.000000
 6.2 0.857286
 6.3 -0.014778
 6.4 -0.014778
 6.5 -0.014778
 6.6 -0.478000
 6.7 -0.478000
 6.8 -0.478000
 6.9 -0.478000
 7.0 -0.478000
 7.1 -0.478000
 7.2 -1.200000
 7.3 -1.200000
 7.4 -1.300000
 7.5 -1.300000
 7.6 -1.300000
 7.7 -1.300000
 7.8 -1.300000
 7.9 -1.009667
 8.0 -0.712800
 8.1 0.003333
 8.2 0.003333
 8.3 0.023500
 8.4 0.023500
 8.5 0.023500
 8.6 0.023500
 8.7 -0.001600
 8.8 0.000000
 8.9 0.022000
 9.0 0.022000
 9.1 -0.009500
 9.2 0.000000
 9.3 0.000000
 9.4 -0.835500
 9.5 -0.835500
 9.6 -0.835500
 9.7 -1.518667
 9.8 -1.518667
 9.9 -1.518667
 10.0 -1.518667
 10.1 -1.518667
 10.2 -1.518667
 10.3 -1.518667
 10.4 -1.518667
 10.5 -1.518667
 10.6 -1.518667
 10.7 -1.518667
 10.8 -1.518667
 10.9 -1.535333
 11.0 -0.275500
 11.1 -0.275500
 11.2 -0.275500
 11.3 -0.275500
 11.4 0.018333
 11.5 0.018333
 11.6 -0.025000
 11.7 0.056000
 11.8 0.773500
 11.9 0.312000

ALA 17
 0.0 2.000000
 0.1 2.000000
 0.2 2.000000
 0.3 2.000000
 0.4 2.000000
 0.5 2.000000
 0.6 2.000000
 0.7 2.000000
 0.8 2.000000
 0.9 2.000000
 1.0 2.000000
 1.1 2.000000
 1.2 2.000000
 1.3 2.000000
 1.4 2.000000
 1.5 2.000000
 1.6 2.000000
 1.7 2.000000
 1.8 2.000000
 1.9 2.000000
 2.0 2.000000
 2.1 2.000000
 2.2 2.000000
 2.3 2.000000
 2.4 2.000000
 2.5 2.000000
 2.6 2.000000
 2.7 2.000000
 2.8 2.000000
 2.9 2.000000
 3.0 2.000000
 3.1 2.000000
 3.2 2.000000
 3.3 2.000000
 3.4 1.375000
 3.5 1.375000
 3.6 1.375000
 3.7 1.375000
 3.8 0.166667
 3.9 0.166667
 4.0 -0.500000
 4.1 -1.625000
 4.2 -2.833333
 4.3 -2.833333
 4.4 -2.833333
 4.5 -2.833333
 4.6 -3.875000
 4.7 -3.875000
 4.8 -5.142857
 4.9 -5.142857
 5.0 -5.142857
 5.1 -3.778000
 5.2 -0.333500
 5.3 -0.333500
 5.4 -0.333500
 5.5 -0.333500
 5.6 -0.333500
 5.7 1.277000
 5.8 0.000000
 5.9 0.000000
 6.0 0.000000
 6.1 0.000000
 6.2 0.940429
 6.3 -0.161111
 6.4 -0.161111
 6.5 -0.161111
 6.6 -0.544667
 6.7 -0.544667
 6.8 -0.544667
 6.9 -0.544667
 7.0 -0.544667
 7.1 -0.544667
 7.2 -1.344333
 7.3 -1.344333
 7.4 -1.244667
 7.5 -1.244667
 7.6 -1.244667
 7.7 -1.244667
 7.8 -1.244667
 7.9 -1.020667
 8.0 -0.642600
 8.1 0.022500
 8.2 0.022500
 8.3 0.032500
 8.4 0.032500
 8.5 0.032500
 8.6 0.032500
 8.7 0.000800
 8.8 0.002333
 8.9 0.031333
 9.0 0.031333
 9.1 -0.005500
 9.2 0.006333
 9.3 0.006333
 9.4 -0.803500
 9.5 -0.803500
 9.6 -0.803500
 9.7 -1.556000
 9.8 -1.556000
 9.9 -1.556000
 10.0 -1.556000
 10.1 -1.556000
 10.2 -1.556000
 10.3 -1.556000
 10.4 -1.556000
 10.5 -1.556000
 10.6 -1.556000
 10.7 -1.556000
 10.8 -1.556000
 10.9 -1.546333
 11.0 -0.315500
 11.1 -0.315500
 11.2 -0.315500
 11.3 -0.315500
 11.4 -0.069000
 11.5 -0.069000
 11.6 -0.102667
 11.7 0.012500
 11.8 0.732500
 11.9 0.267500

ALA 18
 0.0 2.000000
 0.1 2.000000
 0.2 2.000000
 0.3 2.000000
 0.4 2.000000
 0.5 2.000000
 0.6 2.000000
 0.7 2.000000
 0.8 2.000000
 0.9 2.000000
 1.0 2.000000
 1.1 2.000000
 1.2 2.000000
 1.3 2.000000
 1.4 2.000000
 1.5 2.000000
 1.6 2.000000
 1.7 2.000000
 1.8 2.000000
 1.9 2.000000
 2.0 2.000000
 2.1 2.000000
 2.2 2.000000
 2.3 2.000000
 2.4 2.000000
 2.5 2.000000
 2.6 2.000000
 2.7 2.000000
 2.8 2.000000
 2.9 2.000000
 3.0 2.000000
 3.1 2.000000
 3.2 2.000000
 3.3 2.000000
 3.4 1.250000
 3.5 1.250000
 3.6 1.250000
 3.7 1.250000
 3.8 0.166667
 3.9 0.166667
 4.0 -0.666667
 4.1 -1.750000
 4.2 -3.000000
 4.3 -3.000000
 4.4 -3.000000
 4.5 -3.000000
 4.6 -3.875000
 4.7 -3.875000
 4.8 -5.142857
 4.9 -5.142857
 5.0 -5.142857
 5.1 -3.777667
 5.2 -0.416500
 5.3 -0.416500
 5.4 -0.416500
 5.5 -0.416500
 5.6 -0.416500
 5.7 1.229250
 5.8 0.000000
 5.9 0.000000
 6.0 0.000000
 6.1 0.000000
 6.2 0.880857
 6.3 -0.111111
 6.4 -0.111111
 6.5 -0.111111
 6.6 -0.622333
 6.7 -0.622333
 6.8 -0.622333
 6.9 -0.622333
 7.0 -0.622333
 7.1 -0.622333
 7.2 -1.277667
 7.3 -1.277667
 7.4 -1.244667
 7.5 -1.244667
 7.6 -1.244667
 7.7 -1.244667
 7.8 -1.244667
 7.9 -1.020667
 8.0 -0.615400
 8.1 0.034167
 8.2 0.034167
 8.3 0.041500
 8.4 0.041500
 8.5 0.041500
 8.6 0.041500
 8.7 0.005000
 8.8 0.003000
 8.9 0.012333
 9.0 0.012333
 9.1 0.000500
 9.2 0.003500
 9.3 0.003500
 9.4 -0.694500
 9.5 -0.694500
 9.6 -0.694500
 9.7 -1.370333
 9.8 -1.370333
 9.9 -1.370333
 10.0 -1.370333
 10.1 -1.370333
 10.2 -1.370333
 10.3 -1.370333
 10.4 -1.370333
 10.5 -1.370333
 10.6 -1.370333
 10.7 -1.370333
 10.8 -1.370333
 10.9 -1.395333
 11.0 -0.273000
 11.1 -0.273000
 11.2 -0.273000
 11.3 -0.273000
 11.4 -0.045667
 11.5 -0.045667
 11.6 -0.104333
 11.7 0.022000
 11.8 0.663000
 11.9 0.271000

ALA 19
 0.0 2.000000
 0.1 2.000000
 0.2 2.000000
 0.3 2.000000
 0.4 2.000000
 0.5 2.000000
 0.6 2.000000
 0.7 2.000000
 0.8 2.000000
 0.9 2.000000
 1.0 2.000000
 1.1 2.000000
 1.2 2.000000
 1.3 2.000000
 1.4 2.000000
 1.5 2.000000
 1.6 2.000000
 1.7 2.000000
 1.8 2.000000
 1.9 2.000000
 2.0 2.000000
 2.1 2.000000
 2.2 2.000000
 2.3 2.000000
 2.4 2.000000
 2.5 2.000000
 2.6 2.000000
 2.7 2.000000
 2.8 2.000000
 2.9 2.000000
 3.0 2.000000
 3.1 2.000000
 3.2 2.000000
 3.3 2.000000
 3.4 1.375000
 3.5 1.375000
 3.6 1.375000
 3.7 1.375000
 3.8 0.333333
 3.9 0.333333
 4.0 -0.666667
 4.1 -1.625000
 4.2 -2.833333
 4.3 -2.833333
 4.4 -2.833333
 4.5 -2.833333
 4.6 -3.750000
 4.7 -3.750000
 4.8 -5.071429
 4.9 -5.071429
 5.0 -5.071429
 5.1 -3.944333
 5.2 -0.666500
 5.3 -0.666500
 5.4 -0.666500
 5.5 -0.666500
 5.6 -0.666500
 5.7 1.148000
 5.8 0.000000
 5.9 0.000000
 6.0 0.000000
 6.1 0.000000
 6.2 0.916714
 6.3 -0.120444
 6.4 -0.120444
 6.5 -0.120444
 6.6 -0.566667
 6.7 -0.566667
 6.8 -0.566667
 6.9 -0.566667
 7.0 -0.566667
 7.1 -0.566667
 7.2 -1.044667
 7.3 -1.044667
 7.4 -1.222000
 7.5 -1.222000
 7.6 -1.222000
 7.7 -1.222000
 7.8 -1.222000
 7.9 -1.054000
 8.0 -0.621200
 8.1 0.009333
 8.2 0.009333
 8.3 0.016500
 8.4 0.016500
 8.5 0.016500
 8.6 0.016500
 8.7 0.017600
 8.8 0.022333
 8.9 0.032333
 9.0 0.032333
 9.1 0.016500
 9.2 -0.001000
 9.3 -0.001000
 9.4 -0.611000
 9.5 -0.611000
 9.6 -0.611000
 9.7 -1.203667
 9.8 -1.203667
 9.9 -1.203667
 10.0 -1.203667
 10.1 -1.203667
 10.2 -1.203667
 10.3 -1.203667
 10.4 -1.203667
 10.5 -1.203667
 10.6 -1.203667
 10.7 -1.203667
 10.8 -1.203667
 10.9 -1.237667
 11.0 -0.225000
 11.1 -0.225000
 11.2 -0.225000
 11.3 -0.225000
 11.4 -0.038667
 11.5 -0.038667
 11.6 -0.053333
 11.7 0.010000
 11.8 0.599000
 11.9 0.227000

ALA 20
 0.0 2.000000
 0.1 2.000000
 0.2 2.000000
 0.3 2.000000
 0.4 2.000000
 0.5 2.000000
 0.6 2.000000
 0.7 2.000000
 0.8 2.000000
 0.9 2.000000
 1.0 2.000000
 1.1 2.000000
 1.2 2.000000
 1.3 2.000000
 1.4 2.000000
 1.5 2.000000
 1.6 2.000000
 1.7 2.000000
 1.8 2.000000
 1.9 2.000000
 2.0 2.000000
 2.1 2.000000
 2.2 2.000000
 2.3 2.000000
 2.4 2.000000
 2.5 2.000000
 2.6 2.000000
 2.7 2.000000
 2.8 2.000000
 2.9 2.000000
 3.0 2.000000
 3.1 2.000000
 3.2 2.000000
 3.3 2.000000
 3.4 1.250000
 3.5 1.250000
 3.6 1.250000
 3.7 1.250000
 3.8 0.333333
 3.9 0.333333
 4.0 -0.666667
 4.1 -1.750000
 4.2 -2.833333
 4.3 -2.833333
 4.4 -2.833333
 4.5 -2.833333
 4.6 -3.750000
 4.7 -3.750000
 4.8 -5.071429
 4.9 -5.071429
 5.0 -5.071429
 5.1 -3.778000
 5.2 -0.416500
 5.3 -0.416500
 5.4 -0.416500
 5.5 -0.416500
 5.6 -0.416500
 5.7 1.214750
 5.8 0.000000
 5.9 0.000000
 6.0 0.000000
 6.1 0.000000
 6.2 0.845143
 6.3 -0.105556
 6.4 -0.105556
 6.5 -0.105556
 6.6 -0.438667
 6.7 -0.438667
 6.8 -0.438667
 6.9 -0.438667
 7.0 -0.438667
 7.1 -0.438667
 7.2 -1.122333
 7.3 -1.122333
 7.4 -1.222000
 7.5 -1.222000
 7.6 -1.222000
 7.7 -1.222000
 7.8 -1.222000
 7.9 -0.976000
 8.0 -0.537400
 8.1 0.006333
 8.2 0.006333
 8.3 0.012500
 8.4 0.012500
 8.5 0.012500
 8.6 0.012500
 8.7 0.042800
 8.8 0.099333
 8.9 0.169333
 9.0 0.169333
 9.1 0.191500
 9.2 0.031667
 9.3 0.031667
 9.4 -0.557500
 9.5 -0.557500
 9.6 -0.557500
 9.7 -1.037333
 9.8 -1.037333
 9.9 -1.037333
 10.0 -1.037333
 10.1 -1.037333
 10.2 -1.037333
 10.3 -1.037333
 10.4 -1.037333
 10.5 -1.037333
 10.6 -1.037333
 10.7 -1.037333
 10.8 -1.037333
 10.9 -1.049333
 11.0 -0.154500
 11.1 -0.154500
 11.2 -0.154500
 11.3 -0.154500
 11.4 -0.015333
 11.5 -0.015333
 11.6 -0.036333
 11.7 0.046500
 11.8 0.559000
 11.9 0.230500

ALA 21
 0.0 2.000000
 0.1 2.000000
 0.2 2.000000
 0.3 2.000000
 0.4 2.000000
 0.5 2.000000
 0.6 2.000000
 0.7 2.000000
 0.8 2.000000
 0.9 2.000000
 1.0 2.000000
 1.1 2.000000
 1.2 2.000000
 1.3 2.000000
 1.4 2.000000
 1.5 2.000000
 1.6 2.000000
 1.7 2.000000
 1.8 2.000000
 1.9 2.000000
 2.0 2.000000
 2.1 2.000000
 2.2 2.000000
 2.3 2.000000
 2.4 2.000000
 2.5 2.000000
 2.6 2.000000
 2.7 2.000000
 2.8 2.000000
 2.9 2.000000
 3.0 2.000000
 3.1 2.000000
 3.2 2.000000
 3.3 2.000000
 3.4 1.250000
 3.5 1.250000
 3.6 1.250000
 3.7 1.250000
 3.8 0.333333
 3.9 0.333333
 4.0 -0.666667
 4.1 -1.750000
 4.2 -2.833333
 4.3 -2.833333
 4.4 -2.833333
 4.5 -2.833333
 4.6 -3.625000
 4.7 -3.625000
 4.8 -5.142857
 4.9 -5.142857
 5.0 -5.142857
 5.1 -3.444667
 5.2 -0.333500
 5.3 -0.333500
 5.4 -0.333500
 5.5 -0.333500
 5.6 -0.333500
 5.7 1.339625
 5.8 0.000000
 5.9 0.000000
 6.0 0.000000
 6.1 0.000000
 6.2 0.928429
 6.3 -0.157333
 6.4 -0.157333
 6.5 -0.157333
 6.6 -0.567000
 6.7 -0.567000
 6.8 -0.567000
 6.9 -0.567000
 7.0 -0.567000
 7.1 -0.567000
 7.2 -0.950000
 7.3 -0.950000
 7.4 -1.222000
 7.5 -1.222000
 7.6 -1.222000
 7.7 -1.222000
 7.8 -1.222000
 7.9 -0.956667
 8.0 -0.580000
 8.1 -0.117667
 8.2 -0.117667
 8.3 -0.159500
 8.4 -0.159500
 8.5 -0.159500
 8.6 -0.159500
 8.7 -0.096000
 8.8 0.015333
 8.9 0.108667
 9.0 0.108667
 9.1 0.237000
 9.2 0.044833
 9.3 0.044833
 9.4 -0.415000
 9.5 -0.415000
 9.6 -0.415000
 9.7 -0.889000
 9.8 -0.889000
 9.9 -0.889000
 10.0 -0.889000
 10.1 -0.889000
 10.2 -0.889000
 10.3 -0.889000
 10.4 -0.889000
 10.5 -0.889000
 10.6 -0.889000
 10.7 -0.889000
 10.8 -0.889000
 10.9 -0.861000
 11.0 -0.112000
 11.1 -0.112000
 11.2 -0.112000
 11.3 -0.112000
 11.4 0.009667
 11.5 0.009667
 11.6 -0.018333
 11.7 0.058000
 11.8 0.490000
 11.9 0.210500

ALA 22
 0.0 2.000000
 0.1 2.000000
 0.2 2.000000
 0.3 2.000000
 0.4 2.000000
 0.5 2.000000
 0.6 2.000000
 0.7 2.000000
 0.8 2.000000
 0.9 2.000000
 1.0 2.000000
 1.1 2.000000
 1.2 2.000000
 1.3 2.000000
 1.4 2.000000
 1.5 2.000000
 1.6 2.000000
 1.7 2.000000
 1.8 2.000000
 1.9 2.000000
 2.0 2.000000
 2.1 2.000000
 2.2 2.000000
 2.3 2.000000
 2.4 2.000000
 2.5 2.000000
 2.6 2.000000
 2.7 2.000000
 2.8 2.000000
 2.9 2.000000
 3.0 2.000000
 3.1 2.000000
 3.2 2.000000
 3.3 2.000000
 3.4 1.375000
 3.5 1.375000
 3.6 1.375000
 3.7 1.375000
 3.8 0.333333
 3.9 0.333333
 4.0 -0.666667
 4.1 -1.750000
 4.2 -2.500000
 4.3 -2.500000
 4.4 -2.500000
 4.5 -2.500000
 4.6 -3.500000
 4.7 -3.500000
 4.8 -5.071429
 4.9 -5.071429
 5.0 -5.071429
 5.1 -3.500000
 5.2 -0.416500
 5.3 -0.416500
 5.4 -0.416500
 5.5 -0.416500
 5.6 -0.416500
 5.7 0.914375
 5.8 -0.200000
 5.9 -0.200000
 6.0 -0.200000
 6.1 -0.200000
 6.2 0.609714
 6.3 0.679556
 6.4 0.679556
 6.5 0.679556
 6.6 -0.177667
 6.7 -0.177667
 6.8 -0.177667
 6.9 -0.177667
 7.0 -0.177667
 7.1 -0.177667
 7.2 -0.500000
 7.3 -0.500000
 7.4 -1.055333
 7.5 -1.055333
 7.6 -1.055333
 7.7 -1.055333
 7.8 -1.055333
 7.9 -0.849000
 8.0 -0.475200
 8.1 -0.108000
 8.2 -0.108000
 8.3 -0.156500
 8.4 -0.156500
 8.5 -0.156500
 8.6 -0.156500
 8.7 -0.079400
 8.8 0.027667
 8.9 0.138333
 9.0 0.138333
 9.1 0.205500
 9.2 0.058667
 9.3 0.058667
 9.4 -0.361500
 9.5 -0.361500
 9.6 -0.361500
 9.7 -0.740333
 9.8 -0.740333
 9.9 -0.740333
 10.0 -0.740333
 10.1 -0.740333
 10.2 -0.740333
 10.3 -0.740333
 10.4 -0.740333
 10.5 -0.740333
 10.6 -0.740333
 10.7 -0.740333
 10.8 -0.740333
 10.9 -0.671000
 11.0 -0.062500
 11.1 -0.062500
 11.2 -0.062500
 11.3 -0.062500
 11.4 0.034333
 11.5 0.034333
 11.6 0.018333
 11.7 0.069500
 11.8 0.425500
 11.9 0.190500

ALA 23
 0.0 2.000000
 0.1 2.000000
 0.2 2.000000
 0.3 2.000000
 0.4 2.000000
 0.5 2.000000
 0.6 2.000000
 0.7 2.000000
 0.8 2.000000
 0.9 2.000000
 1.0 2.000000
 1.1 2.000000
 1.2 2.000000
 1.3 2.000000
 1.4 2.000000
 1.5 2.000000
 1.6 2.000000
 1.7 2.000000
 1.8 2.000000
 1.9 2.000000
 2.0 2.000000
 2.1 2.000000
 2.2 2.000000
 2.3 2.000000
 2.4 2.000000
 2.5 2.000000
 2.6 2.000000
 2.7 2.000000
 2.8 2.000000
 2.9 2.000000
 3.0 2.000000
 3.1 2.000000
 3.2 2.000000
 3.3 2.000000
 3.4 1.625000
 3.5 1.625000
 3.6 1.625000
 3.7 1.625000
 3.8 1.000000
 3.9 1.000000
 4.0 0.166667
 4.1 -0.375000
 4.2 -0.833333
 4.3 -0.833333
 4.4 -0.833333
 4.5 -0.833333
 4.6 -2.000000
 4.7 -2.000000
 4.8 -3.357143
 4.9 -3.357143
 5.0 -3.357143
 5.1 -2.666667
 5.2 -1.083500
 5.3 -1.083500
 5.4 -1.083500
 5.5 -1.083500
 5.6 -1.083500
 5.7 0.062625
 5.8 -0.316000
 5.9 -0.316000
 6.0 -0.316000
 6.1 -0.316000
 6.2 0.135571
 6.3 0.107667
 6.4 0.107667
 6.5 0.107667
 6.6 -0.283333
 6.7 -0.283333
 6.8 -0.283333
 6.9 -0.283333
 7.0 -0.283333
 7.1 -0.283333
 7.2 -0.516667
 7.3 -0.516667
 7.4 -0.956000
 7.5 -0.956000
 7.6 -0.956000
 7.7 -0.956000
 7.8 -0.956000
 7.9 -0.665333
 8.0 -0.315800
 8.1 -0.070500
 8.2 -0.070500
 8.3 -0.141000
 8.4 -0.141000
 8.5 -0.141000
 8.6 -0.141000
 8.7 -0.062600
 8.8 0.042333
 8.9 0.140333
 9.0 0.140333
 9.1 0.247000
 9.2 0.073667
 9.3 0.073667
 9.4 -0.278000
 9.5 -0.278000
 9.6 -0.278000
 9.7 -0.573667
 9.8 -0.573667
 9.9 -0.573667
 10.0 -0.573667
 10.1 -0.573667
 10.2 -0.573667
 10.3 -0.573667
 10.4 -0.573667
 10.5 -0.573667
 10.6 -0.573667
 10.7 -0.573667
 10.8 -0.573667
 10.9 -0.482667
 11.0 0.008000
 11.1 0.008000
 11.2 0.008000
 11.3 0.008000
 11.4 0.057667
 11.5 0.057667
 11.6 0.019333
 11.7 0.082500
 11.8 0.384500
 11.9 0.169500

ALA 24
 0.0 2.000000
 0.1 2.000000
 0.2 2.000000
 0.3 2.000000
 0.4 2.000000
 0.5 2.000000
 0.6 2.000000
 0.7 2.000000
 0.8 2.000000
 0.9 2.000000
 1.0 2.000000
 1.1 2.000000
 1.2 2.000000
 1.3 2.000000
 1.4 2.000000
 1.5 2.000000
 1.6 2.000000
 1.7 2.000000
 1.8 2.000000
 1.9 2.000000
 2.0 2.000000
 2.1 2.000000
 2.2 2.000000
 2.3 2.000000
 2.4 2.000000
 2.5 2.000000
 2.6 2.000000
 2.7 2.000000
 2.8 2.000000
 2.9 2.000000
 3.0 2.000000
 3.1 2.000000
 3.2 2.000000
 3.3 2.000000
 3.4 1.625000
 3.5 1.625000
 3.6 1.625000
 3.7 1.625000
 3.8 1.000000
 3.9 1.000000
 4.0 0.166667
 4.1 -0.375000
 4.2 -1.166667
 4.3 -1.166667
 4.4 -1.166667
 4.5 -1.166667
 4.6 -2.250000
 4.7 -2.250000
 4.8 -3.500000
 4.9 -3.500000
 5.0 -3.500000
 5.1 -2.722333
 5.2 -1.333500
 5.3 -1.333500
 5.4 -1.333500
 5.5 -1.333500
 5.6 -1.333500
 5.7 -0.312625
 5.8 -0.566000
 5.9 -0.566000
 6.0 -0.566000
 6.1 -0.566000
 6.2 -0.090571
 6.3 -0.266778
 6.4 -0.266778
 6.5 -0.266778
 6.6 -0.244333
 6.7 -0.244333
 6.8 -0.244333
 6.9 -0.244333
 7.0 -0.244333
 7.1 -0.244333
 7.2 -0.166333
 7.3 -0.166333
 7.4 -0.700000
 7.5 -0.700000
 7.6 -0.700000
 7.7 -0.700000
 7.8 -0.700000
 7.9 -0.490667
 8.0 -0.171400
 8.1 -0.026833
 8.2 -0.026833
 8.3 -0.131000
 8.4 -0.131000
 8.5 -0.131000
 8.6 -0.131000
 8.7 -0.054400
 8.8 0.056000
 8.9 0.143333
 9.0 0.143333
 9.1 0.219000
 9.2 0.088667
 9.3 0.088667
 9.4 -0.167000
 9.5 -0.167000
 9.6 -0.167000
 9.7 -0.388667
 9.8 -0.388667
 9.9 -0.388667
 10.0 -0.388667
 10.1 -0.388667
 10.2 -0.388667
 10.3 -0.388667
 10.4 -0.388667
 10.5 -0.388667
 10.6 -0.388667
 10.7 -0.388667
 10.8 -0.388667
 10.9 -0.313000
 11.0 0.051000
 11.1 0.051000
 11.2 0.051000
 11.3 0.051000
 11.4 0.081000
 11.5 0.081000
 11.6 0.037333
 11.7 0.091500
 11.8 0.315000
 11.9 0.149500

ALA 25
 0.0 2.000000
 0.1 2.000000
 0.2 2.000000
 0.3 2.000000
 0.4 2.000000
 0.5 2.000000
 0.6 2.000000
 0.7 2.000000
 0.8 2.000000
 0.9 2.000000
 1.0 2.000000
 1.1 2.000000
 1.2 2.000000
 1.3 2.000000
 1.4 2.000000
 1.5 2.000000
 1.6 2.000000
 1.7 2.000000
 1.8 2.000000
 1.9 2.000000
 2.0 2.000000
 2.1 2.000000
 2.2 2.000000
 2.3 2.000000
 2.4 2.000000
 2.5 2.000000
 2.6 2.000000
 2.7 2.000000
 2.8 2.000000
 2.9 2.000000
 3.0 2.000000
 3.1 2.000000
 3.2 2.000000
 3.3 2.000000
 3.4 1.625000
 3.5 1.625000
 3.6 1.625000
 3.7 1.625000
 3.8 1.000000
 3.9 1.000000
 4.0 0.166667
 4.1 -0.375000
 4.2 -1.166667
 4.3 -1.166667
 4.4 -1.166667
 4.5 -1.166667
 4.6 -2.125000
 4.7 -2.125000
 4.8 -3.428571
 4.9 -3.428571
 5.0 -3.428571
 5.1 -2.778000
 5.2 -1.416500
 5.3 -1.416500
 5.4 -1.416500
 5.5 -1.416500
 5.6 -1.416500
 5.7 -0.375000
 5.8 -0.483000
 5.9 -0.483000
 6.0 -0.483000
 6.1 -0.483000
 6.2 -0.054714
 6.3 -0.342667
 6.4 -0.342667
 6.5 -0.342667
 6.6 -0.294333
 6.7 -0.294333
 6.8 -0.294333
 6.9 -0.294333
 7.0 -0.294333
 7.1 -0.294333
 7.2 -0.033333
 7.3 -0.033333
 7.4 -0.300000
 7.5 -0.300000
 7.6 -0.300000
 7.7 -0.300000
 7.8 -0.300000
 7.9 -0.204667
 8.0 -0.074200
 8.1 -0.004667
 8.2 -0.004667
 8.3 -0.088000
 8.4 -0.088000
 8.5 -0.088000
 8.6 -0.088000
 8.7 -0.022000
 8.8 0.081000
 8.9 0.096000
 9.0 0.096000
 9.1 0.095000
 9.2 0.095333
 9.3 0.095333
 9.4 -0.056000
 9.5 -0.056000
 9.6 -0.056000
 9.7 -0.185333
 9.8 -0.185333
 9.9 -0.185333
 10.0 -0.185333
 10.1 -0.185333
 10.2 -0.185333
 10.3 -0.185333
 10.4 -0.185333
 10.5 -0.185333
 10.6 -0.185333
 10.7 -0.185333
 10.8 -0.185333
 10.9 -0.140000
 11.0 0.071000
 11.1 0.071000
 11.2 0.071000
 11.3 0.071000
 11.4 0.067667
 11.5 0.067667
 11.6 0.038000
 11.7 0.077000
 11.8 0.223000
 11.9 0.129000

ALA 26
 0.0 2.000000
 0.1 2.000000
 0.2 2.000000
 0.3 2.000000
 0.4 2.000000
 0.5 2.000000
 0.6 2.000000
 0.7 2.000000
 0.8 2.000000
 0.9 2.000000
 1.0 2.000000
 1.1 2.000000
 1.2 2.000000
 1.3 2.000000
 1.4 2.000000
 1.5 2.000000
 1.6 2.000000
 1.7 2.000000
 1.8 2.000000
 1.9 2.000000
 2.0 2.000000
 2.1 2.000000
 2.2 2.000000
 2.3 2.000000
 2.4 2.000000
 2.5 2.000000
 2.6 2.000000
 2.7 2.000000
 2.8 2.000000
 2.9 2.000000
 3.0 2.000000
 3.1 2.000000
 3.2 2.000000
 3.3 2.000000
 3.4 1.750000
 3.5 1.750000
 3.6 1.750000
 3.7 1.750000
 3.8 1.333333
 3.9 1.333333
 4.0 0.666667
 4.1 0.125000
 4.2 -0.166667
 4.3 -0.166667
 4.4 -0.166667
 4.5 -0.166667
 4.6 -0.625000
 4.7 -0.625000
 4.8 -1.428571
 4.9 -1.428571
 5.0 -1.428571
 5.1 -1.444667
 5.2 -0.666500
 5.3 -0.666500
 5.4 -0.666500
 5.5 -0.666500
 5.6 -0.666500
 5.7 0.146125
 5.8 0.067000
 5.9 0.067000
 6.0 0.067000
 6.1 0.067000
 6.2 0.340571
 6.3 0.407444
 6.4 0.407444
 6.5 0.407444
 6.6 0.078000
 6.7 0.078000
 6.8 0.078000
 6.9 0.078000
 7.0 0.078000
 7.1 0.078000
 7.2 0.110667
 7.3 0.110667
 7.4 0.066667
 7.5 0.066667
 7.6 0.066667
 7.7 0.066667
 7.8 0.066667
 7.9 0.080667
 8.0 0.085400
 8.1 0.127500
 8.2 0.127500
 8.3 0.128000
 8.4 0.128000
 8.5 0.128000
 8.6 0.128000
 8.7 0.123200
 8.8 0.115333
 8.9 0.117000
 9.0 0.117000
 9.1 0.115000
 9.2 0.105833
 9.3 0.105833
 9.4 0.056000
 9.5 0.056000
 9.6 0.056000
 9.7 0.018667
 9.8 0.018667
 9.9 0.018667
 10.0 0.018667
 10.1 0.018667
 10.2 0.018667
 10.3 0.018667
 10.4 0.018667
 10.5 0.018667
 10.6 0.018667
 10.7 0.018667
 10.8 0.018667
 10.9 0.030000
 11.0 0.091000
 11.1 0.091000
 11.2 0.091000
 11.3 0.091000
 11.4 0.087667
 11.5 0.087667
 11.6 0.088000
 11.7 0.089000
 11.8 0.135000
 11.9 0.088000

