ATOMS
CA -9.053 -12.587 -12.097

CA -8.679 -8.930 -13.068

CA -10.254 -7.841 -9.784

CA -7.858 -10.059 -7.837

CA -4.889 -8.563 -9.681

CA -6.091 -5.047 -8.874

CA -5.472 -6.125 -5.280

CA -1.898 -5.069 -6.033

CA -3.180 -1.612 -5.107

CA -2.429 -2.754 -1.560

CA 1.090 -1.574 -2.383

CA -0.038 2.054 -2.249

CA -1.639 1.487 1.153

CA 1.571 -0.074 2.463

CA 3.586 2.906 1.232

CA 1.204 5.304 2.973

CA 1.082 3.587 6.362

CA 4.489 1.905 6.245

CA 6.221 4.344 3.899

CA 4.146 7.430 4.692

CA 3.118 6.501 8.232

CA 6.326 4.515 8.700

CA 8.394 7.473 7.506

CA 6.621 9.773 9.959

CA 7.320 7.358 12.811

EDGES
1 2 3.802153
1 3 5.414507
1 4 5.095725
1 5 6.274434
1 6 8.718530
1 7 10.052487
2 3 3.801474
2 4 5.414060
2 5 5.096132
2 6 6.274159
2 7 8.877264
2 8 10.506213
3 4 3.801467
3 5 5.414344
3 6 5.095597
3 7 6.789565
3 8 9.569573
3 9 10.522179
4 5 3.801751
4 6 5.414592
4 7 5.263801
4 8 7.979732
4 9 10.034361
4 10 11.056120
5 6 3.802408
5 7 5.064833
5 8 5.870436
5 9 8.494619
5 10 10.283323
5 11 11.741182
6 7 3.802904
6 8 5.064880
6 9 5.870557
6 10 8.494863
6 11 10.284044
6 12 11.443497
7 8 3.802055
7 9 5.064619
7 10 5.870425
7 11 8.494943
7 12 10.276739
7 13 10.677917
8 9 3.801559
8 10 5.064476
8 11 5.870747
8 12 8.277402
8 13 9.730715
8 14 10.448254
9 10 3.801233
9 11 5.065029
9 12 5.610694
9 13 7.153047
9 14 9.068757
9 15 10.313777
9 16 11.503778
10 11 3.801722
10 12 5.413729
10 13 5.096131
10 14 6.274307
10 15 8.718434
10 16 9.933687
10 17 10.737480
10 18 11.422917
11 12 3.801674
11 13 5.414837
11 14 5.095594
11 15 6.274443
11 16 8.718177
11 17 10.154359
11 18 9.904495
11 19 10.040588
11 20 11.851868
12 13 3.802406
12 14 5.414814
12 15 5.096728
12 16 6.274898
12 17 8.817812
12 18 9.626212
12 19 9.067364
12 20 9.725467
12 21 11.814716
13 14 3.802226
13 15 5.414834
13 16 5.095541
13 17 6.240795
13 18 7.978444
13 19 8.802418
13 20 9.017205
13 21 9.893507
13 22 11.382760
14 15 3.802103
14 16 5.414580
14 17 5.370684
14 18 5.170560
14 19 6.572923
14 20 8.240697
14 21 8.882860
14 22 9.086755
14 23 11.355280
15 16 3.802027
15 17 5.748972
15 18 5.191106
15 19 4.015465
15 20 5.722917
15 21 7.883086
15 22 8.115880
15 23 9.128934
15 24 11.512056
16 17 3.801091
16 18 5.748949
16 19 5.191278
16 20 4.016242
16 21 5.723049
16 22 7.723725
16 23 8.772044
16 24 9.905556
16 25 11.764804
17 18 3.801376
17 19 5.748803
17 20 5.190919
17 21 4.016664
17 22 5.816095
17 23 8.359131
17 24 9.049062
17 25 9.732558
18 19 3.801613
18 20 5.749355
18 21 5.191438
18 22 4.026623
18 23 6.916775
18 24 8.957937
18 25 8.992337
19 20 3.802351
19 21 5.749448
19 22 4.805192
19 23 5.246239
19 24 8.146020
19 25 9.471839
20 21 3.801503
20 22 5.414212
20 23 5.095679
20 24 6.273481
20 25 8.717661
21 22 3.801905
21 23 5.413690
21 24 5.095049
21 25 6.273635
22 23 3.801582
22 24 5.414672
22 25 5.096176
23 24 3.801413
23 25 5.413846
24 25 3.801938

RESIDUES
ALA 1
 0.0 1.000000
 0.1 1.000000
 0.2 1.000000
 0.3 1.000000
 0.4 1.000000
 0.5 1.000000
 0.6 1.000000
 0.7 1.000000
 0.8 1.000000
 0.9 1.000000
 1.0 1.000000
 1.1 1.000000
 1.2 1.000000
 1.3 1.000000
 1.4 1.000000
 1.5 1.000000
 1.6 1.000000
 1.7 1.000000
 1.8 1.000000
 1.9 1.000000
 2.0 1.000000
 2.1 1.000000
 2.2 1.000000
 2.3 1.000000
 2.4 1.000000
 2.5 1.000000
 2.6 1.000000
 2.7 1.000000
 2.8 1.000000
 2.9 1.000000
 3.0 1.000000
 3.1 1.000000
 3.2 1.000000
 3.3 1.000000
 3.4 1.000000
 3.5 1.000000
 3.6 1.000000
 3.7 1.000000
 3.8 0.666667
 3.9 0.666667
 4.0 0.500000
 4.1 0.500000
 4.2 0.500000
 4.3 0.500000
 4.4 0.500000
 4.5 0.500000
 4.6 0.500000
 4.7 0.500000
 4.8 0.500000
 4.9 0.500000
 5.0 0.500000
 5.1 0.300000
 5.2 0.000000
 5.3 0.000000
 5.4 0.194333
 5.5 0.194333
 5.6 0.250000
 5.7 0.250000
 5.8 0.250000
 5.9 0.250000
 6.0 0.250000
 6.1 0.250000
 6.2 0.250000
 6.3 0.216667
 6.4 0.216667
 6.5 0.216667
 6.6 0.200000
 6.7 0.200000
 6.8 0.200000
 6.9 0.200000
 7.0 0.200000
 7.1 0.200000
 7.2 0.200000
 7.3 0.200000
 7.4 0.200000
 7.5 0.200000
 7.6 0.200000
 7.7 0.200000
 7.8 0.200000
 7.9 0.200000
 8.0 0.200000
 8.1 0.200000
 8.2 0.200000
 8.3 0.200000
 8.4 0.200000
 8.5 0.200000
 8.6 0.200000
 8.7 0.183500
 8.8 0.167000
 8.9 0.167000
 9.0 0.167000
 9.1 0.167000
 9.2 0.167000
 9.3 0.167000
 9.4 0.167000
 9.5 0.167000
 9.6 0.167000
 9.7 0.167000
 9.8 0.167000
 9.9 0.167000
 10.0 0.167000
 10.1 0.143000
 10.2 0.143000
 10.3 0.143000
 10.4 0.143000
 10.5 0.143000
 10.6 0.143000
 10.7 0.143000
 10.8 0.143000
 10.9 0.143000
 11.0 0.143000
 11.1 0.143000
 11.2 0.143000
 11.3 0.143000
 11.4 0.143000
 11.5 0.143000
 11.6 0.143000
 11.7 0.143000
 11.8 0.143000

ALA 2
 0.0 1.000000
 0.1 1.000000
 0.2 1.000000
 0.3 1.000000
 0.4 1.000000
 0.5 1.000000
 0.6 1.000000
 0.7 1.000000
 0.8 1.000000
 0.9 1.000000
 1.0 1.000000
 1.1 1.000000
 1.2 1.000000
 1.3 1.000000
 1.4 1.000000
 1.5 1.000000
 1.6 1.000000
 1.7 1.000000
 1.8 1.000000
 1.9 1.000000
 2.0 1.000000
 2.1 1.000000
 2.2 1.000000
 2.3 1.000000
 2.4 1.000000
 2.5 1.000000
 2.6 1.000000
 2.7 1.000000
 2.8 1.000000
 2.9 1.000000
 3.0 1.000000
 3.1 1.000000
 3.2 1.000000
 3.3 1.000000
 3.4 1.000000
 3.5 1.000000
 3.6 1.000000
 3.7 1.000000
 3.8 0.166667
 3.9 0.166667
 4.0 0.000000
 4.1 0.000000
 4.2 0.000000
 4.3 0.000000
 4.4 0.000000
 4.5 0.000000
 4.6 0.000000
 4.7 0.000000
 4.8 0.000000
 4.9 0.000000
 5.0 0.000000
 5.1 -0.200000
 5.2 -0.500000
 5.3 -0.500000
 5.4 -0.083333
 5.5 -0.083333
 5.6 0.167000
 5.7 0.167000
 5.8 0.167000
 5.9 0.167000
 6.0 0.167000
 6.1 0.167000
 6.2 0.167000
 6.3 0.155667
 6.4 0.155667
 6.5 0.155667
 6.6 0.150000
 6.7 0.150000
 6.8 0.150000
 6.9 0.150000
 7.0 0.150000
 7.1 0.150000
 7.2 0.150000
 7.3 0.150000
 7.4 0.150000
 7.5 0.150000
 7.6 0.150000
 7.7 0.150000
 7.8 0.150000
 7.9 0.150000
 8.0 0.150000
 8.1 0.150000
 8.2 0.150000
 8.3 0.150000
 8.4 0.150000
 8.5 0.150000
 8.6 0.150000
 8.7 0.158500
 8.8 0.167000
 8.9 0.133000
 9.0 0.133000
 9.1 0.133000
 9.2 0.133000
 9.3 0.133000
 9.4 0.133000
 9.5 0.133000
 9.6 0.133000
 9.7 0.133000
 9.8 0.133000
 9.9 0.133000
 10.0 0.133000
 10.1 0.143000
 10.2 0.143000
 10.3 0.143000
 10.4 0.143000
 10.5 0.119000
 10.6 0.119000
 10.7 0.119000
 10.8 0.119000
 10.9 0.119000
 11.0 0.119000
 11.1 0.119000
 11.2 0.119000
 11.3 0.119000
 11.4 0.119000
 11.5 0.119000
 11.6 0.119000
 11.7 0.119000
 11.8 0.119000

ALA 3
 0.0 1.000000
 0.1 1.000000
 0.2 1.000000
 0.3 1.000000
 0.4 1.000000
 0.5 1.000000
 0.6 1.000000
 0.7 1.000000
 0.8 1.000000
 0.9 1.000000
 1.0 1.000000
 1.1 1.000000
 1.2 1.000000
 1.3 1.000000
 1.4 1.000000
 1.5 1.000000
 1.6 1.000000
 1.7 1.000000
 1.8 1.000000
 1.9 1.000000
 2.0 1.000000
 2.1 1.000000
 2.2 1.000000
 2.3 1.000000
 2.4 1.000000
 2.5 1.000000
 2.6 1.000000
 2.7 1.000000
 2.8 1.000000
 2.9 1.000000
 3.0 1.000000
 3.1 1.000000
 3.2 1.000000
 3.3 1.000000
 3.4 1.000000
 3.5 1.000000
 3.6 1.000000
 3.7 1.000000
 3.8 0.000000
 3.9 0.000000
 4.0 0.000000
 4.1 0.000000
 4.2 0.000000
 4.3 0.000000
 4.4 0.000000
 4.5 0.000000
 4.6 0.000000
 4.7 0.000000
 4.8 0.000000
 4.9 0.000000
 5.0 0.000000
 5.1 -0.200000
 5.2 -0.500000
 5.3 -0.500000
 5.4 -0.111333
 5.5 -0.111333
 5.6 0.083000
 5.7 0.083000
 5.8 0.083000
 5.9 0.083000
 6.0 0.083000
 6.1 0.083000
 6.2 0.083000
 6.3 0.127667
 6.4 0.127667
 6.5 0.127667
 6.6 0.150000
 6.7 0.150000
 6.8 0.100000
 6.9 0.100000
 7.0 0.100000
 7.1 0.100000
 7.2 0.100000
 7.3 0.100000
 7.4 0.100000
 7.5 0.100000
 7.6 0.100000
 7.7 0.100000
 7.8 0.100000
 7.9 0.100000
 8.0 0.100000
 8.1 0.100000
 8.2 0.100000
 8.3 0.100000
 8.4 0.100000
 8.5 0.100000
 8.6 0.100000
 8.7 0.108500
 8.8 0.117000
 8.9 0.133000
 9.0 0.133000
 9.1 0.133000
 9.2 0.133000
 9.3 0.133000
 9.4 0.133000
 9.5 0.133000
 9.6 0.100000
 9.7 0.100000
 9.8 0.100000
 9.9 0.100000
 10.0 0.100000
 10.1 0.110000
 10.2 0.110000
 10.3 0.110000
 10.4 0.110000
 10.5 0.107000
 10.6 0.107000
 10.7 0.095000
 10.8 0.095000
 10.9 0.095000
 11.0 0.095000
 11.1 0.095000
 11.2 0.095000
 11.3 0.095000
 11.4 0.095000
 11.5 0.095000
 11.6 0.095000
 11.7 0.095000
 11.8 0.095000

ALA 4
 0.0 1.000000
 0.1 1.000000
 0.2 1.000000
 0.3 1.000000
 0.4 1.000000
 0.5 1.000000
 0.6 1.000000
 0.7 1.000000
 0.8 1.000000
 0.9 1.000000
 1.0 1.000000
 1.1 1.000000
 1.2 1.000000
 1.3 1.000000
 1.4 1.000000
 1.5 1.000000
 1.6 1.000000
 1.7 1.000000
 1.8 1.000000
 1.9 1.000000
 2.0 1.000000
 2.1 1.000000
 2.2 1.000000
 2.3 1.000000
 2.4 1.000000
 2.5 1.000000
 2.6 1.000000
 2.7 1.000000
 2.8 1.000000
 2.9 1.000000
 3.0 1.000000
 3.1 1.000000
 3.2 1.000000
 3.3 1.000000
 3.4 1.000000
 3.5 1.000000
 3.6 1.000000
 3.7 1.000000
 3.8 0.166667
 3.9 0.166667
 4.0 0.000000
 4.1 0.000000
 4.2 0.000000
 4.3 0.000000
 4.4 0.000000
 4.5 0.000000
 4.6 0.000000
 4.7 0.000000
 4.8 0.000000
 4.9 0.000000
 5.0 0.000000
 5.1 -0.200000
 5.2 -0.500000
 5.3 -0.667000
 5.4 -0.250000
 5.5 -0.250000
 5.6 0.000000
 5.7 0.000000
 5.8 0.000000
 5.9 0.000000
 6.0 0.000000
 6.1 0.000000
 6.2 0.000000
 6.3 0.044667
 6.4 0.044667
 6.5 0.044667
 6.6 0.067000
 6.7 0.067000
 6.8 0.100000
 6.9 0.100000
 7.0 0.100000
 7.1 0.100000
 7.2 0.100000
 7.3 0.100000
 7.4 0.100000
 7.5 0.100000
 7.6 0.100000
 7.7 0.100000
 7.8 0.100000
 7.9 0.100000
 8.0 0.075000
 8.1 0.050000
 8.2 0.050000
 8.3 0.050000
 8.4 0.050000
 8.5 0.050000
 8.6 0.050000
 8.7 0.058500
 8.8 0.067000
 8.9 0.083000
 9.0 0.083000
 9.1 0.083000
 9.2 0.083000
 9.3 0.083000
 9.4 0.083000
 9.5 0.083000
 9.6 0.100000
 9.7 0.100000
 9.8 0.100000
 9.9 0.100000
 10.0 0.067000
 10.1 0.076000
 10.2 0.076000
 10.3 0.076000
 10.4 0.076000
 10.5 0.090500
 10.6 0.090500
 10.7 0.095000
 10.8 0.095000
 10.9 0.095000
 11.0 0.095000
 11.1 0.071000
 11.2 0.071000
 11.3 0.071000
 11.4 0.071000
 11.5 0.071000
 11.6 0.071000
 11.7 0.071000
 11.8 0.071000

ALA 5
 0.0 1.000000
 0.1 1.000000
 0.2 1.000000
 0.3 1.000000
 0.4 1.000000
 0.5 1.000000
 0.6 1.000000
 0.7 1.000000
 0.8 1.000000
 0.9 1.000000
 1.0 1.000000
 1.1 1.000000
 1.2 1.000000
 1.3 1.000000
 1.4 1.000000
 1.5 1.000000
 1.6 1.000000
 1.7 1.000000
 1.8 1.000000
 1.9 1.000000
 2.0 1.000000
 2.1 1.000000
 2.2 1.000000
 2.3 1.000000
 2.4 1.000000
 2.5 1.000000
 2.6 1.000000
 2.7 1.000000
 2.8 1.000000
 2.9 1.000000
 3.0 1.000000
 3.1 1.000000
 3.2 1.000000
 3.3 1.000000
 3.4 1.000000
 3.5 1.000000
 3.6 1.000000
 3.7 1.000000
 3.8 0.333333
 3.9 0.333333
 4.0 0.000000
 4.1 0.000000
 4.2 0.000000
 4.3 0.000000
 4.4 0.000000
 4.5 0.000000
 4.6 0.000000
 4.7 0.000000
 4.8 0.000000
 4.9 0.000000
 5.0 0.000000
 5.1 -0.333600
 5.2 -0.667000
 5.3 -0.333000
 5.4 -0.000000
 5.5 -0.000000
 5.6 0.083000
 5.7 0.083000
 5.8 0.083000
 5.9 0.000000
 6.0 0.000000
 6.1 0.000000
 6.2 0.000000
 6.3 -0.011333
 6.4 -0.011333
 6.5 -0.011333
 6.6 -0.017000
 6.7 -0.017000
 6.8 0.017000
 6.9 0.017000
 7.0 0.017000
 7.1 0.017000
 7.2 0.017000
 7.3 0.017000
 7.4 0.017000
 7.5 0.017000
 7.6 0.017000
 7.7 0.017000
 7.8 0.017000
 7.9 0.017000
 8.0 0.033500
 8.1 0.050000
 8.2 0.050000
 8.3 0.050000
 8.4 0.050000
 8.5 0.000000
 8.6 0.000000
 8.7 0.008500
 8.8 0.017000
 8.9 0.033000
 9.0 0.033000
 9.1 0.033000
 9.2 0.033000
 9.3 0.033000
 9.4 0.033000
 9.5 0.033000
 9.6 0.050000
 9.7 0.050000
 9.8 0.050000
 9.9 0.050000
 10.0 0.067000
 10.1 0.076000
 10.2 0.076000
 10.3 0.051250
 10.4 0.043000
 10.5 0.057000
 10.6 0.057000
 10.7 0.062000
 10.8 0.062000
 10.9 0.062000
 11.0 0.062000
 11.1 0.071000
 11.2 0.071000
 11.3 0.071000
 11.4 0.071000
 11.5 0.071000
 11.6 0.071000
 11.7 0.048000
 11.8 0.048000

ALA 6
 0.0 1.000000
 0.1 1.000000
 0.2 1.000000
 0.3 1.000000
 0.4 1.000000
 0.5 1.000000
 0.6 1.000000
 0.7 1.000000
 0.8 1.000000
 0.9 1.000000
 1.0 1.000000
 1.1 1.000000
 1.2 1.000000
 1.3 1.000000
 1.4 1.000000
 1.5 1.000000
 1.6 1.000000
 1.7 1.000000
 1.8 1.000000
 1.9 1.000000
 2.0 1.000000
 2.1 1.000000
 2.2 1.000000
 2.3 1.000000
 2.4 1.000000
 2.5 1.000000
 2.6 1.000000
 2.7 1.000000
 2.8 1.000000
 2.9 1.000000
 3.0 1.000000
 3.1 1.000000
 3.2 1.000000
 3.3 1.000000
 3.4 1.000000
 3.5 1.000000
 3.6 1.000000
 3.7 1.000000
 3.8 0.500000
 3.9 0.500000
 4.0 0.000000
 4.1 0.000000
 4.2 0.000000
 4.3 0.000000
 4.4 0.000000
 4.5 0.000000
 4.6 0.000000
 4.7 0.000000
 4.8 0.000000
 4.9 0.000000
 5.0 0.000000
 5.1 -0.066400
 5.2 -0.333000
 5.3 -0.333000
 5.4 -0.111000
 5.5 -0.111000
 5.6 0.000000
 5.7 0.000000
 5.8 0.000000
 5.9 0.041500
 6.0 0.041500
 6.1 0.041500
 6.2 0.000000
 6.3 -0.033333
 6.4 -0.033333
 6.5 -0.033333
 6.6 -0.050000
 6.7 -0.050000
 6.8 -0.017000
 6.9 -0.017000
 7.0 -0.017000
 7.1 -0.017000
 7.2 -0.017000
 7.3 -0.017000
 7.4 -0.017000
 7.5 -0.017000
 7.6 -0.017000
 7.7 -0.017000
 7.8 -0.017000
 7.9 -0.017000
 8.0 0.000000
 8.1 0.017000
 8.2 0.017000
 8.3 0.017000
 8.4 0.017000
 8.5 0.000000
 8.6 0.000000
 8.7 -0.016500
 8.8 -0.033000
 8.9 -0.017000
 9.0 -0.017000
 9.1 -0.017000
 9.2 -0.017000
 9.3 -0.017000
 9.4 -0.017000
 9.5 -0.017000
 9.6 0.000000
 9.7 0.000000
 9.8 0.000000
 9.9 0.000000
 10.0 0.017000
 10.1 0.026000
 10.2 0.026000
 10.3 0.022250
 10.4 0.010000
 10.5 0.024000
 10.6 0.024000
 10.7 0.029000
 10.8 0.029000
 10.9 0.029000
 11.0 0.029000
 11.1 0.038000
 11.2 0.038000
 11.3 0.038000
 11.4 0.032000
 11.5 0.014000
 11.6 0.014000
 11.7 0.024000
 11.8 0.024000

ALA 7
 0.0 1.000000
 0.1 1.000000
 0.2 1.000000
 0.3 1.000000
 0.4 1.000000
 0.5 1.000000
 0.6 1.000000
 0.7 1.000000
 0.8 1.000000
 0.9 1.000000
 1.0 1.000000
 1.1 1.000000
 1.2 1.000000
 1.3 1.000000
 1.4 1.000000
 1.5 1.000000
 1.6 1.000000
 1.7 1.000000
 1.8 1.000000
 1.9 1.000000
 2.0 1.000000
 2.1 1.000000
 2.2 1.000000
 2.3 1.000000
 2.4 1.000000
 2.5 1.000000
 2.6 1.000000
 2.7 1.000000
 2.8 1.000000
 2.9 1.000000
 3.0 1.000000
 3.1 1.000000
 3.2 1.000000
 3.3 1.000000
 3.4 1.000000
 3.5 1.000000
 3.6 1.000000
 3.7 1.000000
 3.8 0.500000
 3.9 0.500000
 4.0 0.000000
 4.1 0.000000
 4.2 0.000000
 4.3 0.000000
 4.4 0.000000
 4.5 0.000000
 4.6 0.000000
 4.7 0.000000
 4.8 0.000000
 4.9 0.000000
 5.0 0.000000
 5.1 0.000000
 5.2 0.000000
 5.3 -0.167000
 5.4 -0.139000
 5.5 -0.139000
 5.6 -0.083000
 5.7 -0.083000
 5.8 -0.083000
 5.9 -0.041500
 6.0 -0.041500
 6.1 -0.041500
 6.2 0.000000
 6.3 0.000000
 6.4 0.000000
 6.5 0.000000
 6.6 0.000000
 6.7 0.000000
 6.8 -0.050000
 6.9 -0.050000
 7.0 -0.050000
 7.1 -0.050000
 7.2 -0.050000
 7.3 -0.050000
 7.4 -0.050000
 7.5 -0.050000
 7.6 -0.050000
 7.7 -0.050000
 7.8 -0.050000
 7.9 -0.050000
 8.0 -0.033500
 8.1 -0.017000
 8.2 -0.017000
 8.3 -0.017000
 8.4 -0.017000
 8.5 0.000000
 8.6 0.000000
 8.7 0.000000
 8.8 0.000000
 8.9 -0.033000
 9.0 -0.033000
 9.1 -0.033000
 9.2 -0.033000
 9.3 -0.033000
 9.4 -0.033000
 9.5 -0.033000
 9.6 -0.017000
 9.7 -0.017000
 9.8 -0.017000
 9.9 -0.017000
 10.0 0.000000
 10.1 -0.024000
 10.2 -0.024000
 10.3 -0.036250
 10.4 -0.024000
 10.5 -0.009500
 10.6 -0.009500
 10.7 -0.029000
 10.8 -0.029000
 10.9 -0.029000
 11.0 -0.029000
 11.1 -0.019000
 11.2 -0.019000
 11.3 -0.019000
 11.4 -0.016750
 11.5 -0.010000
 11.6 -0.010000
 11.7 0.000000
 11.8 0.000000

ALA 8
 0.0 1.000000
 0.1 1.000000
 0.2 1.000000
 0.3 1.000000
 0.4 1.000000
 0.5 1.000000
 0.6 1.000000
 0.7 1.000000
 0.8 1.000000
 0.9 1.000000
 1.0 1.000000
 1.1 1.000000
 1.2 1.000000
 1.3 1.000000
 1.4 1.000000
 1.5 1.000000
 1.6 1.000000
 1.7 1.000000
 1.8 1.000000
 1.9 1.000000
 2.0 1.000000
 2.1 1.000000
 2.2 1.000000
 2.3 1.000000
 2.4 1.000000
 2.5 1.000000
 2.6 1.000000
 2.7 1.000000
 2.8 1.000000
 2.9 1.000000
 3.0 1.000000
 3.1 1.000000
 3.2 1.000000
 3.3 1.000000
 3.4 1.000000
 3.5 1.000000
 3.6 1.000000
 3.7 1.000000
 3.8 0.333333
 3.9 0.333333
 4.0 0.000000
 4.1 0.000000
 4.2 0.000000
 4.3 0.000000
 4.4 0.000000
 4.5 0.000000
 4.6 0.000000
 4.7 0.000000
 4.8 0.000000
 4.9 0.000000
 5.0 0.000000
 5.1 -0.033400
 5.2 0.000000
 5.3 0.000000
 5.4 0.000000
 5.5 0.000000
 5.6 0.000000
 5.7 0.000000
 5.8 0.000000
 5.9 0.000000
 6.0 0.000000
 6.1 0.000000
 6.2 0.000000
 6.3 0.000000
 6.4 0.000000
 6.5 0.000000
 6.6 0.000000
 6.7 0.000000
 6.8 0.000000
 6.9 0.000000
 7.0 0.000000
 7.1 0.000000
 7.2 0.000000
 7.3 0.000000
 7.4 0.000000
 7.5 0.000000
 7.6 0.000000
 7.7 0.000000
 7.8 0.000000
 7.9 0.000000
 8.0 -0.025000
 8.1 -0.050000
 8.2 -0.050000
 8.3 -0.100000
 8.4 -0.100000
 8.5 0.000000
 8.6 0.000000
 8.7 0.000000
 8.8 0.000000
 8.9 0.000000
 9.0 0.000000
 9.1 0.000000
 9.2 0.000000
 9.3 0.000000
 9.4 0.000000
 9.5 0.000000
 9.6 -0.033000
 9.7 -0.055667
 9.8 -0.055667
 9.9 -0.067000
 10.0 -0.050000
 10.1 -0.050000
 10.2 -0.050000
 10.3 -0.012500
 10.4 -0.024000
 10.5 -0.043000
 10.6 -0.043000
 10.7 -0.029000
 10.8 -0.029000
 10.9 -0.029000
 11.0 -0.029000
 11.1 -0.019000
 11.2 -0.019000
 11.3 -0.019000
 11.4 -0.016750
 11.5 -0.010000
 11.6 -0.010000
 11.7 0.000000
 11.8 0.000000

ALA 9
 0.0 1.000000
 0.1 1.000000
 0.2 1.000000
 0.3 1.000000
 0.4 1.000000
 0.5 1.000000
 0.6 1.000000
 0.7 1.000000
 0.8 1.000000
 0.9 1.000000
 1.0 1.000000
 1.1 1.000000
 1.2 1.000000
 1.3 1.000000
 1.4 1.000000
 1.5 1.000000
 1.6 1.000000
 1.7 1.000000
 1.8 1.000000
 1.9 1.000000
 2.0 1.000000
 2.1 1.000000
 2.2 1.000000
 2.3 1.000000
 2.4 1.000000
 2.5 1.000000
 2.6 1.000000
 2.7 1.000000
 2.8 1.000000
 2.9 1.000000
 3.0 1.000000
 3.1 1.000000
 3.2 1.000000
 3.3 1.000000
 3.4 1.000000
 3.5 1.000000
 3.6 1.000000
 3.7 1.000000
 3.8 0.166667
 3.9 0.166667
 4.0 0.000000
 4.1 0.000000
 4.2 0.000000
 4.3 0.000000
 4.4 0.000000
 4.5 0.000000
 4.6 0.000000
 4.7 0.000000
 4.8 0.000000
 4.9 0.000000
 5.0 0.000000
 5.1 0.066600
 5.2 0.000000
 5.3 0.000000
 5.4 0.000000
 5.5 0.000000
 5.6 -0.083000
 5.7 -0.083000
 5.8 -0.083000
 5.9 0.000000
 6.0 0.000000
 6.1 0.000000
 6.2 0.000000
 6.3 0.000000
 6.4 0.000000
 6.5 0.000000
 6.6 0.000000
 6.7 0.000000
 6.8 0.000000
 6.9 0.000000
 7.0 0.000000
 7.1 0.000000
 7.2 -0.050000
 7.3 -0.050000
 7.4 -0.050000
 7.5 -0.050000
 7.6 -0.050000
 7.7 -0.050000
 7.8 -0.050000
 7.9 -0.050000
 8.0 -0.050000
 8.1 -0.050000
 8.2 -0.050000
 8.3 -0.017000
 8.4 -0.017000
 8.5 0.000000
 8.6 0.000000
 8.7 0.000000
 8.8 0.000000
 8.9 0.000000
 9.0 0.000000
 9.1 -0.024750
 9.2 -0.024750
 9.3 -0.024750
 9.4 -0.024750
 9.5 -0.033000
 9.6 -0.033000
 9.7 -0.022333
 9.8 -0.022333
 9.9 -0.017000
 10.0 -0.050000
 10.1 -0.050000
 10.2 -0.050000
 10.3 -0.018500
 10.4 -0.014000
 10.5 -0.026000
 10.6 -0.026000
 10.7 -0.029000
 10.8 -0.029000
 10.9 -0.029000
 11.0 -0.029000
 11.1 -0.019000
 11.2 -0.019000
 11.3 -0.019000
 11.4 -0.016750
 11.5 -0.027000
 11.6 -0.027000
 11.7 -0.018000
 11.8 -0.018000

ALA 10
 0.0 1.000000
 0.1 1.000000
 0.2 1.000000
 0.3 1.000000
 0.4 1.000000
 0.5 1.000000
 0.6 1.000000
 0.7 1.000000
 0.8 1.000000
 0.9 1.000000
 1.0 1.000000
 1.1 1.000000
 1.2 1.000000
 1.3 1.000000
 1.4 1.000000
 1.5 1.000000
 1.6 1.000000
 1.7 1.000000
 1.8 1.000000
 1.9 1.000000
 2.0 1.000000
 2.1 1.000000
 2.2 1.000000
 2.3 1.000000
 2.4 1.000000
 2.5 1.000000
 2.6 1.000000
 2.7 1.000000
 2.8 1.000000
 2.9 1.000000
 3.0 1.000000
 3.1 1.000000
 3.2 1.000000
 3.3 1.000000
 3.4 1.000000
 3.5 1.000000
 3.6 1.000000
 3.7 1.000000
 3.8 0.166667
 3.9 0.166667
 4.0 0.000000
 4.1 0.000000
 4.2 0.000000
 4.3 0.000000
 4.4 0.000000
 4.5 0.000000
 4.6 0.000000
 4.7 0.000000
 4.8 0.000000
 4.9 0.000000
 5.0 0.000000
 5.1 -0.099800
 5.2 -0.333000
 5.3 -0.333000
 5.4 -0.194333
 5.5 -0.194333
 5.6 0.000000
 5.7 0.000000
 5.8 0.000000
 5.9 -0.041500
 6.0 -0.041500
 6.1 -0.041500
 6.2 0.000000
 6.3 -0.033333
 6.4 -0.033333
 6.5 -0.033333
 6.6 -0.050000
 6.7 -0.050000
 6.8 -0.050000
 6.9 -0.050000
 7.0 -0.050000
 7.1 -0.050000
 7.2 -0.017000
 7.3 -0.017000
 7.4 -0.017000
 7.5 -0.017000
 7.6 -0.017000
 7.7 -0.017000
 7.8 -0.017000
 7.9 -0.017000
 8.0 -0.017000
 8.1 -0.017000
 8.2 -0.017000
 8.3 0.017000
 8.4 0.017000
 8.5 0.000000
 8.6 0.000000
 8.7 -0.033000
 8.8 -0.033000
 8.9 -0.033000
 9.0 -0.033000
 9.1 -0.021000
 9.2 -0.021000
 9.3 -0.021000
 9.4 -0.021000
 9.5 -0.017000
 9.6 -0.017000
 9.7 -0.005667
 9.8 -0.005667
 9.9 -0.006000
 10.0 -0.024000
 10.1 -0.024000
 10.2 -0.024000
 10.3 -0.021250
 10.4 -0.005000
 10.5 -0.005000
 10.6 -0.005000
 10.7 -0.004000
 10.8 -0.004000
 10.9 -0.004000
 11.0 -0.004000
 11.1 -0.037000
 11.2 -0.037000
 11.3 -0.037000
 11.4 -0.041500
 11.5 -0.035000
 11.6 -0.035000
 11.7 -0.026000
 11.8 -0.026000

ALA 11
 0.0 1.000000
 0.1 1.000000
 0.2 1.000000
 0.3 1.000000
 0.4 1.000000
 0.5 1.000000
 0.6 1.000000
 0.7 1.000000
 0.8 1.000000
 0.9 1.000000
 1.0 1.000000
 1.1 1.000000
 1.2 1.000000
 1.3 1.000000
 1.4 1.000000
 1.5 1.000000
 1.6 1.000000
 1.7 1.000000
 1.8 1.000000
 1.9 1.000000
 2.0 1.000000
 2.1 1.000000
 2.2 1.000000
 2.3 1.000000
 2.4 1.000000
 2.5 1.000000
 2.6 1.000000
 2.7 1.000000
 2.8 1.000000
 2.9 1.000000
 3.0 1.000000
 3.1 1.000000
 3.2 1.000000
 3.3 1.000000
 3.4 1.000000
 3.5 1.000000
 3.6 1.000000
 3.7 1.000000
 3.8 0.333333
 3.9 0.333333
 4.0 0.000000
 4.1 0.000000
 4.2 0.000000
 4.3 0.000000
 4.4 0.000000
 4.5 0.000000
 4.6 0.000000
 4.7 0.000000
 4.8 0.000000
 4.9 0.000000
 5.0 0.000000
 5.1 -0.333600
 5.2 -0.667000
 5.3 -0.667000
 5.4 -0.333333
 5.5 -0.333333
 5.6 0.083000
 5.7 0.083000
 5.8 0.083000
 5.9 0.041500
 6.0 0.041500
 6.1 0.041500
 6.2 0.000000
 6.3 -0.011333
 6.4 -0.011333
 6.5 -0.011333
 6.6 -0.017000
 6.7 -0.017000
 6.8 -0.017000
 6.9 -0.017000
 7.0 -0.017000
 7.1 -0.017000
 7.2 0.017000
 7.3 0.017000
 7.4 0.017000
 7.5 0.017000
 7.6 0.017000
 7.7 0.017000
 7.8 0.017000
 7.9 0.017000
 8.0 0.017000
 8.1 0.017000
 8.2 0.017000
 8.3 0.050000
 8.4 0.050000
 8.5 0.000000
 8.6 0.000000
 8.7 -0.017000
 8.8 -0.017000
 8.9 -0.017000
 9.0 -0.017000
 9.1 -0.004250
 9.2 -0.004250
 9.3 -0.004250
 9.4 -0.004250
 9.5 0.000000
 9.6 0.000000
 9.7 0.011333
 9.8 0.011333
 9.9 0.001250
 10.0 -0.006500
 10.1 -0.015000
 10.2 -0.029000
 10.3 -0.027250
 10.4 -0.027000
 10.5 -0.027000
 10.6 -0.027000
 10.7 -0.014500
 10.8 -0.014500
 10.9 -0.014500
 11.0 -0.014500
 11.1 -0.012000
 11.2 -0.012000
 11.3 -0.012000
 11.4 -0.007500
 11.5 0.008000
 11.6 0.008000
 11.7 -0.016000
 11.8 -0.016000

ALA 12
 0.0 1.000000
 0.1 1.000000
 0.2 1.000000
 0.3 1.000000
 0.4 1.000000
 0.5 1.000000
 0.6 1.000000
 0.7 1.000000
 0.8 1.000000
 0.9 1.000000
 1.0 1.000000
 1.1 1.000000
 1.2 1.000000
 1.3 1.000000
 1.4 1.000000
 1.5 1.000000
 1.6 1.000000
 1.7 1.000000
 1.8 1.000000
 1.9 1.000000
 2.0 1.000000
 2.1 1.000000
 2.2 1.000000
 2.3 1.000000
 2.4 1.000000
 2.5 1.000000
 2.6 1.000000
 2.7 1.000000
 2.8 1.000000
 2.9 1.000000
 3.0 1.000000
 3.1 1.000000
 3.2 1.000000
 3.3 1.000000
 3.4 1.000000
 3.5 1.000000
 3.6 1.000000
 3.7 1.000000
 3.8 0.333333
 3.9 0.333333
 4.0 0.000000
 4.1 0.000000
 4.2 0.000000
 4.3 0.000000
 4.4 0.000000
 4.5 0.000000
 4.6 0.000000
 4.7 0.000000
 4.8 0.000000
 4.9 0.000000
 5.0 0.000000
 5.1 -0.100000
 5.2 -0.500000
 5.3 -0.500000
 5.4 -0.250000
 5.5 -0.250000
 5.6 0.000000
 5.7 0.000000
 5.8 0.000000
 5.9 0.000000
 6.0 0.000000
 6.1 0.000000
 6.2 0.000000
 6.3 0.028000
 6.4 0.028000
 6.5 0.028000
 6.6 0.017000
 6.7 0.017000
 6.8 0.017000
 6.9 0.017000
 7.0 0.017000
 7.1 0.017000
 7.2 0.050000
 7.3 0.050000
 7.4 0.050000
 7.5 0.050000
 7.6 0.050000
 7.7 0.050000
 7.8 0.050000
 7.9 0.050000
 8.0 0.050000
 8.1 0.050000
 8.2 0.050000
 8.3 0.000000
 8.4 0.000000
 8.5 0.000000
 8.6 0.000000
 8.7 0.033000
 8.8 0.022000
 8.9 0.000000
 9.0 0.000000
 9.1 -0.011250
 9.2 -0.011250
 9.3 -0.011250
 9.4 -0.011250
 9.5 -0.007000
 9.6 -0.016000
 9.7 -0.027667
 9.8 -0.027667
 9.9 -0.012750
 10.0 0.000000
 10.1 0.003000
 10.2 0.007000
 10.3 -0.024500
 10.4 -0.008000
 10.5 -0.008000
 10.6 -0.008000
 10.7 0.005000
 10.8 0.005000
 10.9 0.005000
 11.0 0.005000
 11.1 0.008000
 11.2 0.008000
 11.3 0.008000
 11.4 0.004000
 11.5 -0.006000
 11.6 -0.006000
 11.7 -0.006000
 11.8 -0.011500

ALA 13
 0.0 1.000000
 0.1 1.000000
 0.2 1.000000
 0.3 1.000000
 0.4 1.000000
 0.5 1.000000
 0.6 1.000000
 0.7 1.000000
 0.8 1.000000
 0.9 1.000000
 1.0 1.000000
 1.1 1.000000
 1.2 1.000000
 1.3 1.000000
 1.4 1.000000
 1.5 1.000000
 1.6 1.000000
 1.7 1.000000
 1.8 1.000000
 1.9 1.000000
 2.0 1.000000
 2.1 1.000000
 2.2 1.000000
 2.3 1.000000
 2.4 1.000000
 2.5 1.000000
 2.6 1.000000
 2.7 1.000000
 2.8 1.000000
 2.9 1.000000
 3.0 1.000000
 3.1 1.000000
 3.2 1.000000
 3.3 1.000000
 3.4 1.000000
 3.5 1.000000
 3.6 1.000000
 3.7 1.000000
 3.8 0.333333
 3.9 0.333333
 4.0 0.000000
 4.1 0.000000
 4.2 0.000000
 4.3 0.000000
 4.4 0.000000
 4.5 0.000000
 4.6 0.000000
 4.7 0.000000
 4.8 0.000000
 4.9 0.000000
 5.0 0.000000
 5.1 -0.400000
 5.2 -1.000000
 5.3 -1.000000
 5.4 -0.555667
 5.5 -0.555667
 5.6 0.000000
 5.7 0.000000
 5.8 0.000000
 5.9 0.000000
 6.0 0.000000
 6.1 0.000000
 6.2 -0.050000
 6.3 0.005667
 6.4 0.005667
 6.5 0.005667
 6.6 0.050000
 6.7 0.050000
 6.8 0.050000
 6.9 0.050000
 7.0 0.050000
 7.1 0.050000
 7.2 0.000000
 7.3 0.000000
 7.4 0.000000
 7.5 0.000000
 7.6 0.000000
 7.7 0.000000
 7.8 0.000000
 7.9 0.000000
 8.0 -0.033000
 8.1 -0.033000
 8.2 -0.033000
 8.3 -0.033000
 8.4 -0.033000
 8.5 -0.033000
 8.6 -0.033000
 8.7 0.000000
 8.8 -0.010333
 8.9 -0.007000
 9.0 -0.016000
 9.1 -0.003000
 9.2 -0.003000
 9.3 -0.003000
 9.4 -0.003000
 9.5 0.001000
 9.6 0.004000
 9.7 -0.011000
 9.8 -0.011000
 9.9 -0.026750
 10.0 -0.014000
 10.1 -0.011000
 10.2 -0.007000
 10.3 -0.004750
 10.4 0.012000
 10.5 0.012000
 10.6 0.012000
 10.7 -0.009000
 10.8 -0.009000
 10.9 -0.009000
 11.0 -0.009000
 11.1 -0.006000
 11.2 -0.006000
 11.3 -0.006000
 11.4 -0.012250
 11.5 -0.007000
 11.6 -0.007000
 11.7 -0.007000
 11.8 -0.005500

ALA 14
 0.0 1.000000
 0.1 1.000000
 0.2 1.000000
 0.3 1.000000
 0.4 1.000000
 0.5 1.000000
 0.6 1.000000
 0.7 1.000000
 0.8 1.000000
 0.9 1.000000
 1.0 1.000000
 1.1 1.000000
 1.2 1.000000
 1.3 1.000000
 1.4 1.000000
 1.5 1.000000
 1.6 1.000000
 1.7 1.000000
 1.8 1.000000
 1.9 1.000000
 2.0 1.000000
 2.1 1.000000
 2.2 1.000000
 2.3 1.000000
 2.4 1.000000
 2.5 1.000000
 2.6 1.000000
 2.7 1.000000
 2.8 1.000000
 2.9 1.000000
 3.0 1.000000
 3.1 1.000000
 3.2 1.000000
 3.3 1.000000
 3.4 1.000000
 3.5 1.000000
 3.6 1.000000
 3.7 1.000000
 3.8 0.333333
 3.9 0.333333
 4.0 0.000000
 4.1 0.000000
 4.2 0.000000
 4.3 0.000000
 4.4 0.000000
 4.5 0.000000
 4.6 0.000000
 4.7 0.000000
 4.8 0.000000
 4.9 0.000000
 5.0 0.000000
 5.1 -0.200000
 5.2 -0.778000
 5.3 -0.667000
 5.4 -0.527667
 5.5 -0.527667
 5.6 0.083000
 5.7 0.016500
 5.8 -0.050000
 5.9 -0.050000
 6.0 -0.050000
 6.1 -0.050000
 6.2 -0.017000
 6.3 -0.016667
 6.4 -0.016667
 6.5 -0.016667
 6.6 -0.033000
 6.7 -0.033000
 6.8 -0.033000
 6.9 -0.033000
 7.0 -0.033000
 7.1 -0.033000
 7.2 -0.033000
 7.3 -0.033000
 7.4 -0.033000
 7.5 -0.033000
 7.6 -0.033000
 7.7 -0.033000
 7.8 -0.033000
 7.9 -0.033000
 8.0 -0.017000
 8.1 -0.017000
 8.2 -0.040000
 8.3 -0.040000
 8.4 -0.040000
 8.5 -0.040000
 8.6 -0.040000
 8.7 -0.007000
 8.8 0.004667
 8.9 0.010000
 9.0 0.004000
 9.1 -0.015500
 9.2 -0.015500
 9.3 -0.015500
 9.4 -0.015500
 9.5 -0.031000
 9.6 -0.028000
 9.7 -0.021000
 9.8 -0.021000
 9.9 -0.007250
 10.0 0.005000
 10.1 0.008000
 10.2 0.012000
 10.3 0.014500
 10.4 -0.002000
 10.5 -0.002000
 10.6 -0.002000
 10.7 0.001000
 10.8 0.001000
 10.9 0.001000
 11.0 0.001000
 11.1 0.004000
 11.2 0.004000
 11.3 0.004000
 11.4 -0.002750
 11.5 0.006000
 11.6 0.006000
 11.7 0.006000
 11.8 0.007000

ALA 15
 0.0 1.000000
 0.1 1.000000
 0.2 1.000000
 0.3 1.000000
 0.4 1.000000
 0.5 1.000000
 0.6 1.000000
 0.7 1.000000
 0.8 1.000000
 0.9 1.000000
 1.0 1.000000
 1.1 1.000000
 1.2 1.000000
 1.3 1.000000
 1.4 1.000000
 1.5 1.000000
 1.6 1.000000
 1.7 1.000000
 1.8 1.000000
 1.9 1.000000
 2.0 1.000000
 2.1 1.000000
 2.2 1.000000
 2.3 1.000000
 2.4 1.000000
 2.5 1.000000
 2.6 1.000000
 2.7 1.000000
 2.8 1.000000
 2.9 1.000000
 3.0 1.000000
 3.1 1.000000
 3.2 1.000000
 3.3 1.000000
 3.4 1.000000
 3.5 1.000000
 3.6 1.000000
 3.7 1.000000
 3.8 0.333333
 3.9 0.333333
 4.0 -0.500000
 4.1 -0.500000
 4.2 -0.500000
 4.3 -0.500000
 4.4 -0.500000
 4.5 -0.500000
 4.6 -0.500000
 4.7 -0.500000
 4.8 -0.500000
 4.9 -0.500000
 5.0 -0.500000
 5.1 -0.600000
 5.2 -0.666667
 5.3 -0.500000
 5.4 -0.277667
 5.5 -0.277667
 5.6 0.167000
 5.7 0.016500
 5.8 -0.050000
 5.9 -0.050000
 6.0 -0.050000
 6.1 -0.050000
 6.2 -0.017000
 6.3 -0.039000
 6.4 -0.039000
 6.5 -0.039000
 6.6 -0.017000
 6.7 -0.017000
 6.8 -0.017000
 6.9 -0.017000
 7.0 -0.017000
 7.1 -0.017000
 7.2 -0.017000
 7.3 -0.017000
 7.4 -0.017000
 7.5 -0.017000
 7.6 -0.017000
 7.7 -0.017000
 7.8 -0.017000
 7.9 -0.040000
 8.0 -0.024000
 8.1 -0.042000
 8.2 -0.032000
 8.3 -0.032000
 8.4 -0.032000
 8.5 -0.032000
 8.6 -0.032000
 8.7 -0.049000
 8.8 -0.037000
 8.9 -0.020000
 9.0 -0.014000
 9.1 -0.002500
 9.2 -0.002500
 9.3 -0.002500
 9.4 -0.002500
 9.5 -0.011000
 9.6 -0.008000
 9.7 -0.001000
 9.8 -0.001000
 9.9 0.012250
 10.0 0.025000
 10.1 0.028000
 10.2 0.032000
 10.3 0.026000
 10.4 0.008000
 10.5 0.008000
 10.6 0.008000
 10.7 0.011000
 10.8 0.011000
 10.9 0.011000
 11.0 0.011000
 11.1 0.014000
 11.2 0.014000
 11.3 0.014000
 11.4 0.020500
 11.5 0.023500
 11.6 0.023500
 11.7 0.018000
 11.8 0.019500

ALA 16
 0.0 1.000000
 0.1 1.000000
 0.2 1.000000
 0.3 1.000000
 0.4 1.000000
 0.5 1.000000
 0.6 1.000000
 0.7 1.000000
 0.8 1.000000
 0.9 1.000000
 1.0 1.000000
 1.1 1.000000
 1.2 1.000000
 1.3 1.000000
 1.4 1.000000
 1.5 1.000000
 1.6 1.000000
 1.7 1.000000
 1.8 1.000000
 1.9 1.000000
 2.0 1.000000
 2.1 1.000000
 2.2 1.000000
 2.3 1.000000
 2.4 1.000000
 2.5 1.000000
 2.6 1.000000
 2.7 1.000000
 2.8 1.000000
 2.9 1.000000
 3.0 1.000000
 3.1 1.000000
 3.2 1.000000
 3.3 1.000000
 3.4 1.000000
 3.5 1.000000
 3.6 1.000000
 3.7 1.000000
 3.8 0.166667
 3.9 0.166667
 4.0 -0.375000
 4.1 -0.375000
 4.2 -0.375000
 4.3 -0.375000
 4.4 -0.375000
 4.5 -0.375000
 4.6 -0.375000
 4.7 -0.375000
 4.8 -0.500000
 4.9 -0.500000
 5.0 -0.500000
 5.1 -0.700000
 5.2 -0.666667
 5.3 -0.500000
 5.4 -0.305667
 5.5 -0.305667
 5.6 0.083000
 5.7 0.041500
 5.8 0.000000
 5.9 0.000000
 6.0 0.000000
 6.1 0.000000
 6.2 0.033000
 6.3 0.016333
 6.4 0.016333
 6.5 0.016333
 6.6 0.000000
 6.7 0.000000
 6.8 0.000000
 6.9 0.000000
 7.0 0.000000
 7.1 0.000000
 7.2 0.000000
 7.3 0.000000
 7.4 0.000000
 7.5 0.000000
 7.6 0.000000
 7.7 -0.024000
 7.8 -0.024000
 7.9 -0.014000
 8.0 0.002000
 8.1 0.008000
 8.2 0.018000
 8.3 0.018000
 8.4 0.018000
 8.5 0.018000
 8.6 0.018000
 8.7 -0.015000
 8.8 -0.021333
 8.9 -0.004000
 9.0 0.002000
 9.1 0.017000
 9.2 0.017000
 9.3 0.017000
 9.4 0.017000
 9.5 0.022000
 9.6 0.025000
 9.7 0.032000
 9.8 0.032000
 9.9 0.030500
 10.0 0.011000
 10.1 0.014000
 10.2 0.018000
 10.3 0.018000
 10.4 0.018000
 10.5 0.018000
 10.6 0.018000
 10.7 0.021000
 10.8 0.021000
 10.9 0.021000
 11.0 0.021000
 11.1 0.024000
 11.2 0.024000
 11.3 0.024000
 11.4 0.030500
 11.5 0.016500
 11.6 0.016500
 11.7 0.018000
 11.8 0.008500

ALA 17
 0.0 1.000000
 0.1 1.000000
 0.2 1.000000
 0.3 1.000000
 0.4 1.000000
 0.5 1.000000
 0.6 1.000000
 0.7 1.000000
 0.8 1.000000
 0.9 1.000000
 1.0 1.000000
 1.1 1.000000
 1.2 1.000000
 1.3 1.000000
 1.4 1.000000
 1.5 1.000000
 1.6 1.000000
 1.7 1.000000
 1.8 1.000000
 1.9 1.000000
 2.0 1.000000
 2.1 1.000000
 2.2 1.000000
 2.3 1.000000
 2.4 1.000000
 2.5 1.000000
 2.6 1.000000
 2.7 1.000000
 2.8 1.000000
 2.9 1.000000
 3.0 1.000000
 3.1 1.000000
 3.2 1.000000
 3.3 1.000000
 3.4 1.000000
 3.5 1.000000
 3.6 1.000000
 3.7 1.000000
 3.8 0.000000
 3.9 0.000000
 4.0 -0.250000
 4.1 -0.250000
 4.2 -0.250000
 4.3 -0.250000
 4.4 -0.250000
 4.5 -0.250000
 4.6 -0.250000
 4.7 -0.250000
 4.8 -0.500000
 4.9 -0.500000
 5.0 -0.500000
 5.1 -0.500000
 5.2 -0.166667
 5.3 0.000000
 5.4 -0.055667
 5.5 -0.055667
 5.6 0.167000
 5.7 0.166500
 5.8 0.050000
 5.9 0.050000
 6.0 0.050000
 6.1 0.050000
 6.2 0.000000
 6.3 0.000000
 6.4 0.000000
 6.5 0.000000
 6.6 0.017000
 6.7 0.017000
 6.8 0.017000
 6.9 0.017000
 7.0 0.017000
 7.1 0.017000
 7.2 0.017000
 7.3 0.017000
 7.4 0.017000
 7.5 0.017000
 7.6 0.017000
 7.7 0.026000
 7.8 0.026000
 7.9 0.036000
 8.0 0.052000
 8.1 0.058000
 8.2 0.068000
 8.3 0.068000
 8.4 0.044000
 8.5 0.044000
 8.6 0.044000
 8.7 0.044000
 8.8 0.045333
 8.9 0.029000
 9.0 0.030500
 9.1 0.033000
 9.2 0.033000
 9.3 0.033000
 9.4 0.033000
 9.5 0.038000
 9.6 0.041000
 9.7 0.043333
 9.8 0.043333
 9.9 0.040000
 10.0 0.042000
 10.1 0.042000
 10.2 0.028000
 10.3 0.028000
 10.4 0.028000
 10.5 0.028000
 10.6 0.028000
 10.7 0.019000
 10.8 0.019000
 10.9 0.019000
 11.0 0.019000
 11.1 0.010000
 11.2 0.010000
 11.3 0.010000
 11.4 0.016500
 11.5 0.020500
 11.6 0.020500
 11.7 0.022000
 11.8 0.026500

ALA 18
 0.0 1.000000
 0.1 1.000000
 0.2 1.000000
 0.3 1.000000
 0.4 1.000000
 0.5 1.000000
 0.6 1.000000
 0.7 1.000000
 0.8 1.000000
 0.9 1.000000
 1.0 1.000000
 1.1 1.000000
 1.2 1.000000
 1.3 1.000000
 1.4 1.000000
 1.5 1.000000
 1.6 1.000000
 1.7 1.000000
 1.8 1.000000
 1.9 1.000000
 2.0 1.000000
 2.1 1.000000
 2.2 1.000000
 2.3 1.000000
 2.4 1.000000
 2.5 1.000000
 2.6 1.000000
 2.7 1.000000
 2.8 1.000000
 2.9 1.000000
 3.0 1.000000
 3.1 1.000000
 3.2 1.000000
 3.3 1.000000
 3.4 1.000000
 3.5 1.000000
 3.6 1.000000
 3.7 1.000000
 3.8 0.166667
 3.9 0.166667
 4.0 -0.125000
 4.1 -0.125000
 4.2 -0.125000
 4.3 -0.125000
 4.4 -0.125000
 4.5 -0.125000
 4.6 -0.125000
 4.7 -0.125000
 4.8 -0.167000
 4.9 -0.167000
 5.0 -0.167000
 5.1 -0.167000
 5.2 -0.444333
 5.3 -0.333000
 5.4 0.000000
 5.5 0.000000
 5.6 0.000000
 5.7 0.016500
 5.8 0.050000
 5.9 0.050000
 6.0 0.050000
 6.1 0.050000
 6.2 0.050000
 6.3 0.050000
 6.4 0.050000
 6.5 0.050000
 6.6 0.067000
 6.7 0.067000
 6.8 0.067000
 6.9 0.033000
 7.0 0.033000
 7.1 0.033000
 7.2 0.033000
 7.3 0.033000
 7.4 0.033000
 7.5 0.033000
 7.6 0.033000
 7.7 0.043000
 7.8 0.043000
 7.9 0.052000
 8.0 0.019000
 8.1 0.025000
 8.2 0.035000
 8.3 0.035000
 8.4 0.044000
 8.5 0.044000
 8.6 0.044000
 8.7 0.044000
 8.8 0.056667
 8.9 0.062500
 9.0 0.028500
 9.1 0.033000
 9.2 0.033000
 9.3 0.033000
 9.4 0.033000
 9.5 0.044000
 9.6 0.035000
 9.7 0.031333
 9.8 0.031333
 9.9 0.022000
 10.0 0.021000
 10.1 0.024000
 10.2 0.028000
 10.3 0.028000
 10.4 0.028000
 10.5 0.028000
 10.6 0.028000
 10.7 0.028000
 10.8 0.028000
 10.9 0.028000
 11.0 0.028000
 11.1 0.028000
 11.2 0.028000
 11.3 0.028000
 11.4 0.025500
 11.5 0.020500
 11.6 0.020500
 11.7 0.022000
 11.8 0.026500

ALA 19
 0.0 1.000000
 0.1 1.000000
 0.2 1.000000
 0.3 1.000000
 0.4 1.000000
 0.5 1.000000
 0.6 1.000000
 0.7 1.000000
 0.8 1.000000
 0.9 1.000000
 1.0 1.000000
 1.1 1.000000
 1.2 1.000000
 1.3 1.000000
 1.4 1.000000
 1.5 1.000000
 1.6 1.000000
 1.7 1.000000
 1.8 1.000000
 1.9 1.000000
 2.0 1.000000
 2.1 1.000000
 2.2 1.000000
 2.3 1.000000
 2.4 1.000000
 2.5 1.000000
 2.6 1.000000
 2.7 1.000000
 2.8 1.000000
 2.9 1.000000
 3.0 1.000000
 3.1 1.000000
 3.2 1.000000
 3.3 1.000000
 3.4 1.000000
 3.5 1.000000
 3.6 1.000000
 3.7 1.000000
 3.8 0.333333
 3.9 0.333333
 4.0 -0.500000
 4.1 -0.500000
 4.2 -0.500000
 4.3 -0.500000
 4.4 -0.500000
 4.5 -0.500000
 4.6 -0.500000
 4.7 -0.500000
 4.8 -0.667000
 4.9 -0.667000
 5.0 -0.667000
 5.1 -0.667000
 5.2 -0.278000
 5.3 0.000000
 5.4 0.055333
 5.5 0.055333
 5.6 0.083000
 5.7 0.100000
 5.8 0.050000
 5.9 0.050000
 6.0 0.050000
 6.1 0.050000
 6.2 0.050000
 6.3 0.050000
 6.4 0.050000
 6.5 0.050000
 6.6 0.017000
 6.7 0.017000
 6.8 0.017000
 6.9 0.033000
 7.0 0.033000
 7.1 0.033000
 7.2 0.033000
 7.3 0.033000
 7.4 0.033000
 7.5 0.033000
 7.6 0.033000
 7.7 0.043000
 7.8 0.043000
 7.9 0.052000
 8.0 0.052000
 8.1 0.041500
 8.2 0.035000
 8.3 0.035000
 8.4 0.044000
 8.5 0.044000
 8.6 0.044000
 8.7 0.044000
 8.8 0.034000
 8.9 0.029000
 9.0 0.046500
 9.1 0.033000
 9.2 0.033000
 9.3 0.033000
 9.4 0.033000
 9.5 0.020000
 9.6 0.023000
 9.7 0.031333
 9.8 0.031333
 9.9 0.040000
 10.0 0.033000
 10.1 0.024000
 10.2 0.028000
 10.3 0.028000
 10.4 0.028000
 10.5 0.028000
 10.6 0.028000
 10.7 0.028000
 10.8 0.028000
 10.9 0.028000
 11.0 0.028000
 11.1 0.028000
 11.2 0.028000
 11.3 0.028000
 11.4 0.032500
 11.5 0.034500
 11.6 0.034500
 11.7 0.036000
 11.8 0.040500

ALA 20
 0.0 1.000000
 0.1 1.000000
 0.2 1.000000
 0.3 1.000000
 0.4 1.000000
 0.5 1.000000
 0.6 1.000000
 0.7 1.000000
 0.8 1.000000
 0.9 1.000000
 1.0 1.000000
 1.1 1.000000
 1.2 1.000000
 1.3 1.000000
 1.4 1.000000
 1.5 1.000000
 1.6 1.000000
 1.7 1.000000
 1.8 1.000000
 1.9 1.000000
 2.0 1.000000
 2.1 1.000000
 2.2 1.000000
 2.3 1.000000
 2.4 1.000000
 2.5 1.000000
 2.6 1.000000
 2.7 1.000000
 2.8 1.000000
 2.9 1.000000
 3.0 1.000000
 3.1 1.000000
 3.2 1.000000
 3.3 1.000000
 3.4 1.000000
 3.5 1.000000
 3.6 1.000000
 3.7 1.000000
 3.8 0.333333
 3.9 0.333333
 4.0 -0.375000
 4.1 -0.375000
 4.2 -0.375000
 4.3 -0.375000
 4.4 -0.375000
 4.5 -0.375000
 4.6 -0.375000
 4.7 -0.375000
 4.8 -0.500000
 4.9 -0.500000
 5.0 -0.500000
 5.1 -0.700000
 5.2 -0.555667
 5.3 -0.167000
 5.4 0.055667
 5.5 0.055667
 5.6 0.167000
 5.7 0.100000
 5.8 0.050000
 5.9 0.050000
 6.0 0.050000
 6.1 0.050000
 6.2 0.050000
 6.3 0.000000
 6.4 0.000000
 6.5 0.000000
 6.6 0.000000
 6.7 0.000000
 6.8 0.000000
 6.9 0.017000
 7.0 0.017000
 7.1 0.017000
 7.2 0.017000
 7.3 0.017000
 7.4 0.017000
 7.5 0.017000
 7.6 0.017000
 7.7 0.026000
 7.8 0.026000
 7.9 0.036000
 8.0 0.036000
 8.1 0.050000
 8.2 0.035000
 8.3 0.035000
 8.4 0.044000
 8.5 0.044000
 8.6 0.044000
 8.7 0.011000
 8.8 0.017000
 8.9 0.020000
 9.0 0.032000
 9.1 0.033000
 9.2 0.033000
 9.3 0.033000
 9.4 0.033000
 9.5 0.044000
 9.6 0.044000
 9.7 0.031333
 9.8 0.031333
 9.9 0.040000
 10.0 0.042000
 10.1 0.042000
 10.2 0.042000
 10.3 0.042000
 10.4 0.042000
 10.5 0.042000
 10.6 0.042000
 10.7 0.042000
 10.8 0.042000
 10.9 0.042000
 11.0 0.042000
 11.1 0.042000
 11.2 0.042000
 11.3 0.042000
 11.4 0.046250
 11.5 0.048500
 11.6 0.048500
 11.7 0.050000
 11.8 0.054500

ALA 21
 0.0 1.000000
 0.1 1.000000
 0.2 1.000000
 0.3 1.000000
 0.4 1.000000
 0.5 1.000000
 0.6 1.000000
 0.7 1.000000
 0.8 1.000000
 0.9 1.000000
 1.0 1.000000
 1.1 1.000000
 1.2 1.000000
 1.3 1.000000
 1.4 1.000000
 1.5 1.000000
 1.6 1.000000
 1.7 1.000000
 1.8 1.000000
 1.9 1.000000
 2.0 1.000000
 2.1 1.000000
 2.2 1.000000
 2.3 1.000000
 2.4 1.000000
 2.5 1.000000
 2.6 1.000000
 2.7 1.000000
 2.8 1.000000
 2.9 1.000000
 3.0 1.000000
 3.1 1.000000
 3.2 1.000000
 3.3 1.000000
 3.4 1.000000
 3.5 1.000000
 3.6 1.000000
 3.7 1.000000
 3.8 0.333333
 3.9 0.333333
 4.0 -0.250000
 4.1 -0.250000
 4.2 -0.250000
 4.3 -0.250000
 4.4 -0.250000
 4.5 -0.250000
 4.6 -0.250000
 4.7 -0.250000
 4.8 -0.500000
 4.9 -0.500000
 5.0 -0.500000
 5.1 -0.800000
 5.2 -0.666667
 5.3 -0.500000
 5.4 -0.083333
 5.5 -0.083333
 5.6 0.167000
 5.7 0.033000
 5.8 0.000000
 5.9 0.000000
 6.0 0.000000
 6.1 0.000000
 6.2 0.000000
 6.3 -0.000333
 6.4 -0.000333
 6.5 -0.000333
 6.6 -0.017000
 6.7 -0.017000
 6.8 -0.017000
 6.9 0.000000
 7.0 0.000000
 7.1 0.000000
 7.2 0.000000
 7.3 0.000000
 7.4 0.000000
 7.5 0.000000
 7.6 0.000000
 7.7 0.010000
 7.8 0.010000
 7.9 -0.014000
 8.0 -0.014000
 8.1 0.000000
 8.2 0.008000
 8.3 0.008000
 8.4 0.018000
 8.5 0.018000
 8.6 0.018000
 8.7 0.035000
 8.8 0.040000
 8.9 0.031500
 9.0 0.041000
 9.1 0.051000
 9.2 0.051000
 9.3 0.051000
 9.4 0.051000
 9.5 0.062000
 9.6 0.062000
 9.7 0.063000
 9.8 0.063000
 9.9 0.054000
 10.0 0.056000
 10.1 0.056000
 10.2 0.056000
 10.3 0.056000
 10.4 0.056000
 10.5 0.056000
 10.6 0.056000
 10.7 0.056000
 10.8 0.056000
 10.9 0.056000
 11.0 0.056000
 11.1 0.056000
 11.2 0.056000
 11.3 0.056000
 11.4 0.060250
 11.5 0.062500
 11.6 0.062500
 11.7 0.064000
 11.8 0.061500

ALA 22
 0.0 1.000000
 0.1 1.000000
 0.2 1.000000
 0.3 1.000000
 0.4 1.000000
 0.5 1.000000
 0.6 1.000000
 0.7 1.000000
 0.8 1.000000
 0.9 1.000000
 1.0 1.000000
 1.1 1.000000
 1.2 1.000000
 1.3 1.000000
 1.4 1.000000
 1.5 1.000000
 1.6 1.000000
 1.7 1.000000
 1.8 1.000000
 1.9 1.000000
 2.0 1.000000
 2.1 1.000000
 2.2 1.000000
 2.3 1.000000
 2.4 1.000000
 2.5 1.000000
 2.6 1.000000
 2.7 1.000000
 2.8 1.000000
 2.9 1.000000
 3.0 1.000000
 3.1 1.000000
 3.2 1.000000
 3.3 1.000000
 3.4 1.000000
 3.5 1.000000
 3.6 1.000000
 3.7 1.000000
 3.8 0.333333
 3.9 0.333333
 4.0 -0.125000
 4.1 -0.125000
 4.2 -0.125000
 4.3 -0.125000
 4.4 -0.125000
 4.5 -0.125000
 4.6 -0.125000
 4.7 -0.125000
 4.8 -0.667000
 4.9 -0.667000
 5.0 -0.667000
 5.1 -0.867000
 5.2 -0.833333
 5.3 -0.500000
 5.4 -0.055333
 5.5 -0.055333
 5.6 0.167000
 5.7 0.075000
 5.8 -0.050000
 5.9 -0.050000
 6.0 -0.050000
 6.1 -0.050000
 6.2 -0.050000
 6.3 0.005667
 6.4 0.005667
 6.5 0.005667
 6.6 0.017000
 6.7 0.017000
 6.8 0.017000
 6.9 0.033000
 7.0 0.033000
 7.1 0.033000
 7.2 0.033000
 7.3 0.033000
 7.4 0.033000
 7.5 0.033000
 7.6 0.033000
 7.7 0.010000
 7.8 0.010000
 7.9 0.010000
 8.0 0.010000
 8.1 0.000000
 8.2 0.008000
 8.3 0.008000
 8.4 0.018000
 8.5 0.018000
 8.6 0.018000
 8.7 0.035000
 8.8 0.040000
 8.9 0.040000
 9.0 0.058750
 9.1 0.059500
 9.2 0.059500
 9.3 0.059500
 9.4 0.059500
 9.5 0.062000
 9.6 0.062000
 9.7 0.063000
 9.8 0.063000
 9.9 0.067000
 10.0 0.069000
 10.1 0.069000
 10.2 0.069000
 10.3 0.069000
 10.4 0.069000
 10.5 0.069000
 10.6 0.069000
 10.7 0.069000
 10.8 0.069000
 10.9 0.069000
 11.0 0.069000
 11.1 0.069000
 11.2 0.069000
 11.3 0.069000
 11.4 0.063750
 11.5 0.062500
 11.6 0.062500
 11.7 0.064000
 11.8 0.067000

ALA 23
 0.0 1.000000
 0.1 1.000000
 0.2 1.000000
 0.3 1.000000
 0.4 1.000000
 0.5 1.000000
 0.6 1.000000
 0.7 1.000000
 0.8 1.000000
 0.9 1.000000
 1.0 1.000000
 1.1 1.000000
 1.2 1.000000
 1.3 1.000000
 1.4 1.000000
 1.5 1.000000
 1.6 1.000000
 1.7 1.000000
 1.8 1.000000
 1.9 1.000000
 2.0 1.000000
 2.1 1.000000
 2.2 1.000000
 2.3 1.000000
 2.4 1.000000
 2.5 1.000000
 2.6 1.000000
 2.7 1.000000
 2.8 1.000000
 2.9 1.000000
 3.0 1.000000
 3.1 1.000000
 3.2 1.000000
 3.3 1.000000
 3.4 1.000000
 3.5 1.000000
 3.6 1.000000
 3.7 1.000000
 3.8 0.166667
 3.9 0.166667
 4.0 0.000000
 4.1 0.000000
 4.2 0.000000
 4.3 0.000000
 4.4 0.000000
 4.5 0.000000
 4.6 0.000000
 4.7 0.000000
 4.8 0.000000
 4.9 0.000000
 5.0 0.000000
 5.1 -0.200000
 5.2 -0.444333
 5.3 -0.333000
 5.4 -0.055333
 5.5 -0.055333
 5.6 0.000000
 5.7 0.016500
 5.8 0.033000
 5.9 0.033000
 6.0 0.033000
 6.1 0.033000
 6.2 0.033000
 6.3 0.089000
 6.4 0.089000
 6.5 0.089000
 6.6 0.100000
 6.7 0.100000
 6.8 0.100000
 6.9 0.067000
 7.0 0.067000
 7.1 0.067000
 7.2 0.067000
 7.3 0.067000
 7.4 0.067000
 7.5 0.067000
 7.6 0.067000
 7.7 0.067000
 7.8 0.067000
 7.9 0.067000
 8.0 0.067000
 8.1 0.075000
 8.2 0.083000
 8.3 0.083000
 8.4 0.060000
 8.5 0.060000
 8.6 0.060000
 8.7 0.076000
 8.8 0.058000
 8.9 0.058000
 9.0 0.076250
 9.1 0.079500
 9.2 0.079500
 9.3 0.079500
 9.4 0.079500
 9.5 0.075000
 9.6 0.075000
 9.7 0.076333
 9.8 0.076333
 9.9 0.081000
 10.0 0.083000
 10.1 0.083000
 10.2 0.083000
 10.3 0.083000
 10.4 0.083000
 10.5 0.083000
 10.6 0.083000
 10.7 0.083000
 10.8 0.083000
 10.9 0.083000
 11.0 0.083000
 11.1 0.083000
 11.2 0.083000
 11.3 0.083000
 11.4 0.072000
 11.5 0.073500
 11.6 0.073500
 11.7 0.075000
 11.8 0.078000

ALA 24
 0.0 1.000000
 0.1 1.000000
 0.2 1.000000
 0.3 1.000000
 0.4 1.000000
 0.5 1.000000
 0.6 1.000000
 0.7 1.000000
 0.8 1.000000
 0.9 1.000000
 1.0 1.000000
 1.1 1.000000
 1.2 1.000000
 1.3 1.000000
 1.4 1.000000
 1.5 1.000000
 1.6 1.000000
 1.7 1.000000
 1.8 1.000000
 1.9 1.000000
 2.0 1.000000
 2.1 1.000000
 2.2 1.000000
 2.3 1.000000
 2.4 1.000000
 2.5 1.000000
 2.6 1.000000
 2.7 1.000000
 2.8 1.000000
 2.9 1.000000
 3.0 1.000000
 3.1 1.000000
 3.2 1.000000
 3.3 1.000000
 3.4 1.000000
 3.5 1.000000
 3.6 1.000000
 3.7 1.000000
 3.8 0.166667
 3.9 0.166667
 4.0 0.000000
 4.1 0.000000
 4.2 0.000000
 4.3 0.000000
 4.4 0.000000
 4.5 0.000000
 4.6 0.000000
 4.7 0.000000
 4.8 0.000000
 4.9 0.000000
 5.0 0.000000
 5.1 -0.300000
 5.2 -0.500000
 5.3 -0.500000
 5.4 -0.055333
 5.5 -0.055333
 5.6 0.167000
 5.7 0.167000
 5.8 0.167000
 5.9 0.167000
 6.0 0.167000
 6.1 0.167000
 6.2 0.167000
 6.3 0.139000
 6.4 0.139000
 6.5 0.139000
 6.6 0.150000
 6.7 0.150000
 6.8 0.150000
 6.9 0.150000
 7.0 0.150000
 7.1 0.150000
 7.2 0.150000
 7.3 0.150000
 7.4 0.150000
 7.5 0.150000
 7.6 0.150000
 7.7 0.150000
 7.8 0.150000
 7.9 0.150000
 8.0 0.150000
 8.1 0.133500
 8.2 0.117000
 8.3 0.117000
 8.4 0.117000
 8.5 0.117000
 8.6 0.117000
 8.7 0.133000
 8.8 0.133000
 8.9 0.133000
 9.0 0.112250
 9.1 0.101000
 9.2 0.101000
 9.3 0.101000
 9.4 0.101000
 9.5 0.107000
 9.6 0.107000
 9.7 0.108333
 9.8 0.108333
 9.9 0.104000
 10.0 0.097000
 10.1 0.097000
 10.2 0.097000
 10.3 0.097000
 10.4 0.097000
 10.5 0.097000
 10.6 0.097000
 10.7 0.097000
 10.8 0.097000
 10.9 0.097000
 11.0 0.097000
 11.1 0.097000
 11.2 0.097000
 11.3 0.097000
 11.4 0.097000
 11.5 0.091500
 11.6 0.091500
 11.7 0.086000
 11.8 0.089000

ALA 25
 0.0 1.000000
 0.1 1.000000
 0.2 1.000000
 0.3 1.000000
 0.4 1.000000
 0.5 1.000000
 0.6 1.000000
 0.7 1.000000
 0.8 1.000000
 0.9 1.000000
 1.0 1.000000
 1.1 1.000000
 1.2 1.000000
 1.3 1.000000
 1.4 1.000000
 1.5 1.000000
 1.6 1.000000
 1.7 1.000000
 1.8 1.000000
 1.9 1.000000
 2.0 1.000000
 2.1 1.000000
 2.2 1.000000
 2.3 1.000000
 2.4 1.000000
 2.5 1.000000
 2.6 1.000000
 2.7 1.000000
 2.8 1.000000
 2.9 1.000000
 3.0 1.000000
 3.1 1.000000
 3.2 1.000000
 3.3 1.000000
 3.4 1.000000
 3.5 1.000000
 3.6 1.000000
 3.7 1.000000
 3.8 0.666667
 3.9 0.666667
 4.0 0.500000
 4.1 0.500000
 4.2 0.500000
 4.3 0.500000
 4.4 0.500000
 4.5 0.500000
 4.6 0.500000
 4.7 0.500000
 4.8 0.500000
 4.9 0.500000
 5.0 0.500000
 5.1 0.300000
 5.2 0.000000
 5.3 0.000000
 5.4 0.139000
 5.5 0.139000
 5.6 0.250000
 5.7 0.250000
 5.8 0.250000
 5.9 0.250000
 6.0 0.250000
 6.1 0.250000
 6.2 0.250000
 6.3 0.216667
 6.4 0.216667
 6.5 0.216667
 6.6 0.200000
 6.7 0.200000
 6.8 0.200000
 6.9 0.200000
 7.0 0.200000
 7.1 0.200000
 7.2 0.200000
 7.3 0.200000
 7.4 0.200000
 7.5 0.200000
 7.6 0.200000
 7.7 0.200000
 7.8 0.200000
 7.9 0.200000
 8.0 0.200000
 8.1 0.200000
 8.2 0.200000
 8.3 0.200000
 8.4 0.200000
 8.5 0.200000
 8.6 0.200000
 8.7 0.167000
 8.8 0.167000
 8.9 0.167000
 9.0 0.149000
 9.1 0.143000
 9.2 0.143000
 9.3 0.143000
 9.4 0.143000
 9.5 0.125000
 9.6 0.125000
 9.7 0.120333
 9.8 0.120333
 9.9 0.111000
 10.0 0.111000
 10.1 0.111000
 10.2 0.111000
 10.3 0.111000
 10.4 0.111000
 10.5 0.111000
 10.6 0.111000
 10.7 0.111000
 10.8 0.111000
 10.9 0.111000
 11.0 0.111000
 11.1 0.111000
 11.2 0.111000
 11.3 0.111000
 11.4 0.111000
 11.5 0.111000
 11.6 0.111000
 11.7 0.111000
 11.8 0.100000

