ATOMS
CA -10.789 -11.650 -11.484
HA -10.433 -12.160 -10.589

CA -10.414 -7.994 -12.455
HA -9.368 -7.952 -12.759

CA -11.990 -6.905 -9.171
HA -11.987 -5.820 -9.274

CA -9.593 -9.123 -7.224
HA -9.918 -8.952 -6.198

CA -6.625 -7.626 -9.068
HA -5.793 -8.181 -8.634

CA -7.826 -4.111 -8.261
HA -7.068 -3.500 -8.751

CA -8.154 -5.010 -4.581
HA -8.527 -4.077 -4.158

CA -4.615 -6.398 -4.550
HA -4.522 -6.743 -3.520

CA -3.290 -3.201 -6.125
HA -2.227 -3.425 -6.218

CA -5.064 -1.106 -3.496
HA -4.803 -0.094 -3.807

CA -3.550 -3.213 -0.717
HA -3.981 -2.751 0.171

CA -0.076 -2.761 -2.195
HA 0.535 -3.343 -1.505

CA -0.571 1.005 -2.346
HA 0.370 1.333 -2.787

CA -1.649 1.064 1.299
HA -1.864 2.122 1.448

CA 1.444 -0.907 2.302
HA 1.299 -1.013 3.377

CA 3.674 1.534 0.424
HA 4.661 1.102 0.588

CA 2.032 4.475 2.188
HA 2.556 5.321 1.742

CA 2.596 2.831 5.569
HA 2.149 3.559 6.246

CA 6.266 2.276 4.747
HA 6.619 1.768 5.644

CA 6.654 5.929 3.766
HA 7.701 5.967 3.465

CA 5.073 7.033 7.043
HA 5.079 8.118 6.937

CA 7.458 4.814 9.003
HA 7.131 4.990 10.028

CA 10.436 6.295 7.162
HA 11.265 5.739 7.600

CA 9.243 9.817 7.955
HA 10.004 10.424 7.465

CA 8.903 8.930 11.636
HA 8.532 9.865 12.055

CA 12.438 7.532 11.681
HA 12.527 7.190 12.712

EDGES
1 3 3.801290
1 4 4.161739
1 5 5.413630
1 6 6.348874
1 7 5.095463
1 8 5.998303
1 9 6.274434
1 10 6.716880
1 11 8.718005
1 12 9.366837
1 13 9.933994
1 14 10.776699
1 15 10.666871
1 16 11.259629
2 3 4.564852
2 4 4.852874
2 5 5.661272
2 6 6.658809
2 7 4.610010
2 8 5.462359
2 9 6.113220
2 10 6.417481
2 11 8.775103
2 12 9.470854
2 13 9.613137
2 14 10.503594
2 15 10.174443
2 16 10.688993
3 5 3.801888
3 6 4.161654
3 7 5.414060
3 8 6.349317
3 9 5.095460
3 10 5.999054
3 11 6.274159
3 12 6.716500
3 13 8.718471
3 14 9.367170
3 15 9.933008
3 16 10.775662
3 17 10.667386
3 18 11.260679
4 5 4.565615
4 6 4.852815
4 7 5.661986
4 8 6.659521
4 9 4.610185
4 10 5.463396
4 11 6.112532
4 12 6.416726
4 13 8.775468
4 14 9.471014
4 15 9.612159
4 16 10.502596
4 17 10.174676
4 18 10.689822
5 7 3.802097
5 8 4.161985
5 9 5.414210
5 10 6.349752
5 11 5.096414
5 12 5.999709
5 13 6.274872
5 14 6.717151
5 15 8.717873
5 16 9.366486
5 17 9.934170
5 18 10.777141
5 19 10.667872
5 20 11.261225
6 7 4.565473
6 8 4.853036
6 9 5.661724
6 10 6.659546
6 11 4.610940
6 12 5.463743
6 13 6.113284
6 14 6.417406
6 15 8.774773
6 16 9.470305
6 17 9.613177
6 18 10.503940
6 19 10.175215
6 20 10.690417
7 9 3.801364
7 10 4.161185
7 11 5.414592
7 12 6.350235
7 13 5.096365
7 14 5.999902
7 15 6.273467
7 16 6.715583
7 17 8.718124
7 18 9.366814
7 19 9.933887
7 20 10.776958
7 21 10.667099
7 22 11.259794
8 9 4.564978
8 10 4.852233
8 11 5.662836
8 12 6.660677
8 13 4.611480
8 14 5.464623
8 15 6.112334
8 16 6.416244
8 17 8.775518
8 18 9.470988
8 19 9.613628
8 20 10.504488
8 21 10.174916
8 22 10.689459
9 11 3.801168
9 12 4.161804
9 13 5.414284
9 14 6.349890
9 15 5.095136
9 16 5.998550
9 17 6.274082
9 18 6.716644
9 19 8.717471
9 20 9.366367
9 21 9.933247
9 22 10.775689
9 23 10.667509
9 24 11.260935
10 11 4.564769
10 12 4.852945
10 13 5.661835
10 14 6.659741
10 15 4.609320
10 16 5.462260
10 17 6.112323
10 18 6.416615
10 19 8.774173
10 20 9.469931
10 21 9.612022
10 22 10.502203
10 23 10.174537
10 24 10.689830
11 13 3.802392
11 14 4.162591
11 15 5.414094
11 16 6.349876
11 17 5.095674
11 18 5.999437
11 19 6.274065
11 20 6.716616
11 21 8.717942
11 22 9.366549
11 23 9.933849
11 24 10.776812
11 25 10.667507
11 26 11.259495
12 13 4.566004
12 14 4.853582
12 15 5.662510
12 16 6.660520
12 17 4.610701
12 18 5.464155
12 19 6.112469
12 20 6.416712
12 21 8.775184
12 22 9.470621
12 23 9.613289
12 24 10.504036
12 25 10.174972
12 26 10.688827
13 15 3.801582
13 16 4.161783
13 17 5.414325
13 18 6.349907
13 19 5.095738
13 20 5.999611
13 21 6.273478
13 22 6.715543
13 23 8.718089
13 24 9.366930
13 25 9.933647
13 26 10.775466
13 27 10.666907
13 28 11.259590
14 15 4.565572
14 16 4.853311
14 17 5.662388
14 18 6.660233
14 19 4.610581
14 20 5.464034
14 21 6.112079
14 22 6.415967
14 23 8.775228
14 24 9.470850
14 25 9.612908
14 26 10.502588
14 27 10.174262
14 28 10.688798
15 17 3.802244
15 18 4.162151
15 19 5.414590
15 20 6.350418
15 21 5.096110
15 22 5.999200
15 23 6.275055
15 24 6.717704
15 25 8.718713
15 26 9.366256
15 27 9.934254
15 28 10.776567
15 29 10.668293
15 30 11.261037
16 17 4.566138
16 18 4.853386
16 19 5.663048
16 20 6.661121
16 21 4.611127
16 22 5.463719
16 23 6.113826
16 24 6.418214
16 25 8.776114
16 26 9.470519
16 27 9.613851
16 28 10.504009
16 29 10.175841
16 30 10.690442
17 19 3.801019
17 20 4.161219
17 21 5.414260
17 22 6.349771
17 23 5.095910
17 24 5.999599
17 25 6.274093
17 26 6.715281
17 27 8.717734
17 28 9.365796
17 29 9.934159
17 30 10.776561
17 31 10.668033
17 32 11.260488
18 19 4.564604
18 20 4.852243
18 21 5.661826
18 22 6.659588
18 23 4.610014
18 24 5.463308
18 25 6.112252
18 26 6.415196
18 27 8.774423
18 28 9.469347
18 29 9.612854
18 30 10.503068
18 31 10.174952
18 32 10.689243
19 21 3.801906
19 22 4.162428
19 23 5.414035
19 24 6.349571
19 25 5.095672
19 26 5.998313
19 27 6.274006
19 28 6.715886
19 29 8.718398
19 30 9.366672
19 31 9.934216
19 32 10.776360
19 33 10.668113
19 34 11.260878
20 21 4.565772
20 22 4.853846
20 23 5.661798
20 24 6.659538
20 25 4.610005
20 26 5.462294
20 27 6.112276
20 28 6.415871
20 29 8.775298
20 30 9.470418
20 31 9.613078
20 32 10.503035
20 33 10.175117
20 34 10.689645
21 23 3.802297
21 24 4.162339
21 25 5.414758
21 26 6.349600
21 27 5.096154
21 28 5.999337
21 29 6.274714
21 30 6.716669
21 31 8.719063
21 32 9.367111
21 33 9.934943
21 34 10.777712
21 35 10.668507
21 36 11.261525
22 23 4.565860
22 24 4.853215
22 25 5.663120
22 26 6.660332
22 27 4.611381
22 28 5.464297
22 29 6.113274
22 30 6.416968
22 31 8.776347
22 32 9.471202
22 33 9.614548
22 34 10.505122
22 35 10.176151
22 36 10.691054
23 25 3.801392
23 26 4.160555
23 27 5.414147
23 28 6.349180
23 29 5.096148
23 30 5.999443
23 31 6.274447
23 32 6.716177
23 33 8.718604
23 34 9.367290
23 35 9.934271
23 36 10.776990
23 37 10.666944
23 38 11.259875
24 25 4.564605
24 26 4.851363
24 27 5.661618
24 28 6.658951
24 29 4.610166
24 30 5.463197
24 31 6.112241
24 32 6.415805
24 33 8.774986
24 34 9.470604
24 35 9.612881
24 36 10.503361
24 37 10.173742
24 38 10.688572
25 27 3.801525
25 28 4.161006
25 29 5.414783
25 30 6.349957
25 31 5.096348
25 32 5.999299
25 33 6.274844
25 34 6.716973
25 35 8.718451
25 36 9.367165
25 37 9.933311
25 38 10.775823
25 39 10.667846
25 40 11.261223
26 27 4.565536
26 28 4.852680
26 29 5.662949
26 30 6.660454
26 31 4.611652
26 32 5.464125
26 33 6.114330
26 34 6.418300
26 35 8.776207
26 36 9.471801
26 37 9.613180
26 38 10.503380
26 39 10.176133
26 40 10.691353
27 29 3.802302
27 30 4.162057
27 31 5.414873
27 32 6.350044
27 33 5.096568
27 34 6.000027
27 35 6.274967
27 36 6.717339
27 37 8.718077
27 38 9.366668
27 39 9.934492
27 40 10.777452
27 41 10.668073
27 42 11.261081
28 29 4.565854
28 30 4.853229
28 31 5.662487
28 32 6.660002
28 33 4.611185
28 34 5.464104
28 35 6.113667
28 36 6.417939
28 37 8.775193
28 38 9.470640
28 39 9.613672
28 40 10.504358
28 41 10.175653
28 42 10.690481
29 31 3.802403
29 32 4.162087
29 33 5.415225
29 34 6.351230
29 35 5.096375
29 36 5.999776
29 37 6.273850
29 38 6.716042
29 39 8.718847
29 40 9.367737
29 41 9.934300
29 42 10.777155
29 43 10.667776
29 44 11.260890
30 31 4.565966
30 32 4.853328
30 33 5.662963
30 34 6.661293
30 35 4.611226
30 36 5.464142
30 37 6.112733
30 38 6.416826
30 39 8.776030
30 40 9.471734
30 41 9.613571
30 42 10.504150
30 43 10.175416
30 44 10.690371
31 33 3.802281
31 34 4.162742
31 35 5.414362
31 36 6.349955
31 37 5.094836
31 38 5.998015
31 39 6.274184
31 40 6.716837
31 41 8.718220
31 42 9.367083
31 43 9.933594
31 44 10.776437
31 45 10.667352
31 46 11.260563
32 33 4.566045
32 34 4.854143
32 35 5.662511
32 36 6.660327
32 37 4.609944
32 38 5.462642
32 39 6.113237
32 40 6.417706
32 41 8.775735
32 42 9.471472
32 43 9.613240
32 44 10.503859
32 45 10.175232
32 46 10.690310
33 35 3.801578
33 36 4.161744
33 37 5.413948
33 38 6.349201
33 39 5.095791
33 40 5.999529
33 41 6.273920
33 42 6.716298
33 43 8.717834
33 44 9.366463
33 45 9.933795
33 46 10.776629
33 47 10.667416
33 48 11.260112
34 35 4.565920
34 36 4.853484
34 37 5.662698
34 38 6.660134
34 39 4.610840
34 40 5.464162
34 41 6.112842
34 42 6.416912
34 43 8.775464
34 44 9.470902
34 45 9.613505
34 46 10.504169
34 47 10.175036
34 48 10.689530
35 37 3.801659
35 38 4.161745
35 39 5.414405
35 40 6.349987
35 41 5.095587
35 42 5.999090
35 43 6.274049
35 44 6.716412
35 45 8.717944
35 46 9.366589
35 47 9.933771
35 48 10.776221
35 49 10.666984
35 50 11.259727
36 37 4.565389
36 38 4.852936
36 39 5.662360
36 40 6.660115
36 41 4.610169
36 42 5.463228
36 43 6.112410
36 44 6.416511
36 45 8.774914
36 46 9.470331
36 47 9.612912
36 48 10.503105
36 49 10.174294
36 50 10.688910
37 39 3.802277
37 40 4.162479
37 41 5.415156
37 42 6.350908
37 43 5.096650
37 44 6.000248
37 45 6.274830
37 46 6.717290
37 47 8.718972
37 48 9.367501
37 49 9.934174
37 50 10.776574
37 51 10.667684
37 52 11.260051
38 39 4.565307
38 40 4.852872
38 41 5.662821
38 42 6.660777
38 43 4.611390
38 44 5.464694
38 45 6.112900
38 46 6.417172
38 47 8.775676
38 48 9.471040
38 49 9.613270
38 50 10.503423
38 51 10.174961
38 52 10.689208
39 41 3.802250
39 42 4.162642
39 43 5.414408
39 44 6.349952
39 45 5.096106
39 46 5.999748
39 47 6.274328
39 48 6.716407
39 49 8.717850
39 50 9.366243
39 51 9.933352
39 52 10.775582
40 41 4.565613
40 42 4.853501
40 43 5.661970
40 44 6.659760
40 45 4.610382
40 46 5.463726
40 47 6.112312
40 48 6.416281
40 49 8.774361
40 50 9.469586
40 51 9.612026
40 52 10.502048
41 43 3.801814
41 44 4.161663
41 45 5.414848
41 46 6.350240
41 47 5.096204
41 48 5.999310
41 49 6.274007
41 50 6.716029
41 51 8.717985
41 52 9.366127
42 43 4.565568
42 44 4.852769
42 45 5.663162
42 46 6.660766
42 47 4.611054
42 48 5.463702
42 49 6.112522
42 50 6.416318
42 51 8.775182
42 52 9.470191
43 45 3.801464
43 46 4.161404
43 47 5.414290
43 48 6.349776
43 49 5.095309
43 50 5.998398
43 51 6.273724
43 52 6.715416
44 45 4.565086
44 46 4.852437
44 47 5.661961
44 48 6.659689
44 49 4.609691
44 50 5.462340
44 51 6.112154
44 52 6.415658
45 47 3.802181
45 48 4.162580
45 49 5.413870
45 50 6.349139
45 51 5.095050
45 52 5.997983
46 47 4.565588
46 48 4.853614
46 49 5.661344
46 50 6.658843
46 51 4.609267
46 52 5.461739
47 49 3.801596
47 50 4.161469
47 51 5.414086
47 52 6.349396
48 49 4.565247
48 50 4.852563
48 51 5.662391
48 52 6.659977
49 51 3.801665
49 52 4.161580
50 51 4.565041
50 52 4.852556

RESIDUES
ALA 1
 0.0 2.000000
 0.1 2.000000
 0.2 2.000000
 0.3 2.000000
 0.4 2.000000
 0.5 2.000000
 0.6 2.000000
 0.7 2.000000
 0.8 2.000000
 0.9 2.000000
 1.0 2.000000
 1.1 2.000000
 1.2 2.000000
 1.3 2.000000
 1.4 2.000000
 1.5 2.000000
 1.6 2.000000
 1.7 2.000000
 1.8 2.000000
 1.9 2.000000
 2.0 2.000000
 2.1 2.000000
 2.2 2.000000
 2.3 2.000000
 2.4 2.000000
 2.5 2.000000
 2.6 2.000000
 2.7 2.000000
 2.8 2.000000
 2.9 2.000000
 3.0 2.000000
 3.1 2.000000
 3.2 2.000000
 3.3 2.000000
 3.4 2.000000
 3.5 2.000000
 3.6 1.500000
 3.7 1.500000
 3.8 1.500000
 3.9 1.375000
 4.0 1.300000
 4.1 1.187500
 4.2 1.166667
 4.3 1.026316
 4.4 0.500000
 4.5 0.250000
 4.6 0.125000
 4.7 0.050000
 4.8 -0.010309
 4.9 -0.519737
 5.0 -0.571429
 5.1 -0.666667
 5.2 -0.638375
 5.3 -0.611556
 5.4 -0.329222
 5.5 -0.241111
 5.6 -0.241111
 5.7 -0.208563
 5.8 0.054754
 5.9 0.045436
 6.0 0.033986
 6.1 0.078308
 6.2 0.123833
 6.3 0.155538
 6.4 0.192483
 6.5 0.245688
 6.6 0.277714
 6.7 0.311590
 6.8 0.321429
 6.9 0.328814
 7.0 0.350000
 7.1 0.350000
 7.2 0.350000
 7.3 0.350000
 7.4 0.350000
 7.5 0.350000
 7.6 0.350000
 7.7 0.350000
 7.8 0.350000
 7.9 0.350000
 8.0 0.350000
 8.1 0.350000
 8.2 0.350000
 8.3 0.350000
 8.4 0.350000
 8.5 0.308333
 8.6 0.283333
 8.7 0.283333
 8.8 0.283333
 8.9 0.283333
 9.0 0.253333
 9.1 0.133333
 9.2 0.109091
 9.3 0.085714
 9.4 0.074689
 9.5 0.073909
 9.6 0.068614
 9.7 0.066099
 9.8 0.081143
 9.9 0.111787
 10.0 0.130167
 10.1 0.130167
 10.2 0.135238
 10.3 0.142000
 10.4 0.142000
 10.5 0.136295
 10.6 0.126786
 10.7 0.126786
 10.8 0.121519
 10.9 0.118067
 11.0 0.063900
 11.1 0.017750
 11.2 0.017750

ALA 2
 0.0 2.000000
 0.1 2.000000
 0.2 2.000000
 0.3 2.000000
 0.4 2.000000
 0.5 2.000000
 0.6 2.000000
 0.7 2.000000
 0.8 2.000000
 0.9 2.000000
 1.0 2.000000
 1.1 2.000000
 1.2 2.000000
 1.3 2.000000
 1.4 2.000000
 1.5 2.000000
 1.6 2.000000
 1.7 2.000000
 1.8 2.000000
 1.9 2.000000
 2.0 2.000000
 2.1 2.000000
 2.2 2.000000
 2.3 2.000000
 2.4 2.000000
 2.5 2.000000
 2.6 2.000000
 2.7 2.000000
 2.8 2.000000
 2.9 2.000000
 3.0 2.000000
 3.1 2.000000
 3.2 2.000000
 3.3 2.000000
 3.4 2.000000
 3.5 2.000000
 3.6 1.250000
 3.7 1.250000
 3.8 1.250000
 3.9 0.906250
 4.0 0.700000
 4.1 0.390625
 4.2 0.333333
 4.3 0.105263
 4.4 -0.759494
 4.5 -1.166667
 4.6 -1.375000
 4.7 -1.500000
 4.8 -1.592784
 4.9 -2.348684
 5.0 -2.428571
 5.1 -2.555556
 5.2 -2.031250
 5.3 -1.833333
 5.4 -1.120389
 5.5 -0.990778
 5.6 -0.990778
 5.7 -0.893297
 5.8 -0.374656
 5.9 -0.318910
 6.0 -0.241826
 6.1 -0.162729
 6.2 -0.076833
 6.3 -0.024385
 6.4 0.055733
 6.5 0.224288
 6.6 0.315040
 6.7 0.441692
 6.8 0.478857
 6.9 0.515559
 7.0 0.617000
 7.1 0.617000
 7.2 0.617000
 7.3 0.617000
 7.4 0.617000
 7.5 0.617000
 7.6 0.617000
 7.7 0.617000
 7.8 0.617000
 7.9 0.617000
 8.0 0.617000
 8.1 0.617000
 8.2 0.617000
 8.3 0.617000
 8.4 0.617000
 8.5 0.525000
 8.6 0.450000
 8.7 0.450000
 8.8 0.450000
 8.9 0.450000
 9.0 0.360000
 9.1 -0.000000
 9.2 -0.072727
 9.3 -0.142857
 9.4 -0.162264
 9.5 -0.163636
 9.6 -0.178218
 9.7 -0.167011
 9.8 -0.102000
 9.9 0.003404
 10.0 0.064333
 10.1 0.064333
 10.2 0.079619
 10.3 0.104000
 10.4 0.104951
 10.5 0.085116
 10.6 0.063143
 10.7 0.063143
 10.8 0.047962
 10.9 0.037011
 11.0 -0.090100
 11.1 -0.214250
 11.2 -0.214250

ALA 3
 0.0 2.000000
 0.1 2.000000
 0.2 2.000000
 0.3 2.000000
 0.4 2.000000
 0.5 2.000000
 0.6 2.000000
 0.7 2.000000
 0.8 2.000000
 0.9 2.000000
 1.0 2.000000
 1.1 2.000000
 1.2 2.000000
 1.3 2.000000
 1.4 2.000000
 1.5 2.000000
 1.6 2.000000
 1.7 2.000000
 1.8 2.000000
 1.9 2.000000
 2.0 2.000000
 2.1 2.000000
 2.2 2.000000
 2.3 2.000000
 2.4 2.000000
 2.5 2.000000
 2.6 2.000000
 2.7 2.000000
 2.8 2.000000
 2.9 2.000000
 3.0 2.000000
 3.1 2.000000
 3.2 2.000000
 3.3 2.000000
 3.4 2.000000
 3.5 2.000000
 3.6 1.500000
 3.7 1.500000
 3.8 1.500000
 3.9 1.062500
 4.0 0.800000
 4.1 0.406250
 4.2 0.333333
 4.3 0.105263
 4.4 -0.696203
 4.5 -1.083333
 4.6 -1.312500
 4.7 -1.450000
 4.8 -1.536082
 4.9 -2.276316
 5.0 -2.357143
 5.1 -2.462963
 5.2 -1.847703
 5.3 -1.601889
 5.4 -0.849583
 5.5 -0.713000
 5.6 -0.713000
 5.7 -0.559906
 5.8 0.142016
 5.9 0.210603
 6.0 0.311029
 6.1 0.236262
 6.2 0.202795
 6.3 0.144923
 6.4 0.138833
 6.5 0.320400
 6.6 0.405238
 6.7 0.575487
 6.8 0.626000
 6.9 0.694678
 7.0 0.883000
 7.1 0.883000
 7.2 0.883000
 7.3 0.883000
 7.4 0.883000
 7.5 0.883000
 7.6 0.883000
 7.7 0.883000
 7.8 0.883000
 7.9 0.883000
 8.0 0.883000
 8.1 0.883000
 8.2 0.883000
 8.3 0.883000
 8.4 0.883000
 8.5 0.741667
 8.6 0.616667
 8.7 0.616667
 8.8 0.616667
 8.9 0.616667
 9.0 0.466667
 9.1 -0.166667
 9.2 -0.286364
 9.3 -0.400000
 9.4 -0.415792
 9.5 -0.416909
 9.6 -0.439208
 9.7 -0.402923
 9.8 -0.277714
 9.9 -0.099532
 10.0 0.000000
 10.1 0.000000
 10.2 0.022571
 10.3 0.065714
 10.4 0.075049
 10.5 0.066866
 10.6 0.030643
 10.7 0.030643
 10.8 0.015115
 10.9 0.000663
 11.0 -0.221740
 11.1 -0.428750
 11.2 -0.428750

ALA 4
 0.0 2.000000
 0.1 2.000000
 0.2 2.000000
 0.3 2.000000
 0.4 2.000000
 0.5 2.000000
 0.6 2.000000
 0.7 2.000000
 0.8 2.000000
 0.9 2.000000
 1.0 2.000000
 1.1 2.000000
 1.2 2.000000
 1.3 2.000000
 1.4 2.000000
 1.5 2.000000
 1.6 2.000000
 1.7 2.000000
 1.8 2.000000
 1.9 2.000000
 2.0 2.000000
 2.1 2.000000
 2.2 2.000000
 2.3 2.000000
 2.4 2.000000
 2.5 2.000000
 2.6 2.000000
 2.7 2.000000
 2.8 2.000000
 2.9 2.000000
 3.0 2.000000
 3.1 2.000000
 3.2 2.000000
 3.3 2.000000
 3.4 2.000000
 3.5 2.000000
 3.6 1.250000
 3.7 1.250000
 3.8 1.250000
 3.9 0.843750
 4.0 0.600000
 4.1 0.234375
 4.2 0.166667
 4.3 -0.078947
 4.4 -0.981013
 4.5 -1.416667
 4.6 -1.718750
 4.7 -1.900000
 4.8 -2.015464
 4.9 -3.032895
 5.0 -3.142857
 5.1 -3.296296
 5.2 -2.578031
 5.3 -2.296222
 5.4 -1.388778
 5.5 -1.249889
 5.6 -1.249889
 5.7 -1.119719
 5.8 -0.341475
 5.9 -0.194667
 6.0 -0.024188
 6.1 -0.033037
 6.2 -0.013571
 6.3 -0.015385
 6.4 0.027092
 6.5 0.327913
 6.6 0.471810
 6.7 0.744410
 6.8 0.826143
 6.9 0.918610
 7.0 1.175000
 7.1 1.175000
 7.2 1.175000
 7.3 1.175000
 7.4 1.175000
 7.5 1.175000
 7.6 1.175000
 7.7 1.175000
 7.8 1.175000
 7.9 1.175000
 8.0 1.175000
 8.1 1.175000
 8.2 1.175000
 8.3 1.175000
 8.4 1.175000
 8.5 0.966667
 8.6 0.800000
 8.7 0.800000
 8.8 0.800000
 8.9 0.800000
 9.0 0.600000
 9.1 -0.333333
 9.2 -0.500000
 9.3 -0.657143
 9.4 -0.683755
 9.5 -0.685636
 9.6 -0.717030
 9.7 -0.664978
 9.8 -0.491571
 9.9 -0.230468
 10.0 -0.080833
 10.1 -0.080833
 10.2 -0.044190
 10.3 0.024571
 10.4 0.039938
 10.5 0.038196
 10.6 -0.010143
 10.7 -0.010143
 10.8 -0.027327
 10.9 -0.045270
 11.0 -0.360420
 11.1 -0.661250
 11.2 -0.661250

ALA 5
 0.0 2.000000
 0.1 2.000000
 0.2 2.000000
 0.3 2.000000
 0.4 2.000000
 0.5 2.000000
 0.6 2.000000
 0.7 2.000000
 0.8 2.000000
 0.9 2.000000
 1.0 2.000000
 1.1 2.000000
 1.2 2.000000
 1.3 2.000000
 1.4 2.000000
 1.5 2.000000
 1.6 2.000000
 1.7 2.000000
 1.8 2.000000
 1.9 2.000000
 2.0 2.000000
 2.1 2.000000
 2.2 2.000000
 2.3 2.000000
 2.4 2.000000
 2.5 2.000000
 2.6 2.000000
 2.7 2.000000
 2.8 2.000000
 2.9 2.000000
 3.0 2.000000
 3.1 2.000000
 3.2 2.000000
 3.3 2.000000
 3.4 2.000000
 3.5 2.000000
 3.6 1.000000
 3.7 1.000000
 3.8 1.000000
 3.9 0.687500
 4.0 0.500000
 4.1 0.218750
 4.2 0.166667
 4.3 -0.078947
 4.4 -1.107595
 4.5 -1.583333
 4.6 -1.843750
 4.7 -2.000000
 4.8 -2.123711
 4.9 -3.111842
 5.0 -3.214286
 5.1 -3.388889
 5.2 -2.648484
 5.3 -2.407444
 5.4 -1.444472
 5.5 -1.277778
 5.6 -1.277778
 5.7 -1.179641
 5.8 -0.355082
 5.9 -0.191846
 6.0 -0.014464
 6.1 0.006916
 6.2 0.003160
 6.3 0.029538
 6.4 0.058508
 6.5 0.429537
 6.6 0.577937
 6.7 0.938256
 6.8 1.045000
 6.9 1.185661
 7.0 1.566500
 7.1 1.566500
 7.2 1.566500
 7.3 1.566500
 7.4 1.566500
 7.5 1.566500
 7.6 1.566500
 7.7 1.566500
 7.8 1.566500
 7.9 1.566500
 8.0 1.566500
 8.1 1.566500
 8.2 1.566500
 8.3 1.566500
 8.4 1.566500
 8.5 1.158333
 8.6 0.950000
 8.7 0.950000
 8.8 0.950000
 8.9 0.950000
 9.0 0.700000
 9.1 -0.500000
 9.2 -0.713636
 9.3 -0.914286
 9.4 -0.948236
 9.5 -0.950636
 9.6 -0.990792
 9.7 -0.917297
 9.8 -0.689857
 9.9 -0.345064
 10.0 -0.150000
 10.1 -0.150000
 10.2 -0.104000
 10.3 -0.016286
 10.4 0.003963
 10.5 0.006312
 10.6 -0.050000
 10.7 -0.050000
 10.8 -0.068519
 10.9 -0.089416
 11.0 -0.487480
 11.1 -0.892500
 11.2 -0.892500

ALA 6
 0.0 2.000000
 0.1 2.000000
 0.2 2.000000
 0.3 2.000000
 0.4 2.000000
 0.5 2.000000
 0.6 2.000000
 0.7 2.000000
 0.8 2.000000
 0.9 2.000000
 1.0 2.000000
 1.1 2.000000
 1.2 2.000000
 1.3 2.000000
 1.4 2.000000
 1.5 2.000000
 1.6 2.000000
 1.7 2.000000
 1.8 2.000000
 1.9 2.000000
 2.0 2.000000
 2.1 2.000000
 2.2 2.000000
 2.3 2.000000
 2.4 2.000000
 2.5 2.000000
 2.6 2.000000
 2.7 2.000000
 2.8 2.000000
 2.9 2.000000
 3.0 2.000000
 3.1 2.000000
 3.2 2.000000
 3.3 2.000000
 3.4 2.000000
 3.5 2.000000
 3.6 1.250000
 3.7 1.250000
 3.8 1.250000
 3.9 0.968750
 4.0 0.800000
 4.1 0.546875
 4.2 0.500000
 4.3 0.236842
 4.4 -0.765823
 4.5 -1.250000
 4.6 -1.531250
 4.7 -1.700000
 4.8 -1.819588
 4.9 -2.828947
 5.0 -2.928571
 5.1 -3.092593
 5.2 -2.468656
 5.3 -2.185111
 5.4 -1.370278
 5.5 -1.296222
 5.6 -1.296222
 5.7 -1.210906
 5.8 -0.519016
 5.9 -0.305859
 6.0 -0.057812
 6.1 -0.074037
 6.2 -0.061494
 6.3 -0.061538
 6.4 -0.006425
 6.5 0.404500
 6.6 0.595119
 6.7 0.985333
 6.8 1.099857
 6.9 1.224712
 7.0 1.566500
 7.1 1.566500
 7.2 1.566500
 7.3 1.566500
 7.4 1.566500
 7.5 1.566500
 7.6 1.566500
 7.7 1.566500
 7.8 1.566500
 7.9 1.566500
 8.0 1.566500
 8.1 1.566500
 8.2 1.566500
 8.3 1.566500
 8.4 1.566500
 8.5 1.033333
 8.6 0.800000
 8.7 0.800000
 8.8 0.800000
 8.9 0.800000
 9.0 0.520000
 9.1 -0.800000
 9.2 -1.036364
 9.3 -1.257143
 9.4 -1.258368
 9.5 -1.258455
 9.6 -1.299307
 9.7 -1.168363
 9.8 -0.865143
 9.9 -0.447489
 10.0 -0.214167
 10.1 -0.214167
 10.2 -0.161238
 10.3 -0.053143
 10.4 -0.025444
 10.5 -0.016098
 10.6 -0.092929
 10.7 -0.092929
 10.8 -0.116442
 10.9 -0.142978
 11.0 -0.656040
 11.1 -1.142500
 11.2 -1.142500

ALA 7
 0.0 2.000000
 0.1 2.000000
 0.2 2.000000
 0.3 2.000000
 0.4 2.000000
 0.5 2.000000
 0.6 2.000000
 0.7 2.000000
 0.8 2.000000
 0.9 2.000000
 1.0 2.000000
 1.1 2.000000
 1.2 2.000000
 1.3 2.000000
 1.4 2.000000
 1.5 2.000000
 1.6 2.000000
 1.7 2.000000
 1.8 2.000000
 1.9 2.000000
 2.0 2.000000
 2.1 2.000000
 2.2 2.000000
 2.3 2.000000
 2.4 2.000000
 2.5 2.000000
 2.6 2.000000
 2.7 2.000000
 2.8 2.000000
 2.9 2.000000
 3.0 2.000000
 3.1 2.000000
 3.2 2.000000
 3.3 2.000000
 3.4 2.000000
 3.5 2.000000
 3.6 1.500000
 3.7 1.500000
 3.8 1.500000
 3.9 1.125000
 4.0 0.900000
 4.1 0.562500
 4.2 0.500000
 4.3 0.289474
 4.4 -0.702532
 4.5 -1.166667
 4.6 -1.468750
 4.7 -1.650000
 4.8 -1.783505
 4.9 -2.828947
 5.0 -2.928571
 5.1 -3.092593
 5.2 -2.414063
 5.3 -2.111111
 5.4 -1.222222
 5.5 -1.111111
 5.6 -1.111111
 5.7 -0.986969
 5.8 -0.273115
 5.9 -0.144397
 6.0 0.041609
 6.1 0.031215
 6.2 0.023314
 6.3 0.002538
 6.4 0.028050
 6.5 0.407250
 6.6 0.563413
 6.7 0.906744
 6.8 1.009429
 6.9 1.167119
 7.0 1.591500
 7.1 1.591500
 7.2 1.591500
 7.3 1.591500
 7.4 1.591500
 7.5 1.591500
 7.6 1.591500
 7.7 1.591500
 7.8 1.591500
 7.9 1.591500
 8.0 1.591500
 8.1 1.591500
 8.2 1.591500
 8.3 1.591500
 8.4 1.591500
 8.5 1.033333
 8.6 0.800000
 8.7 0.800000
 8.8 0.800000
 8.9 0.800000
 9.0 0.520000
 9.1 -0.800000
 9.2 -1.036364
 9.3 -1.257143
 9.4 -1.240283
 9.5 -1.239091
 9.6 -1.278218
 9.7 -1.117648
 9.8 -0.784000
 9.9 -0.350064
 10.0 -0.121500
 10.1 -0.121500
 10.2 -0.079571
 10.3 0.016286
 10.4 0.027667
 10.5 -0.002625
 10.6 -0.095000
 10.7 -0.095000
 10.8 -0.143894
 10.9 -0.177146
 11.0 -0.793020
 11.1 -1.410750
 11.2 -1.410750

ALA 8
 0.0 2.000000
 0.1 2.000000
 0.2 2.000000
 0.3 2.000000
 0.4 2.000000
 0.5 2.000000
 0.6 2.000000
 0.7 2.000000
 0.8 2.000000
 0.9 2.000000
 1.0 2.000000
 1.1 2.000000
 1.2 2.000000
 1.3 2.000000
 1.4 2.000000
 1.5 2.000000
 1.6 2.000000
 1.7 2.000000
 1.8 2.000000
 1.9 2.000000
 2.0 2.000000
 2.1 2.000000
 2.2 2.000000
 2.3 2.000000
 2.4 2.000000
 2.5 2.000000
 2.6 2.000000
 2.7 2.000000
 2.8 2.000000
 2.9 2.000000
 3.0 2.000000
 3.1 2.000000
 3.2 2.000000
 3.3 2.000000
 3.4 2.000000
 3.5 2.000000
 3.6 1.500000
 3.7 1.500000
 3.8 1.500000
 3.9 1.062500
 4.0 0.800000
 4.1 0.406250
 4.2 0.333333
 4.3 0.157895
 4.4 -0.873418
 4.5 -1.333333
 4.6 -1.625000
 4.7 -1.800000
 4.8 -1.943299
 4.9 -2.973684
 5.0 -3.071429
 5.1 -3.240741
 5.2 -2.609281
 5.3 -2.351778
 5.4 -1.509167
 5.5 -1.407333
 5.6 -1.407333
 5.7 -1.317687
 5.8 -0.491803
 5.9 -0.284462
 6.0 -0.016217
 6.1 -0.006075
 6.2 -0.003186
 6.3 -0.003692
 6.4 0.050633
 6.5 0.438125
 6.6 0.601825
 6.7 0.970436
 6.8 1.080857
 6.9 1.211186
 7.0 1.566500
 7.1 1.566500
 7.2 1.566500
 7.3 1.566500
 7.4 1.566500
 7.5 1.566500
 7.6 1.566500
 7.7 1.566500
 7.8 1.566500
 7.9 1.566500
 8.0 1.566500
 8.1 1.566500
 8.2 1.566500
 8.3 1.566500
 8.4 1.566500
 8.5 1.066667
 8.6 0.833333
 8.7 0.833333
 8.8 0.833333
 8.9 0.833333
 9.0 0.553333
 9.1 -0.800000
 9.2 -1.027273
 9.3 -1.242857
 9.4 -1.245283
 9.5 -1.245455
 9.6 -1.285149
 9.7 -1.136253
 9.8 -0.822429
 9.9 -0.372872
 10.0 -0.123667
 10.1 -0.123667
 10.2 -0.068524
 10.3 0.008286
 10.4 0.003630
 10.5 -0.070688
 10.6 -0.181500
 10.7 -0.181500
 10.8 -0.248048
 10.9 -0.288416
 11.0 -0.984040
 11.1 -1.660500
 11.2 -1.660500

ALA 9
 0.0 2.000000
 0.1 2.000000
 0.2 2.000000
 0.3 2.000000
 0.4 2.000000
 0.5 2.000000
 0.6 2.000000
 0.7 2.000000
 0.8 2.000000
 0.9 2.000000
 1.0 2.000000
 1.1 2.000000
 1.2 2.000000
 1.3 2.000000
 1.4 2.000000
 1.5 2.000000
 1.6 2.000000
 1.7 2.000000
 1.8 2.000000
 1.9 2.000000
 2.0 2.000000
 2.1 2.000000
 2.2 2.000000
 2.3 2.000000
 2.4 2.000000
 2.5 2.000000
 2.6 2.000000
 2.7 2.000000
 2.8 2.000000
 2.9 2.000000
 3.0 2.000000
 3.1 2.000000
 3.2 2.000000
 3.3 2.000000
 3.4 2.000000
 3.5 2.000000
 3.6 1.250000
 3.7 1.250000
 3.8 1.250000
 3.9 0.843750
 4.0 0.600000
 4.1 0.234375
 4.2 0.166667
 4.3 -0.026316
 4.4 -0.917722
 4.5 -1.333333
 4.6 -1.656250
 4.7 -1.850000
 4.8 -1.974227
 4.9 -2.967105
 5.0 -3.071429
 5.1 -3.203704
 5.2 -2.429734
 5.3 -2.185222
 5.4 -1.305583
 5.5 -1.166667
 5.6 -1.166667
 5.7 -1.067672
 5.8 -0.327869
 5.9 -0.201372
 6.0 -0.058101
 6.1 -0.059252
 6.2 -0.043526
 6.3 -0.039769
 6.4 -0.008483
 6.5 0.379975
 6.6 0.552857
 6.7 0.898205
 6.8 1.002286
 6.9 1.150780
 7.0 1.550000
 7.1 1.550000
 7.2 1.550000
 7.3 1.550000
 7.4 1.550000
 7.5 1.550000
 7.6 1.550000
 7.7 1.550000
 7.8 1.550000
 7.9 1.550000
 8.0 1.550000
 8.1 1.550000
 8.2 1.550000
 8.3 1.550000
 8.4 1.550000
 8.5 1.083333
 8.6 0.833333
 8.7 0.833333
 8.8 0.833333
 8.9 0.833333
 9.0 0.533333
 9.1 -0.833333
 9.2 -1.059091
 9.3 -1.271429
 9.4 -1.278585
 9.5 -1.279091
 9.6 -1.318812
 9.7 -1.168088
 9.8 -0.856857
 9.9 -0.396106
 10.0 -0.137833
 10.1 -0.137833
 10.2 -0.078619
 10.3 -0.003857
 10.4 -0.000914
 10.5 -0.065000
 10.6 -0.180500
 10.7 -0.180500
 10.8 -0.240558
 10.9 -0.282213
 11.0 -0.995400
 11.1 -1.660500
 11.2 -1.660500

ALA 10
 0.0 2.000000
 0.1 2.000000
 0.2 2.000000
 0.3 2.000000
 0.4 2.000000
 0.5 2.000000
 0.6 2.000000
 0.7 2.000000
 0.8 2.000000
 0.9 2.000000
 1.0 2.000000
 1.1 2.000000
 1.2 2.000000
 1.3 2.000000
 1.4 2.000000
 1.5 2.000000
 1.6 2.000000
 1.7 2.000000
 1.8 2.000000
 1.9 2.000000
 2.0 2.000000
 2.1 2.000000
 2.2 2.000000
 2.3 2.000000
 2.4 2.000000
 2.5 2.000000
 2.6 2.000000
 2.7 2.000000
 2.8 2.000000
 2.9 2.000000
 3.0 2.000000
 3.1 2.000000
 3.2 2.000000
 3.3 2.000000
 3.4 2.000000
 3.5 2.000000
 3.6 1.250000
 3.7 1.250000
 3.8 1.250000
 3.9 0.843750
 4.0 0.600000
 4.1 0.234375
 4.2 0.166667
 4.3 -0.026316
 4.4 -0.917722
 4.5 -1.333333
 4.6 -1.625000
 4.7 -1.800000
 4.8 -1.922680
 4.9 -2.901316
 5.0 -3.000000
 5.1 -3.148148
 5.2 -2.589937
 5.3 -2.342667
 5.4 -1.548722
 5.5 -1.416778
 5.6 -1.416778
 5.7 -1.278703
 5.8 -0.437049
 5.9 -0.177833
 6.0 0.091768
 6.1 0.081028
 6.2 0.063250
 6.3 0.076846
 6.4 0.102658
 6.5 0.492988
 6.6 0.657460
 6.7 1.048410
 6.8 1.164429
 6.9 1.295627
 7.0 1.658500
 7.1 1.658500
 7.2 1.658500
 7.3 1.658500
 7.4 1.658500
 7.5 1.658500
 7.6 1.658500
 7.7 1.658500
 7.8 1.658500
 7.9 1.658500
 8.0 1.658500
 8.1 1.658500
 8.2 1.658500
 8.3 1.658500
 8.4 1.658500
 8.5 1.100000
 8.6 0.833333
 8.7 0.833333
 8.8 0.833333
 8.9 0.833333
 9.0 0.513333
 9.1 -0.833333
 9.2 -1.077273
 9.3 -1.300000
 9.4 -1.289047
 9.5 -1.288273
 9.6 -1.328812
 9.7 -1.172593
 9.8 -0.842714
 9.9 -0.391894
 10.0 -0.137833
 10.1 -0.137833
 10.2 -0.078619
 10.3 0.008286
 10.4 0.003630
 10.5 -0.067536
 10.6 -0.175429
 10.7 -0.175429
 10.8 -0.241087
 10.9 -0.280124
 11.0 -0.979880
 11.1 -1.678500
 11.2 -1.678500

ALA 11
 0.0 2.000000
 0.1 2.000000
 0.2 2.000000
 0.3 2.000000
 0.4 2.000000
 0.5 2.000000
 0.6 2.000000
 0.7 2.000000
 0.8 2.000000
 0.9 2.000000
 1.0 2.000000
 1.1 2.000000
 1.2 2.000000
 1.3 2.000000
 1.4 2.000000
 1.5 2.000000
 1.6 2.000000
 1.7 2.000000
 1.8 2.000000
 1.9 2.000000
 2.0 2.000000
 2.1 2.000000
 2.2 2.000000
 2.3 2.000000
 2.4 2.000000
 2.5 2.000000
 2.6 2.000000
 2.7 2.000000
 2.8 2.000000
 2.9 2.000000
 3.0 2.000000
 3.1 2.000000
 3.2 2.000000
 3.3 2.000000
 3.4 2.000000
 3.5 2.000000
 3.6 1.500000
 3.7 1.500000
 3.8 1.500000
 3.9 1.062500
 4.0 0.800000
 4.1 0.406250
 4.2 0.333333
 4.3 0.157895
 4.4 -0.746835
 4.5 -1.166667
 4.6 -1.468750
 4.7 -1.650000
 4.8 -1.783505
 4.9 -2.828947
 5.0 -2.928571
 5.1 -3.092593
 5.2 -2.480469
 5.3 -2.194444
 5.4 -1.363444
 5.5 -1.268556
 5.6 -1.268556
 5.7 -1.164109
 5.8 -0.491803
 5.9 -0.305231
 6.0 -0.080304
 6.1 -0.052467
 6.2 -0.041103
 6.3 -0.024615
 6.4 0.030525
 6.5 0.444750
 6.6 0.619048
 6.7 1.007872
 6.8 1.126429
 6.9 1.268576
 7.0 1.658500
 7.1 1.658500
 7.2 1.658500
 7.3 1.658500
 7.4 1.658500
 7.5 1.658500
 7.6 1.658500
 7.7 1.658500
 7.8 1.658500
 7.9 1.658500
 8.0 1.658500
 8.1 1.658500
 8.2 1.658500
 8.3 1.658500
 8.4 1.658500
 8.5 1.166667
 8.6 0.900000
 8.7 0.900000
 8.8 0.900000
 8.9 0.900000
 9.0 0.580000
 9.1 -0.800000
 9.2 -1.054545
 9.3 -1.285714
 9.4 -1.294217
 9.5 -1.294818
 9.6 -1.338911
 9.7 -1.204725
 9.8 -0.891857
 9.9 -0.435809
 10.0 -0.166500
 10.1 -0.166500
 10.2 -0.095000
 10.3 0.006286
 10.4 0.007160
 10.5 -0.056107
 10.6 -0.166286
 10.7 -0.166286
 10.8 -0.227567
 10.9 -0.267360
 11.0 -0.967000
 11.1 -1.642750
 11.2 -1.642750

ALA 12
 0.0 2.000000
 0.1 2.000000
 0.2 2.000000
 0.3 2.000000
 0.4 2.000000
 0.5 2.000000
 0.6 2.000000
 0.7 2.000000
 0.8 2.000000
 0.9 2.000000
 1.0 2.000000
 1.1 2.000000
 1.2 2.000000
 1.3 2.000000
 1.4 2.000000
 1.5 2.000000
 1.6 2.000000
 1.7 2.000000
 1.8 2.000000
 1.9 2.000000
 2.0 2.000000
 2.1 2.000000
 2.2 2.000000
 2.3 2.000000
 2.4 2.000000
 2.5 2.000000
 2.6 2.000000
 2.7 2.000000
 2.8 2.000000
 2.9 2.000000
 3.0 2.000000
 3.1 2.000000
 3.2 2.000000
 3.3 2.000000
 3.4 2.000000
 3.5 2.000000
 3.6 1.250000
 3.7 1.250000
 3.8 1.250000
 3.9 0.843750
 4.0 0.600000
 4.1 0.234375
 4.2 0.166667
 4.3 -0.026316
 4.4 -0.981013
 4.5 -1.416667
 4.6 -1.750000
 4.7 -1.950000
 4.8 -2.077320
 4.9 -3.039474
 5.0 -3.142857
 5.1 -3.259259
 5.2 -2.519484
 5.3 -2.287000
 5.4 -1.432806
 5.5 -1.268444
 5.6 -1.268444
 5.7 -1.124922
 5.8 -0.218361
 5.9 -0.123346
 6.0 0.037841
 6.1 0.023159
 6.2 0.017391
 6.3 -0.017923
 6.4 0.057167
 6.5 0.489475
 6.6 0.678690
 6.7 1.091205
 6.8 1.216857
 6.9 1.344203
 7.0 1.700000
 7.1 1.700000
 7.2 1.700000
 7.3 1.700000
 7.4 1.700000
 7.5 1.700000
 7.6 1.700000
 7.7 1.700000
 7.8 1.700000
 7.9 1.700000
 8.0 1.700000
 8.1 1.700000
 8.2 1.700000
 8.3 1.700000
 8.4 1.700000
 8.5 1.225000
 8.6 0.950000
 8.7 0.950000
 8.8 0.950000
 8.9 0.950000
 9.0 0.620000
 9.1 -0.800000
 9.2 -1.054545
 9.3 -1.285714
 9.4 -1.317226
 9.5 -1.319455
 9.6 -1.365743
 9.7 -1.247659
 9.8 -0.955000
 9.9 -0.484681
 10.0 -0.197500
 10.1 -0.197500
 10.2 -0.114857
 10.3 -0.018286
 10.4 -0.012642
 10.5 -0.065036
 10.6 -0.173429
 10.7 -0.173429
 10.8 -0.223596
 10.9 -0.261281
 11.0 -0.961320
 11.1 -1.625000
 11.2 -1.625000

ALA 13
 0.0 2.000000
 0.1 2.000000
 0.2 2.000000
 0.3 2.000000
 0.4 2.000000
 0.5 2.000000
 0.6 2.000000
 0.7 2.000000
 0.8 2.000000
 0.9 2.000000
 1.0 2.000000
 1.1 2.000000
 1.2 2.000000
 1.3 2.000000
 1.4 2.000000
 1.5 2.000000
 1.6 2.000000
 1.7 2.000000
 1.8 2.000000
 1.9 2.000000
 2.0 2.000000
 2.1 2.000000
 2.2 2.000000
 2.3 2.000000
 2.4 2.000000
 2.5 2.000000
 2.6 2.000000
 2.7 2.000000
 2.8 2.000000
 2.9 2.000000
 3.0 2.000000
 3.1 2.000000
 3.2 2.000000
 3.3 2.000000
 3.4 2.000000
 3.5 2.000000
 3.6 1.250000
 3.7 1.250000
 3.8 1.250000
 3.9 0.781250
 4.0 0.500000
 4.1 0.078125
 4.2 0.000000
 4.3 -0.157895
 4.4 -0.905063
 4.5 -1.250000
 4.6 -1.625000
 4.7 -1.850000
 4.8 -1.974227
 4.9 -3.019737
 5.0 -3.142857
 5.1 -3.259259
 5.2 -2.718750
 5.3 -2.444444
 5.4 -1.694444
 5.5 -1.555556
 5.6 -1.555556
 5.7 -1.361984
 5.8 -0.519180
 5.9 -0.275179
 6.0 0.003913
 6.1 0.013701
 6.2 0.011468
 6.3 0.027000
 6.4 0.092567
 6.5 0.510725
 6.6 0.690635
 6.7 1.112590
 6.8 1.238286
 6.9 1.354983
 7.0 1.683500
 7.1 1.683500
 7.2 1.683500
 7.3 1.683500
 7.4 1.683500
 7.5 1.683500
 7.6 1.683500
 7.7 1.683500
 7.8 1.683500
 7.9 1.683500
 8.0 1.683500
 8.1 1.683500
 8.2 1.683500
 8.3 1.683500
 8.4 1.683500
 8.5 1.225000
 8.6 0.950000
 8.7 0.950000
 8.8 0.950000
 8.9 0.950000
 9.0 0.620000
 9.1 -0.766667
 9.2 -1.025000
 9.3 -1.257143
 9.4 -1.298358
 9.5 -1.301273
 9.6 -1.348911
 9.7 -1.233407
 9.8 -0.944857
 9.9 -0.474170
 10.0 -0.197667
 10.1 -0.197667
 10.2 -0.125238
 10.3 -0.008143
 10.4 -0.009802
 10.5 -0.068080
 10.6 -0.165214
 10.7 -0.165214
 10.8 -0.224913
 10.9 -0.260124
 11.0 -0.920140
 11.1 -1.607250
 11.2 -1.607250

ALA 14
 0.0 2.000000
 0.1 2.000000
 0.2 2.000000
 0.3 2.000000
 0.4 2.000000
 0.5 2.000000
 0.6 2.000000
 0.7 2.000000
 0.8 2.000000
 0.9 2.000000
 1.0 2.000000
 1.1 2.000000
 1.2 2.000000
 1.3 2.000000
 1.4 2.000000
 1.5 2.000000
 1.6 2.000000
 1.7 2.000000
 1.8 2.000000
 1.9 2.000000
 2.0 2.000000
 2.1 2.000000
 2.2 2.000000
 2.3 2.000000
 2.4 2.000000
 2.5 2.000000
 2.6 2.000000
 2.7 2.000000
 2.8 2.000000
 2.9 2.000000
 3.0 2.000000
 3.1 2.000000
 3.2 2.000000
 3.3 2.000000
 3.4 2.000000
 3.5 2.000000
 3.6 1.500000
 3.7 1.500000
 3.8 1.500000
 3.9 1.000000
 4.0 0.700000
 4.1 0.250000
 4.2 0.166667
 4.3 0.026316
 4.4 -0.791139
 4.5 -1.166667
 4.6 -1.500000
 4.7 -1.700000
 4.8 -1.829897
 4.9 -2.828947
 5.0 -2.928571
 5.1 -3.055556
 5.2 -2.554641
 5.3 -2.259222
 5.4 -1.476806
 5.5 -1.314778
 5.6 -1.314778
 5.7 -1.085922
 5.8 -0.300492
 5.9 -0.196615
 6.0 -0.032899
 6.1 -0.027794
 6.2 -0.020936
 6.3 -0.038615
 6.4 0.037433
 6.5 0.448088
 6.6 0.627619
 6.7 1.015026
 6.8 1.133429
 6.9 1.255390
 7.0 1.591500
 7.1 1.591500
 7.2 1.591500
 7.3 1.591500
 7.4 1.591500
 7.5 1.591500
 7.6 1.591500
 7.7 1.591500
 7.8 1.591500
 7.9 1.591500
 8.0 1.591500
 8.1 1.591500
 8.2 1.591500
 8.3 1.591500
 8.4 1.591500
 8.5 1.208333
 8.6 0.950000
 8.7 0.950000
 8.8 0.950000
 8.9 0.950000
 9.0 0.640000
 9.1 -0.700000
 9.2 -0.954545
 9.3 -1.185714
 9.4 -1.248811
 9.5 -1.253273
 9.6 -1.302574
 9.7 -1.198385
 9.8 -0.926429
 9.9 -0.442298
 10.0 -0.156833
 10.1 -0.156833
 10.2 -0.081333
 10.3 0.004286
 10.4 0.004395
 10.5 -0.056054
 10.6 -0.159143
 10.7 -0.159143
 10.8 -0.211808
 10.9 -0.248157
 11.0 -0.910100
 11.1 -1.553750
 11.2 -1.553750

ALA 15
 0.0 2.000000
 0.1 2.000000
 0.2 2.000000
 0.3 2.000000
 0.4 2.000000
 0.5 2.000000
 0.6 2.000000
 0.7 2.000000
 0.8 2.000000
 0.9 2.000000
 1.0 2.000000
 1.1 2.000000
 1.2 2.000000
 1.3 2.000000
 1.4 2.000000
 1.5 2.000000
 1.6 2.000000
 1.7 2.000000
 1.8 2.000000
 1.9 2.000000
 2.0 2.000000
 2.1 2.000000
 2.2 2.000000
 2.3 2.000000
 2.4 2.000000
 2.5 2.000000
 2.6 2.000000
 2.7 2.000000
 2.8 2.000000
 2.9 2.000000
 3.0 2.000000
 3.1 2.000000
 3.2 2.000000
 3.3 2.000000
 3.4 2.000000
 3.5 2.000000
 3.6 1.500000
 3.7 1.500000
 3.8 1.500000
 3.9 1.062500
 4.0 0.800000
 4.1 0.406250
 4.2 0.333333
 4.3 0.157895
 4.4 -0.810127
 4.5 -1.250000
 4.6 -1.562500
 4.7 -1.750000
 4.8 -1.886598
 4.9 -2.901316
 5.0 -3.000000
 5.1 -3.148148
 5.2 -2.687500
 5.3 -2.388889
 5.4 -1.648167
 5.5 -1.546333
 5.6 -1.546333
 5.7 -1.367234
 5.8 -0.532787
 5.9 -0.254551
 6.0 0.068580
 6.1 0.049178
 6.2 0.035853
 6.3 0.030692
 6.4 0.078725
 6.5 0.472037
 6.6 0.644127
 6.7 1.038000
 6.8 1.154714
 6.9 1.270542
 7.0 1.591500
 7.1 1.591500
 7.2 1.591500
 7.3 1.591500
 7.4 1.591500
 7.5 1.591500
 7.6 1.591500
 7.7 1.591500
 7.8 1.591500
 7.9 1.591500
 8.0 1.591500
 8.1 1.591500
 8.2 1.591500
 8.3 1.591500
 8.4 1.591500
 8.5 1.250000
 8.6 1.000000
 8.7 1.000000
 8.8 1.000000
 8.9 1.000000
 9.0 0.700000
 9.1 -0.633333
 9.2 -0.875000
 9.3 -1.100000
 9.4 -1.200698
 9.5 -1.207818
 9.6 -1.259010
 9.7 -1.177505
 9.8 -0.940714
 9.9 -0.452043
 10.0 -0.171167
 10.1 -0.171167
 10.2 -0.101810
 10.3 0.000143
 10.4 0.000840
 10.5 -0.056652
 10.6 -0.156071
 10.7 -0.156071
 10.8 -0.212606
 10.9 -0.248775
 11.0 -0.891640
 11.1 -1.536000
 11.2 -1.536000

ALA 16
 0.0 2.000000
 0.1 2.000000
 0.2 2.000000
 0.3 2.000000
 0.4 2.000000
 0.5 2.000000
 0.6 2.000000
 0.7 2.000000
 0.8 2.000000
 0.9 2.000000
 1.0 2.000000
 1.1 2.000000
 1.2 2.000000
 1.3 2.000000
 1.4 2.000000
 1.5 2.000000
 1.6 2.000000
 1.7 2.000000
 1.8 2.000000
 1.9 2.000000
 2.0 2.000000
 2.1 2.000000
 2.2 2.000000
 2.3 2.000000
 2.4 2.000000
 2.5 2.000000
 2.6 2.000000
 2.7 2.000000
 2.8 2.000000
 2.9 2.000000
 3.0 2.000000
 3.1 2.000000
 3.2 2.000000
 3.3 2.000000
 3.4 2.000000
 3.5 2.000000
 3.6 1.500000
 3.7 1.500000
 3.8 1.500000
 3.9 1.125000
 4.0 0.900000
 4.1 0.562500
 4.2 0.500000
 4.3 0.289474
 4.4 -0.708861
 4.5 -1.166667
 4.6 -1.468750
 4.7 -1.650000
 4.8 -1.788660
 4.9 -2.888158
 5.0 -3.000000
 5.1 -3.185185
 5.2 -2.683641
 5.3 -2.379667
 5.4 -1.544028
 5.5 -1.435222
 5.6 -1.435222
 5.7 -1.294266
 5.8 -0.573607
 5.9 -0.302397
 6.0 -0.024928
 6.1 -0.006748
 6.2 -0.003462
 6.3 0.034615
 6.4 0.059992
 6.5 0.439962
 6.6 0.599167
 6.7 0.967051
 6.8 1.076143
 6.9 1.214610
 7.0 1.591500
 7.1 1.591500
 7.2 1.591500
 7.3 1.591500
 7.4 1.591500
 7.5 1.591500
 7.6 1.591500
 7.7 1.591500
 7.8 1.591500
 7.9 1.591500
 8.0 1.591500
 8.1 1.591500
 8.2 1.591500
 8.3 1.591500
 8.4 1.591500
 8.5 1.258333
 8.6 1.016667
 8.7 1.016667
 8.8 1.016667
 8.9 1.016667
 9.0 0.726667
 9.1 -0.600000
 9.2 -0.836364
 9.3 -1.057143
 9.4 -1.180887
 9.5 -1.189636
 9.6 -1.242178
 9.7 -1.172011
 9.8 -0.955000
 9.9 -0.456298
 10.0 -0.171167
 10.1 -0.171167
 10.2 -0.101810
 10.3 -0.012000
 10.4 -0.010025
 10.5 -0.063679
 10.6 -0.158143
 10.7 -0.158143
 10.8 -0.208038
 10.9 -0.242315
 11.0 -0.873080
 11.1 -1.518000
 11.2 -1.518000

ALA 17
 0.0 2.000000
 0.1 2.000000
 0.2 2.000000
 0.3 2.000000
 0.4 2.000000
 0.5 2.000000
 0.6 2.000000
 0.7 2.000000
 0.8 2.000000
 0.9 2.000000
 1.0 2.000000
 1.1 2.000000
 1.2 2.000000
 1.3 2.000000
 1.4 2.000000
 1.5 2.000000
 1.6 2.000000
 1.7 2.000000
 1.8 2.000000
 1.9 2.000000
 2.0 2.000000
 2.1 2.000000
 2.2 2.000000
 2.3 2.000000
 2.4 2.000000
 2.5 2.000000
 2.6 2.000000
 2.7 2.000000
 2.8 2.000000
 2.9 2.000000
 3.0 2.000000
 3.1 2.000000
 3.2 2.000000
 3.3 2.000000
 3.4 2.000000
 3.5 2.000000
 3.6 1.500000
 3.7 1.500000
 3.8 1.500000
 3.9 1.125000
 4.0 0.900000
 4.1 0.562500
 4.2 0.500000
 4.3 0.289474
 4.4 -0.702532
 4.5 -1.166667
 4.6 -1.468750
 4.7 -1.650000
 4.8 -1.778351
 4.9 -2.763158
 5.0 -2.857143
 5.1 -3.000000
 5.2 -2.437500
 5.3 -2.166667
 5.4 -1.425944
 5.5 -1.351889
 5.6 -1.351889
 5.7 -1.244844
 5.8 -0.519180
 5.9 -0.299564
 6.0 -0.025058
 6.1 -0.019252
 6.2 -0.013526
 6.3 -0.016615
 6.4 0.045742
 6.5 0.449375
 6.6 0.625635
 6.7 1.009359
 6.8 1.126143
 6.9 1.250203
 7.0 1.591500
 7.1 1.591500
 7.2 1.591500
 7.3 1.591500
 7.4 1.591500
 7.5 1.591500
 7.6 1.591500
 7.7 1.591500
 7.8 1.591500
 7.9 1.591500
 8.0 1.591500
 8.1 1.591500
 8.2 1.591500
 8.3 1.591500
 8.4 1.591500
 8.5 1.208333
 8.6 0.983333
 8.7 0.983333
 8.8 0.983333
 8.9 0.983333
 9.0 0.713333
 9.1 -0.633333
 9.2 -0.859091
 9.3 -1.071429
 9.4 -1.179368
 9.5 -1.187000
 9.6 -1.236337
 9.7 -1.150143
 9.8 -0.922286
 9.9 -0.424043
 10.0 -0.140167
 10.1 -0.140167
 10.2 -0.071810
 10.3 0.002286
 10.4 0.005136
 10.5 -0.059205
 10.6 -0.165214
 10.7 -0.165214
 10.8 -0.218769
 10.9 -0.258382
 11.0 -0.907160
 11.1 -1.518000
 11.2 -1.518000

ALA 18
 0.0 2.000000
 0.1 2.000000
 0.2 2.000000
 0.3 2.000000
 0.4 2.000000
 0.5 2.000000
 0.6 2.000000
 0.7 2.000000
 0.8 2.000000
 0.9 2.000000
 1.0 2.000000
 1.1 2.000000
 1.2 2.000000
 1.3 2.000000
 1.4 2.000000
 1.5 2.000000
 1.6 2.000000
 1.7 2.000000
 1.8 2.000000
 1.9 2.000000
 2.0 2.000000
 2.1 2.000000
 2.2 2.000000
 2.3 2.000000
 2.4 2.000000
 2.5 2.000000
 2.6 2.000000
 2.7 2.000000
 2.8 2.000000
 2.9 2.000000
 3.0 2.000000
 3.1 2.000000
 3.2 2.000000
 3.3 2.000000
 3.4 2.000000
 3.5 2.000000
 3.6 1.500000
 3.7 1.500000
 3.8 1.500000
 3.9 1.062500
 4.0 0.800000
 4.1 0.406250
 4.2 0.333333
 4.3 0.105263
 4.4 -0.873418
 4.5 -1.333333
 4.6 -1.625000
 4.7 -1.800000
 4.8 -1.922680
 4.9 -2.901316
 5.0 -3.000000
 5.1 -3.148148
 5.2 -2.476562
 5.3 -2.222222
 5.4 -1.416667
 5.5 -1.333333
 5.6 -1.333333
 5.7 -1.249984
 5.8 -0.409672
 5.9 -0.205000
 6.0 0.069696
 6.1 0.031196
 6.2 0.020000
 6.3 -0.014154
 6.4 0.012417
 6.5 0.416625
 6.6 0.592579
 6.7 0.962821
 6.8 1.071429
 6.9 1.229424
 7.0 1.658500
 7.1 1.658500
 7.2 1.658500
 7.3 1.658500
 7.4 1.658500
 7.5 1.658500
 7.6 1.658500
 7.7 1.658500
 7.8 1.658500
 7.9 1.658500
 8.0 1.658500
 8.1 1.658500
 8.2 1.658500
 8.3 1.658500
 8.4 1.658500
 8.5 1.175000
 8.6 0.950000
 8.7 0.950000
 8.8 0.950000
 8.9 0.950000
 9.0 0.680000
 9.1 -0.666667
 9.2 -0.897727
 9.3 -1.114286
 9.4 -1.204019
 9.5 -1.210364
 9.6 -1.258812
 9.7 -1.156440
 9.8 -0.906000
 9.9 -0.417191
 10.0 -0.154667
 10.1 -0.154667
 10.2 -0.102667
 10.3 -0.002143
 10.4 -0.001506
 10.5 -0.057482
 10.6 -0.160286
 10.7 -0.160286
 10.8 -0.223125
 10.9 -0.260236
 11.0 -0.915780
 11.1 -1.571500
 11.2 -1.571500

ALA 19
 0.0 2.000000
 0.1 2.000000
 0.2 2.000000
 0.3 2.000000
 0.4 2.000000
 0.5 2.000000
 0.6 2.000000
 0.7 2.000000
 0.8 2.000000
 0.9 2.000000
 1.0 2.000000
 1.1 2.000000
 1.2 2.000000
 1.3 2.000000
 1.4 2.000000
 1.5 2.000000
 1.6 2.000000
 1.7 2.000000
 1.8 2.000000
 1.9 2.000000
 2.0 2.000000
 2.1 2.000000
 2.2 2.000000
 2.3 2.000000
 2.4 2.000000
 2.5 2.000000
 2.6 2.000000
 2.7 2.000000
 2.8 2.000000
 2.9 2.000000
 3.0 2.000000
 3.1 2.000000
 3.2 2.000000
 3.3 2.000000
 3.4 2.000000
 3.5 2.000000
 3.6 1.500000
 3.7 1.500000
 3.8 1.500000
 3.9 1.062500
 4.0 0.800000
 4.1 0.406250
 4.2 0.333333
 4.3 0.052632
 4.4 -0.936709
 4.5 -1.416667
 4.6 -1.687500
 4.7 -1.850000
 4.8 -1.958763
 4.9 -2.901316
 5.0 -3.000000
 5.1 -3.148148
 5.2 -2.468656
 5.3 -2.185111
 5.4 -1.393444
 5.5 -1.342556
 5.6 -1.342556
 5.7 -1.278687
 5.8 -0.614918
 5.9 -0.341859
 6.0 -0.041754
 6.1 -0.022000
 6.2 -0.011814
 6.3 0.011385
 6.4 0.057267
 6.5 0.465625
 6.6 0.641587
 6.7 1.027513
 6.8 1.145429
 6.9 1.282102
 7.0 1.658500
 7.1 1.658500
 7.2 1.658500
 7.3 1.658500
 7.4 1.658500
 7.5 1.658500
 7.6 1.658500
 7.7 1.658500
 7.8 1.658500
 7.9 1.658500
 8.0 1.658500
 8.1 1.658500
 8.2 1.658500
 8.3 1.658500
 8.4 1.658500
 8.5 1.200000
 8.6 0.966667
 8.7 0.966667
 8.8 0.966667
 8.9 0.966667
 9.0 0.686667
 9.1 -0.633333
 9.2 -0.890909
 9.3 -1.128571
 9.4 -1.213453
 9.5 -1.219455
 9.6 -1.271683
 9.7 -1.180692
 9.8 -0.920429
 9.9 -0.427702
 10.0 -0.142833
 10.1 -0.142833
 10.2 -0.071333
 10.3 0.002000
 10.4 -0.000099
 10.5 -0.074170
 10.6 -0.180786
 10.7 -0.180786
 10.8 -0.238346
 10.9 -0.278315
 11.0 -0.951440
 11.1 -1.607000
 11.2 -1.607000

ALA 20
 0.0 2.000000
 0.1 2.000000
 0.2 2.000000
 0.3 2.000000
 0.4 2.000000
 0.5 2.000000
 0.6 2.000000
 0.7 2.000000
 0.8 2.000000
 0.9 2.000000
 1.0 2.000000
 1.1 2.000000
 1.2 2.000000
 1.3 2.000000
 1.4 2.000000
 1.5 2.000000
 1.6 2.000000
 1.7 2.000000
 1.8 2.000000
 1.9 2.000000
 2.0 2.000000
 2.1 2.000000
 2.2 2.000000
 2.3 2.000000
 2.4 2.000000
 2.5 2.000000
 2.6 2.000000
 2.7 2.000000
 2.8 2.000000
 2.9 2.000000
 3.0 2.000000
 3.1 2.000000
 3.2 2.000000
 3.3 2.000000
 3.4 2.000000
 3.5 2.000000
 3.6 1.500000
 3.7 1.500000
 3.8 1.500000
 3.9 1.125000
 4.0 0.900000
 4.1 0.562500
 4.2 0.500000
 4.3 0.236842
 4.4 -0.829114
 4.5 -1.333333
 4.6 -1.593750
 4.7 -1.750000
 4.8 -1.871134
 4.9 -2.835526
 5.0 -2.928571
 5.1 -3.092593
 5.2 -2.456984
 5.3 -2.175889
 5.4 -1.303194
 5.5 -1.175889
 5.6 -1.175889
 5.7 -1.044250
 5.8 -0.273115
 5.9 -0.159744
 6.0 0.016551
 6.1 0.011907
 6.2 0.010763
 6.3 -0.012769
 6.4 0.037667
 6.5 0.445862
 6.6 0.619087
 6.7 0.993615
 6.8 1.107143
 6.9 1.254847
 7.0 1.658500
 7.1 1.658500
 7.2 1.658500
 7.3 1.658500
 7.4 1.658500
 7.5 1.658500
 7.6 1.658500
 7.7 1.658500
 7.8 1.658500
 7.9 1.658500
 8.0 1.658500
 8.1 1.658500
 8.2 1.658500
 8.3 1.658500
 8.4 1.658500
 8.5 1.191667
 8.6 0.950000
 8.7 0.950000
 8.8 0.950000
 8.9 0.950000
 9.0 0.660000
 9.1 -0.666667
 9.2 -0.929545
 9.3 -1.171429
 9.4 -1.227236
 9.5 -1.231182
 9.6 -1.281485
 9.7 -1.178385
 9.8 -0.896000
 9.9 -0.419532
 10.0 -0.140500
 10.1 -0.140500
 10.2 -0.068000
 10.3 0.047000
 10.4 0.054111
 10.5 0.010643
 10.6 -0.080786
 10.7 -0.080786
 10.8 -0.129779
 10.9 -0.163966
 11.0 -0.760000
 11.1 -1.357000
 11.2 -1.357000

ALA 21
 0.0 2.000000
 0.1 2.000000
 0.2 2.000000
 0.3 2.000000
 0.4 2.000000
 0.5 2.000000
 0.6 2.000000
 0.7 2.000000
 0.8 2.000000
 0.9 2.000000
 1.0 2.000000
 1.1 2.000000
 1.2 2.000000
 1.3 2.000000
 1.4 2.000000
 1.5 2.000000
 1.6 2.000000
 1.7 2.000000
 1.8 2.000000
 1.9 2.000000
 2.0 2.000000
 2.1 2.000000
 2.2 2.000000
 2.3 2.000000
 2.4 2.000000
 2.5 2.000000
 2.6 2.000000
 2.7 2.000000
 2.8 2.000000
 2.9 2.000000
 3.0 2.000000
 3.1 2.000000
 3.2 2.000000
 3.3 2.000000
 3.4 2.000000
 3.5 2.000000
 3.6 1.500000
 3.7 1.500000
 3.8 1.500000
 3.9 1.125000
 4.0 0.900000
 4.1 0.562500
 4.2 0.500000
 4.3 0.289474
 4.4 -0.765823
 4.5 -1.250000
 4.6 -1.531250
 4.7 -1.700000
 4.8 -1.835052
 4.9 -2.835526
 5.0 -2.928571
 5.1 -3.092593
 5.2 -2.593703
 5.3 -2.314778
 5.4 -1.532361
 5.5 -1.425889
 5.6 -1.425889
 5.7 -1.289047
 5.8 -0.546393
 5.9 -0.296462
 6.0 -0.017232
 6.1 -0.010467
 6.2 -0.012968
 6.3 0.010308
 6.4 0.053608
 6.5 0.465012
 6.6 0.638889
 6.7 1.047897
 6.8 1.166714
 6.9 1.304034
 7.0 1.683500
 7.1 1.683500
 7.2 1.683500
 7.3 1.683500
 7.4 1.683500
 7.5 1.683500
 7.6 1.683500
 7.7 1.683500
 7.8 1.683500
 7.9 1.683500
 8.0 1.683500
 8.1 1.683500
 8.2 1.683500
 8.3 1.683500
 8.4 1.683500
 8.5 1.141667
 8.6 0.883333
 8.7 0.883333
 8.8 0.883333
 8.9 0.883333
 9.0 0.573333
 9.1 -0.766667
 9.2 -1.022727
 9.3 -1.257143
 9.4 -1.278830
 9.5 -1.280364
 9.6 -1.326139
 9.7 -1.215846
 9.8 -0.924286
 9.9 -0.505468
 10.0 -0.271500
 10.1 -0.271500
 10.2 -0.218429
 10.3 -0.055143
 10.4 -0.033568
 10.5 -0.020884
 10.6 -0.088857
 10.7 -0.088857
 10.8 -0.124548
 10.9 -0.147449
 11.0 -0.630760
 11.1 -1.142500
 11.2 -1.142500

ALA 22
 0.0 2.000000
 0.1 2.000000
 0.2 2.000000
 0.3 2.000000
 0.4 2.000000
 0.5 2.000000
 0.6 2.000000
 0.7 2.000000
 0.8 2.000000
 0.9 2.000000
 1.0 2.000000
 1.1 2.000000
 1.2 2.000000
 1.3 2.000000
 1.4 2.000000
 1.5 2.000000
 1.6 2.000000
 1.7 2.000000
 1.8 2.000000
 1.9 2.000000
 2.0 2.000000
 2.1 2.000000
 2.2 2.000000
 2.3 2.000000
 2.4 2.000000
 2.5 2.000000
 2.6 2.000000
 2.7 2.000000
 2.8 2.000000
 2.9 2.000000
 3.0 2.000000
 3.1 2.000000
 3.2 2.000000
 3.3 2.000000
 3.4 2.000000
 3.5 2.000000
 3.6 1.250000
 3.7 1.250000
 3.8 1.250000
 3.9 0.843750
 4.0 0.600000
 4.1 0.234375
 4.2 0.166667
 4.3 -0.026316
 4.4 -0.917722
 4.5 -1.333333
 4.6 -1.656250
 4.7 -1.850000
 4.8 -1.974227
 4.9 -2.967105
 5.0 -3.071429
 5.1 -3.203704
 5.2 -2.441406
 5.3 -2.194444
 5.4 -1.293944
 5.5 -1.129556
 5.6 -1.129556
 5.7 -1.007688
 5.8 -0.286557
 5.9 -0.184987
 6.0 -0.070261
 6.1 -0.052486
 6.2 -0.039269
 6.3 -0.021846
 6.4 0.009492
 6.5 0.424738
 6.6 0.599802
 6.7 0.975667
 6.8 1.088143
 6.9 1.254881
 7.0 1.708500
 7.1 1.708500
 7.2 1.708500
 7.3 1.708500
 7.4 1.708500
 7.5 1.708500
 7.6 1.708500
 7.7 1.708500
 7.8 1.708500
 7.9 1.708500
 8.0 1.708500
 8.1 1.708500
 8.2 1.708500
 8.3 1.708500
 8.4 1.708500
 8.5 1.225000
 8.6 0.983333
 8.7 0.983333
 8.8 0.983333
 8.9 0.983333
 9.0 0.693333
 9.1 -0.500000
 9.2 -0.740909
 9.3 -0.957143
 9.4 -0.982566
 9.5 -0.984364
 9.6 -1.027525
 9.7 -0.953484
 9.8 -0.709857
 9.9 -0.373681
 10.0 -0.190000
 10.1 -0.190000
 10.2 -0.151286
 10.3 -0.014286
 10.4 -0.002827
 10.5 0.000223
 10.6 -0.054071
 10.7 -0.054071
 10.8 -0.090010
 10.9 -0.107910
 11.0 -0.499220
 11.1 -0.928250
 11.2 -0.928250

ALA 23
 0.0 2.000000
 0.1 2.000000
 0.2 2.000000
 0.3 2.000000
 0.4 2.000000
 0.5 2.000000
 0.6 2.000000
 0.7 2.000000
 0.8 2.000000
 0.9 2.000000
 1.0 2.000000
 1.1 2.000000
 1.2 2.000000
 1.3 2.000000
 1.4 2.000000
 1.5 2.000000
 1.6 2.000000
 1.7 2.000000
 1.8 2.000000
 1.9 2.000000
 2.0 2.000000
 2.1 2.000000
 2.2 2.000000
 2.3 2.000000
 2.4 2.000000
 2.5 2.000000
 2.6 2.000000
 2.7 2.000000
 2.8 2.000000
 2.9 2.000000
 3.0 2.000000
 3.1 2.000000
 3.2 2.000000
 3.3 2.000000
 3.4 2.000000
 3.5 2.000000
 3.6 1.250000
 3.7 1.250000
 3.8 1.250000
 3.9 0.906250
 4.0 0.700000
 4.1 0.390625
 4.2 0.333333
 4.3 0.105263
 4.4 -1.000000
 4.5 -1.500000
 4.6 -1.750000
 4.7 -1.900000
 4.8 -2.030928
 4.9 -2.980263
 5.0 -3.071429
 5.1 -3.240741
 5.2 -2.609281
 5.3 -2.351778
 5.4 -1.425833
 5.5 -1.240667
 5.6 -1.240667
 5.7 -1.083297
 5.8 -0.245738
 5.9 -0.134256
 6.0 -0.016957
 6.1 -0.019589
 6.2 -0.001141
 6.3 -0.000923
 6.4 0.034033
 6.5 0.384337
 6.6 0.546063
 6.7 0.854308
 6.8 0.950000
 6.9 1.072271
 7.0 1.416500
 7.1 1.416500
 7.2 1.416500
 7.3 1.416500
 7.4 1.416500
 7.5 1.416500
 7.6 1.416500
 7.7 1.416500
 7.8 1.416500
 7.9 1.416500
 8.0 1.416500
 8.1 1.416500
 8.2 1.416500
 8.3 1.416500
 8.4 1.416500
 8.5 1.008333
 8.6 0.816667
 8.7 0.816667
 8.8 0.816667
 8.9 0.816667
 9.0 0.586667
 9.1 -0.333333
 9.2 -0.527273
 9.3 -0.700000
 9.4 -0.712057
 9.5 -0.712909
 9.6 -0.746733
 9.7 -0.688209
 9.8 -0.491857
 9.9 -0.241809
 10.0 -0.109667
 10.1 -0.109667
 10.2 -0.085095
 10.3 0.026857
 10.4 0.031642
 10.5 0.025893
 10.6 -0.019286
 10.7 -0.019286
 10.8 -0.055817
 10.9 -0.071169
 11.0 -0.379580
 11.1 -0.714750
 11.2 -0.714750

ALA 24
 0.0 2.000000
 0.1 2.000000
 0.2 2.000000
 0.3 2.000000
 0.4 2.000000
 0.5 2.000000
 0.6 2.000000
 0.7 2.000000
 0.8 2.000000
 0.9 2.000000
 1.0 2.000000
 1.1 2.000000
 1.2 2.000000
 1.3 2.000000
 1.4 2.000000
 1.5 2.000000
 1.6 2.000000
 1.7 2.000000
 1.8 2.000000
 1.9 2.000000
 2.0 2.000000
 2.1 2.000000
 2.2 2.000000
 2.3 2.000000
 2.4 2.000000
 2.5 2.000000
 2.6 2.000000
 2.7 2.000000
 2.8 2.000000
 2.9 2.000000
 3.0 2.000000
 3.1 2.000000
 3.2 2.000000
 3.3 2.000000
 3.4 2.000000
 3.5 2.000000
 3.6 1.500000
 3.7 1.500000
 3.8 1.500000
 3.9 1.062500
 4.0 0.800000
 4.1 0.406250
 4.2 0.333333
 4.3 0.105263
 4.4 -0.696203
 4.5 -1.083333
 4.6 -1.281250
 4.7 -1.400000
 4.8 -1.484536
 4.9 -2.210526
 5.0 -2.285714
 5.1 -2.407407
 5.2 -1.800875
 5.3 -1.564889
 5.4 -0.826500
 5.5 -0.722333
 5.6 -0.722333
 5.7 -0.617250
 5.8 0.046623
 5.9 0.129064
 6.0 0.261101
 6.1 0.217682
 6.2 0.192256
 6.3 0.144692
 6.4 0.137267
 6.5 0.360700
 6.6 0.452817
 6.7 0.645333
 6.8 0.704857
 6.9 0.811966
 7.0 1.108500
 7.1 1.108500
 7.2 1.108500
 7.3 1.108500
 7.4 1.108500
 7.5 1.108500
 7.6 1.108500
 7.7 1.108500
 7.8 1.108500
 7.9 1.108500
 8.0 1.108500
 8.1 1.108500
 8.2 1.108500
 8.3 1.108500
 8.4 1.108500
 8.5 0.758333
 8.6 0.616667
 8.7 0.616667
 8.8 0.616667
 8.9 0.616667
 9.0 0.446667
 9.1 -0.233333
 9.2 -0.359091
 9.3 -0.471429
 9.4 -0.462962
 9.5 -0.462364
 9.6 -0.482772
 9.7 -0.425846
 9.8 -0.277429
 9.9 -0.115638
 10.0 -0.042833
 10.1 -0.042833
 10.2 -0.038905
 10.3 0.053000
 10.4 0.055370
 10.5 0.053902
 10.6 0.024571
 10.7 0.024571
 10.8 -0.007769
 10.9 -0.018090
 11.0 -0.229480
 11.1 -0.482500
 11.2 -0.482500

ALA 25
 0.0 2.000000
 0.1 2.000000
 0.2 2.000000
 0.3 2.000000
 0.4 2.000000
 0.5 2.000000
 0.6 2.000000
 0.7 2.000000
 0.8 2.000000
 0.9 2.000000
 1.0 2.000000
 1.1 2.000000
 1.2 2.000000
 1.3 2.000000
 1.4 2.000000
 1.5 2.000000
 1.6 2.000000
 1.7 2.000000
 1.8 2.000000
 1.9 2.000000
 2.0 2.000000
 2.1 2.000000
 2.2 2.000000
 2.3 2.000000
 2.4 2.000000
 2.5 2.000000
 2.6 2.000000
 2.7 2.000000
 2.8 2.000000
 2.9 2.000000
 3.0 2.000000
 3.1 2.000000
 3.2 2.000000
 3.3 2.000000
 3.4 2.000000
 3.5 2.000000
 3.6 1.500000
 3.7 1.500000
 3.8 1.500000
 3.9 1.000000
 4.0 0.700000
 4.1 0.250000
 4.2 0.166667
 4.3 -0.078947
 4.4 -0.867089
 4.5 -1.250000
 4.6 -1.437500
 4.7 -1.550000
 4.8 -1.628866
 4.9 -2.348684
 5.0 -2.428571
 5.1 -2.555556
 5.2 -2.239938
 5.3 -2.111556
 5.4 -1.491333
 5.5 -1.315333
 5.6 -1.315333
 5.7 -1.182750
 5.8 -0.470393
 5.9 -0.369897
 6.0 -0.256261
 6.1 -0.162804
 6.2 -0.070526
 6.3 -0.003692
 6.4 0.069450
 6.5 0.266175
 6.6 0.366746
 6.7 0.510821
 6.8 0.554857
 6.9 0.612508
 7.0 0.775000
 7.1 0.775000
 7.2 0.775000
 7.3 0.775000
 7.4 0.775000
 7.5 0.775000
 7.6 0.775000
 7.7 0.775000
 7.8 0.775000
 7.9 0.775000
 8.0 0.775000
 8.1 0.775000
 8.2 0.775000
 8.3 0.775000
 8.4 0.775000
 8.5 0.516667
 8.6 0.433333
 8.7 0.433333
 8.8 0.433333
 8.9 0.433333
 9.0 0.333333
 9.1 -0.100000
 9.2 -0.168182
 9.3 -0.228571
 9.4 -0.210292
 9.5 -0.209000
 9.6 -0.218713
 9.7 -0.171451
 9.8 -0.073571
 9.9 0.016617
 10.0 0.049500
 10.1 0.049500
 10.2 0.044429
 10.3 0.091571
 10.4 0.089741
 10.5 0.077991
 10.6 0.058143
 10.7 0.058143
 10.8 0.032577
 10.9 0.024112
 11.0 -0.095060
 11.1 -0.232250
 11.2 -0.232250

ALA 26
 0.0 0.000000
 0.1 0.000000
 0.2 0.000000
 0.3 0.000000
 0.4 0.000000
 0.5 0.000000
 0.6 0.000000
 0.7 0.000000
 0.8 0.000000
 0.9 0.000000
 1.0 0.000000
 1.1 0.000000
 1.2 0.000000
 1.3 0.000000
 1.4 0.000000
 1.5 0.000000
 1.6 0.000000
 1.7 0.000000
 1.8 0.000000
 1.9 0.000000
 2.0 0.000000
 2.1 0.000000
 2.2 0.000000
 2.3 0.000000
 2.4 0.000000
 2.5 0.000000
 2.6 0.000000
 2.7 0.000000
 2.8 0.000000
 2.9 0.000000
 3.0 0.000000
 3.1 0.000000
 3.2 0.000000
 3.3 0.000000
 3.4 0.000000
 3.5 0.000000
 3.6 0.000000
 3.7 0.000000
 3.8 0.000000
 3.9 0.000000
 4.0 0.000000
 4.1 0.000000
 4.2 0.000000
 4.3 0.000000
 4.4 0.000000
 4.5 0.000000
 4.6 0.000000
 4.7 0.000000
 4.8 0.000000
 4.9 0.000000
 5.0 0.000000
 5.1 0.000000
 5.2 0.000000
 5.3 0.000000
 5.4 0.000000
 5.5 0.000000
 5.6 0.000000
 5.7 0.000000
 5.8 0.000000
 5.9 0.000000
 6.0 0.000000
 6.1 0.000000
 6.2 0.000000
 6.3 0.000000
 6.4 0.000000
 6.5 0.000000
 6.6 0.000000
 6.7 0.000000
 6.8 0.000000
 6.9 0.000000
 7.0 0.000000
 7.1 0.000000
 7.2 0.000000
 7.3 0.000000
 7.4 0.000000
 7.5 0.000000
 7.6 0.000000
 7.7 0.000000
 7.8 0.000000
 7.9 0.000000
 8.0 0.000000
 8.1 0.000000
 8.2 0.000000
 8.3 0.000000
 8.4 0.000000
 8.5 0.000000
 8.6 0.000000
 8.7 0.000000
 8.8 0.000000
 8.9 0.000000
 9.0 0.000000
 9.1 0.000000
 9.2 0.000000
 9.3 0.000000
 9.4 0.000000
 9.5 0.000000
 9.6 0.000000
 9.7 0.000000
 9.8 0.000000
 9.9 0.000000
 10.0 0.000000
 10.1 0.000000
 10.2 0.000000
 10.3 0.000000
 10.4 0.000000
 10.5 0.000000
 10.6 0.000000
 10.7 0.000000
 10.8 0.000000
 10.9 0.000000
 11.0 0.000000
 11.1 0.000000
 11.2 0.000000

