ATOMS
N -6.071 -8.536 -9.758
CA -4.622 -8.536 -9.758
C -4.099 -7.107 -9.758
O -3.545 -6.647 -8.762
HA -4.265 -9.046 -8.863
H1 -6.408 -8.065 -8.931
H2 -6.407 -9.488 -9.763
H3 -6.408 -8.055 -10.580

N -4.277 -6.405 -10.880
CA -3.824 -5.034 -11.006
C -4.445 -4.176 -9.913
O -3.752 -3.735 -8.999
H -4.741 -6.842 -11.664
HA -2.739 -5.006 -10.908

N -5.756 -3.940 -10.010
CA -6.464 -3.138 -9.033
C -6.281 -3.727 -7.641
O -5.597 -3.142 -6.803
H -6.269 -4.332 -10.787
HA -6.064 -2.124 -9.047

N -6.895 -4.887 -7.398
CA -6.799 -5.549 -6.112
C -5.339 -5.806 -5.764
O -4.797 -5.179 -4.857
H -7.442 -5.316 -8.131
HA -7.241 -4.910 -5.348

N -4.706 -6.731 -6.489
CA -3.316 -7.067 -6.256
C -2.449 -5.822 -6.379
O -1.920 -5.332 -5.384
H -5.210 -7.210 -7.221
HA -3.212 -7.476 -5.251

N -2.306 -5.312 -7.605
CA -1.506 -4.130 -7.853
C -2.014 -2.969 -7.011
O -1.346 -2.543 -6.071
H -2.769 -5.763 -8.381
HA -0.470 -4.338 -7.586

N -3.199 -2.457 -7.351
CA -3.791 -1.349 -6.627
C -3.933 -1.704 -5.154
O -3.229 -1.153 -4.311
H -3.698 -2.853 -8.135
HA -3.146 -0.475 -6.723

N -4.848 -2.626 -4.847
CA -5.079 -3.050 -3.480
C -3.787 -3.571 -2.869
O -3.215 -2.935 -1.987
H -5.395 -3.040 -5.588
HA -5.431 -2.199 -2.897

N -3.328 -4.733 -3.340
CA -2.109 -5.335 -2.840
C -0.944 -4.368 -3.001
O -0.431 -3.843 -2.016
H -3.846 -5.206 -4.066
HA -2.235 -5.569 -1.783

N -0.529 -4.135 -4.248
CA 0.570 -3.235 -4.534
C 0.278 -1.855 -3.962
O 0.915 -1.434 -2.998
H -0.995 -4.600 -5.015
HA 1.479 -3.626 -4.077

N -0.687 -1.152 -4.559
CA -1.059 0.174 -4.108
C -1.463 0.134 -2.641
O -0.748 0.649 -1.785
H -1.172 -1.556 -5.348
HA -0.206 0.843 -4.225

N -2.613 -0.480 -2.355
CA -3.108 -0.586 -0.997
C -2.075 -1.273 -0.116
O -1.469 -0.638 0.745
H -3.154 -0.883 -3.107
HA -3.299 0.414 -0.608

N -1.875 -2.575 -0.334
CA -0.919 -3.343 0.438
C 0.465 -2.718 0.328
O 0.973 -2.157 1.296
H -2.405 -3.038 -1.058
HA -1.226 -3.347 1.484

N 1.072 -2.816 -0.857
CA 2.391 -2.262 -1.089
C 2.395 -0.773 -0.778
O 2.997 -0.344 0.204
H 0.599 -3.290 -1.613
HA 3.108 -2.764 -0.440

N 1.720 0.016 -1.618
CA 1.648 1.451 -1.430
C 1.074 1.770 -0.057
O 1.788 2.251 0.819
H 1.246 -0.400 -2.407
HA 2.651 1.871 -1.504

N -0.221 1.502 0.126
CA -0.885 1.761 1.388
C -0.176 1.022 2.514
O 0.463 1.644 3.359
H -0.753 1.108 -0.637
HA -0.859 2.831 1.592

N -0.291 -0.308 2.522
CA 0.338 -1.124 3.541
C 1.838 -0.867 3.565
O 2.352 -0.275 4.511
H -0.832 -0.758 1.797
HA -0.083 -0.868 4.513

N 2.538 -1.316 2.521
CA 3.972 -1.134 2.426
C 4.319 0.345 2.514
O 4.888 0.792 3.508
H 2.054 -1.796 1.776
HA 4.454 -1.663 3.248

N 3.974 1.104 1.471
CA 4.249 2.526 1.435
C 3.615 3.212 2.636
O 4.318 3.664 3.537
H 3.508 0.674 0.685
HA 5.327 2.681 1.464

N 2.282 3.289 2.646
CA 1.559 3.918 3.733
C 1.916 3.251 5.053
O 2.586 3.849 5.892
H 1.762 2.897 1.873
HA 1.833 4.972 3.781

N 1.465 2.007 5.236
CA 1.737 1.265 6.450
C 3.238 1.167 6.678
O 3.769 1.785 7.598
H 0.919 1.571 4.507
HA 1.281 1.783 7.294

N 3.921 0.387 5.836
CA 5.355 0.211 5.948
C 6.055 1.561 5.876
O 6.596 2.035 6.873
H 3.424 -0.094 5.100
HA 5.583 -0.258 6.905

N 6.043 2.178 4.692
CA 6.675 3.467 4.494
C 6.097 4.487 5.465
O 6.779 4.918 6.392
H 5.580 1.734 3.912
HA 7.746 3.371 4.673

N 4.837 4.871 5.249
CA 4.173 5.836 6.103
C 4.186 5.353 7.546
O 4.882 5.921 8.386
H 4.332 4.478 4.468
HA 4.699 6.788 6.041

N 3.414 4.302 7.832
CA 3.339 3.749 9.169
C 4.727 3.348 9.648
O 5.284 3.981 10.542
H 2.867 3.880 7.095
HA 2.932 4.502 9.844

N 5.285 2.292 9.049
CA 6.602 1.812 9.414
C 7.627 2.926 9.261
O 8.107 3.389 10.293
H 4.774 1.815 8.321
HA 6.586 1.483 10.453

EDGES
1 9 3.003079
1 10 4.344021
1 11 4.655910
1 12 5.385484
1 13 2.875999
1 14 4.988549
1 15 4.613669
1 16 5.460630
1 17 5.258543
1 19 4.332627
1 21 4.423096
1 22 4.769221
1 23 4.892930
1 25 3.859426
1 27 3.975879
1 28 4.691694
1 29 5.648214
1 31 2.989309
1 32 5.441556
1 33 5.404147
1 37 4.526462
2 9 2.432914
2 10 3.802409
2 11 4.366343
2 12 4.937872
2 13 2.552770
2 14 4.162822
2 15 4.740535
2 16 5.749521
2 17 5.510032
2 19 4.630882
2 21 4.904216
2 22 5.191803
2 23 4.890708
2 25 4.579075
2 27 3.735163
2 28 4.015918
2 29 4.848233
2 31 2.922394
2 32 4.839912
2 33 4.515910
2 34 5.722877
2 37 3.608222
3 9 1.335430
3 10 2.435253
3 11 2.955419
3 12 3.473741
3 13 2.028602
3 14 2.754324
3 15 3.583161
3 16 4.676731
3 17 4.546121
3 18 5.166939
3 19 3.669927
3 20 5.403428
3 21 4.279675
3 22 4.796945
3 23 4.379753
3 24 5.312644
3 25 4.126798
3 27 3.346070
3 28 3.588690
3 29 3.973835
3 30 5.199090
3 31 2.771516
3 32 4.608251
3 33 3.327504
3 34 4.383515
3 35 5.386676
3 37 2.339095
3 38 5.055154
3 39 5.312829
3 43 4.570716
4 9 2.253955
4 10 2.777615
4 11 2.870652
4 12 2.928952
4 13 3.144844
4 14 2.819190
4 15 3.711317
4 16 4.572426
4 17 4.155567
4 18 4.509258
4 19 4.108531
4 20 5.184989
4 21 4.022511
4 22 4.337813
4 23 3.593567
4 24 4.355635
4 25 4.166093
4 26 5.322873
4 27 2.553724
4 28 2.551250
4 29 2.749642
4 30 3.972497
4 31 2.337493
4 32 3.622879
4 33 2.157775
4 34 3.364386
4 35 4.351741
4 36 5.377722
4 37 1.236444
4 38 4.021204
4 39 4.434719
4 40 5.717302
4 43 3.848503
4 45 5.761378
4 49 5.148517
4 51 5.754005
4 55 4.921331
4 61 4.973200
5 9 3.323148
5 10 4.569800
5 11 4.985158
5 12 5.337451
5 13 3.595802
5 14 4.778316
5 15 5.441500
5 19 5.471708
5 21 5.134239
5 22 5.120368
5 23 4.610301
5 24 5.593277
5 25 4.953994
5 27 3.345083
5 28 3.407857
5 29 4.456713
5 30 5.603237
5 31 2.638197
5 32 4.076794
5 33 4.400341
5 34 5.727062
5 37 3.639839
6 9 3.330970
6 10 4.491062
6 11 4.465648
6 12 5.080144
6 13 3.426938
6 14 5.169871
6 15 4.313348
6 16 4.928374
6 17 4.527524
6 18 5.424208
6 19 4.171252
6 21 3.561873
6 22 3.798671
6 23 4.034319
6 24 5.246122
6 25 3.044036
6 26 4.846215
6 27 3.261859
6 28 4.208574
6 29 5.217033
6 31 2.256176
6 32 4.909556
6 33 5.115045
6 37 4.340971
7 9 3.910176
7 10 5.296702
7 11 5.664741
7 13 3.659327
7 15 5.591522
7 19 5.258513
7 21 5.196207
7 22 5.385089
7 23 5.539833
7 25 4.597851
7 27 4.605814
7 28 5.264463
7 31 3.617161
7 37 5.387076
8 9 2.711763
8 10 3.998121
8 11 4.398284
8 12 5.311901
8 13 2.329230
8 14 4.781793
8 15 4.205143
8 16 5.154923
8 17 5.233109
8 19 3.731340
8 21 4.516472
8 22 5.137698
8 23 5.421680
8 25 3.816920
8 27 4.624507
8 28 5.406809
8 31 3.664984
8 33 5.762038
8 37 4.830237
9 15 3.003426
9 16 4.343693
9 17 4.656052
9 18 5.386232
9 19 2.876463
9 20 4.988008
9 21 4.613304
9 22 5.461414
9 23 5.259287
9 25 4.331299
9 27 4.423935
9 28 4.768977
9 29 4.892900
9 31 3.860932
9 33 3.975565
9 34 4.692206
9 35 5.647692
9 37 2.988516
9 38 5.442074
9 39 5.403946
9 43 4.526253
10 15 2.433408
10 16 3.802255
10 17 4.366729
10 18 4.938462
10 19 2.553192
10 20 4.162137
10 21 4.740286
10 22 5.750399
10 23 5.510878
10 25 4.629803
10 27 4.905204
10 28 5.191691
10 29 4.890879
10 31 4.580633
10 33 3.734757
10 34 4.016435
10 35 4.847716
10 37 2.921488
10 38 4.840468
10 39 4.515593
10 40 5.723282
10 43 3.607669
11 15 1.335599
11 16 2.434791
11 17 2.955416
11 18 3.473955
11 19 2.028593
11 20 2.753511
11 21 3.582352
11 22 4.676970
11 23 4.546464
11 24 5.166532
11 25 3.668397
11 26 5.403295
11 27 4.280178
11 28 4.796475
11 29 4.379782
11 30 5.312608
11 31 4.127620
11 33 3.345546
11 34 3.589350
11 35 3.973439
11 36 5.199178
11 37 2.770301
11 38 4.608883
11 39 3.327359
11 40 4.383770
11 41 5.387115
11 43 2.338722
11 44 5.055779
11 45 5.313122
11 49 4.571501
12 15 2.253921
12 16 2.777140
12 17 2.870552
12 18 2.928838
12 19 3.144621
12 20 2.818327
12 21 3.710627
12 22 4.572699
12 23 4.156060
12 24 4.509249
12 25 4.107199
12 26 5.184935
12 27 4.023212
12 28 4.337784
12 29 3.594131
12 30 4.356014
12 31 4.166854
12 32 5.322986
12 33 2.553641
12 34 2.552226
12 35 2.749462
12 36 3.972768
12 37 2.336878
12 38 3.623769
12 39 2.157544
12 40 3.364655
12 41 4.352212
12 42 5.377508
12 43 1.235854
12 44 4.021817
12 45 4.435110
12 46 5.717475
12 49 3.849337
12 51 5.761949
12 55 5.148511
12 57 5.754974
12 61 4.921537
12 67 4.973353
13 15 3.491066
13 16 4.859064
13 17 5.315953
13 19 3.066596
13 20 5.555047
13 21 5.163380
13 25 4.701719
13 27 5.176309
13 28 5.597117
13 31 4.482815
13 33 4.974496
13 34 5.687169
13 37 3.978833
13 43 5.427137
14 15 3.323409
14 16 4.569538
14 17 4.985468
14 18 5.337948
14 19 3.595805
14 20 4.777538
14 21 5.441194
14 25 5.470470
14 27 5.135394
14 28 5.120718
14 29 4.611052
14 30 5.593891
14 31 4.955545
14 33 3.345285
14 34 3.408913
14 35 4.456636
14 36 5.603873
14 37 2.638120
14 38 4.078023
14 39 4.400142
14 40 5.727767
14 43 3.639316
15 21 3.002778
15 22 4.344092
15 23 4.656647
15 24 5.385927
15 25 2.875172
15 26 4.988023
15 27 4.614068
15 28 5.461158
15 29 5.259499
15 31 4.332382
15 33 4.423676
15 34 4.769827
15 35 4.892791
15 37 3.859940
15 39 3.975905
15 40 4.692462
15 41 5.648341
15 43 2.988739
15 44 5.442673
15 45 5.404408
15 49 4.527075
16 21 2.432691
16 22 3.802287
16 23 4.366945
16 24 4.937970
16 25 2.552209
16 26 4.162083
16 27 4.740480
16 28 5.749667
16 29 5.510698
16 31 4.630016
16 33 4.904531
16 34 5.192131
16 35 4.890761
16 37 4.579165
16 39 3.735386
16 40 4.016751
16 41 4.848604
16 43 2.922052
16 44 4.841156
16 45 4.516215
16 46 5.723791
16 49 3.608378
17 21 1.334783
17 22 2.434307
17 23 2.955120
17 24 3.472926
17 25 2.028039
17 26 2.752987
17 27 3.582143
17 28 4.676008
17 29 4.545975
17 30 5.166081
17 31 3.668069
17 32 5.402394
17 33 4.279503
17 34 4.796663
17 35 4.379355
17 36 5.312342
17 37 4.126383
17 39 3.346001
17 40 3.589315
17 41 3.973764
17 42 5.198950
17 43 2.771245
17 44 4.609387
17 45 3.327480
17 46 4.383726
17 47 5.386683
17 49 2.339182
17 50 5.055969
17 51 5.313271
17 55 4.571355
18 21 2.254740
18 22 2.777757
18 23 2.871059
18 24 2.928529
18 25 3.145455
18 26 2.818791
18 27 3.711253
18 28 4.572504
18 29 4.155969
18 30 4.508879
18 31 4.107690
18 32 5.184639
18 33 4.022783
18 34 4.337617
18 35 3.593199
18 36 4.354954
18 37 4.166210
18 38 5.322559
18 39 2.553416
18 40 2.550973
18 41 2.748807
18 42 3.971600
18 43 2.337509
18 44 3.623077
18 45 2.157126
18 46 3.364390
18 47 4.351609
18 48 5.376861
18 49 1.235894
18 50 4.021647
18 51 4.435314
18 52 5.716709
18 55 3.849320
18 57 5.761831
18 61 5.147923
18 63 5.753585
18 67 4.920675
18 73 4.973102
19 21 3.490734
19 22 4.859796
19 23 5.316776
19 25 3.065701
19 26 5.555321
19 27 5.164395
19 31 4.703267
19 33 5.175992
19 34 5.597797
19 37 4.481807
19 39 4.974598
19 40 5.687211
19 43 3.978767
19 49 5.427959
20 21 3.323241
20 22 4.570019
20 23 4.986064
20 24 5.338016
20 25 3.595386
20 26 4.778046
20 27 5.441689
20 31 5.470922
20 33 5.134712
20 34 5.121039
20 35 4.611054
20 36 5.593895
20 37 4.954079
20 39 3.345972
20 40 3.409333
20 41 4.457915
20 42 5.604441
20 43 2.638397
20 44 4.078591
20 45 4.401211
20 46 5.728804
20 49 3.640233
21 27 3.003055
21 28 4.343478
21 29 4.656125
21 30 5.385615
21 31 2.875219
21 32 4.987687
21 33 4.613285
21 34 5.460897
21 35 5.258579
21 37 4.330998
21 39 4.423520
21 40 4.769350
21 41 4.892900
21 43 3.860199
21 45 3.976170
21 46 4.692883
21 47 5.648306
21 49 2.989567
21 50 5.443128
21 51 5.405050
21 55 4.527735
22 27 2.433085
22 28 3.802151
22 29 4.366729
22 30 4.937784
22 31 2.552200
22 32 4.161877
22 33 4.740492
22 34 5.749825
22 35 5.510066
22 37 4.629801
22 39 4.904649
22 40 5.191656
22 41 4.890373
22 43 4.580081
22 45 3.735044
22 46 4.016320
22 47 4.847853
22 49 2.922477
22 50 4.840470
22 51 4.516379
22 52 5.722576
22 55 3.608874
23 27 1.334893
23 28 2.434074
23 29 2.954756
23 30 3.472555
23 31 2.027488
23 32 2.752489
23 33 3.582235
23 34 4.675980
23 35 4.545240
23 36 5.165798
23 37 3.668165
23 38 5.402025
23 39 4.279482
23 40 4.796449
23 41 4.378966
23 42 5.311659
23 43 4.127315
23 45 3.345799
23 46 3.588843
23 47 3.973028
23 48 5.198052
23 49 2.772159
23 50 4.608536
23 51 3.327345
23 52 4.382296
23 53 5.386839
23 55 2.339285
23 56 5.053647
23 57 5.312871
23 61 4.570096
24 27 2.253976
24 28 2.777608
24 29 2.871069
24 30 2.928868
24 31 3.143887
24 32 2.818452
24 33 3.711371
24 34 4.572428
24 35 4.155587
24 36 4.509068
24 37 4.107605
24 38 5.184366
24 39 4.022801
24 40 4.337492
24 41 3.593095
24 42 4.354930
24 43 4.166937
24 44 5.323098
24 45 2.553529
24 46 2.551136
24 47 2.749165
24 48 3.971796
24 49 2.338223
24 50 3.622700
24 51 2.158278
24 52 3.364219
24 53 4.352938
24 54 5.377558
24 55 1.237259
24 56 4.020624
24 57 4.435836
24 58 5.717356
24 61 3.849079
24 63 5.761739
24 67 5.148576
24 69 5.754169
24 73 4.921135
24 79 4.973726
25 27 3.490571
25 28 4.858549
25 29 5.315599
25 31 3.065479
25 32 5.554539
25 33 5.162866
25 37 4.700983
25 39 5.175455
25 40 5.597223
25 43 4.481509
25 45 4.974896
25 46 5.687735
25 49 3.979602
25 55 5.428401
26 27 3.323274
26 28 4.569763
26 29 4.985777
26 30 5.337829
26 31 3.594870
26 32 4.777720
26 33 5.441496
26 37 5.470419
26 39 5.134879
26 40 5.120455
26 41 4.610741
26 42 5.593439
26 43 4.954944
26 45 3.345759
26 46 3.409291
26 47 4.457407
26 48 5.604072
26 49 2.638601
26 50 4.078360
26 51 4.401700
26 52 5.727837
26 55 3.641039
27 33 3.003168
27 34 4.343466
27 35 4.655319
27 36 5.385505
27 37 2.875527
27 38 4.987339
27 39 4.613152
27 40 5.460970
27 41 5.258373
27 43 4.331774
27 45 4.423500
27 46 4.768959
27 47 4.892296
27 49 3.861347
27 51 3.975813
27 52 4.691314
27 53 5.648235
27 55 2.989340
27 56 5.440820
27 57 5.404501
27 61 4.526075
28 33 2.433090
28 34 3.801641
28 35 4.365642
28 36 4.937783
28 37 2.552499
28 38 4.161257
28 39 4.739706
28 40 5.749677
28 41 5.509706
28 43 4.629726
28 45 4.904568
28 46 5.191400
28 47 4.890361
28 49 4.580960
28 51 3.735071
28 52 4.015685
28 53 4.848300
28 55 2.922383
28 56 4.839452
28 57 4.516199
28 58 5.722806
28 61 3.607383
29 33 1.335524
29 34 2.434089
29 35 2.954363
29 36 3.473228
29 37 2.028271
29 38 2.752371
29 39 3.581970
29 40 4.676558
29 41 4.545416
29 42 5.165712
29 43 3.668583
29 44 5.403198
29 45 4.279795
29 46 4.796362
29 47 4.379195
29 48 5.311421
29 49 4.128453
29 51 3.345756
29 52 3.588494
29 53 3.973666
29 54 5.198513
29 55 2.771468
29 56 4.607930
29 57 3.327691
29 58 4.383030
29 59 5.386604
29 61 2.338353
29 62 5.054780
29 63 5.312809
29 67 4.570826
30 33 2.254382
30 34 2.777078
30 35 2.870494
30 36 2.929158
30 37 3.144610
30 38 2.817683
30 39 3.710870
30 40 4.572743
30 41 4.155412
30 42 4.508753
30 43 4.107886
30 44 5.185214
30 45 4.022933
30 46 4.337283
30 47 3.593332
30 48 4.354566
30 49 4.167794
30 50 5.322403
30 51 2.553273
30 52 2.551013
30 53 2.749647
30 54 3.972111
30 55 2.337194
30 56 3.622512
30 57 2.158283
30 58 3.364522
30 59 4.352335
30 60 5.378162
30 61 1.235965
30 62 4.021428
30 63 4.435461
30 64 5.717126
30 67 3.849542
30 69 5.761683
30 73 5.147921
30 75 5.753744
30 79 4.920563
30 85 4.973486
31 33 3.490426
31 34 4.858543
31 35 5.314565
31 37 3.065598
31 38 5.554206
31 39 5.162560
31 43 4.701594
31 45 5.174937
31 46 5.596235
31 49 4.482166
31 51 4.973893
31 52 5.685507
31 55 3.978761
31 61 5.426303
32 33 3.323409
32 34 4.569087
32 35 4.984561
32 36 5.337494
32 37 3.595486
32 38 4.776802
32 39 5.440637
32 43 5.470446
32 45 5.134414
32 46 5.119727
32 47 4.610160
32 48 5.592351
32 49 4.955518
32 51 3.345060
32 52 3.407846
32 53 4.457128
32 54 5.603381
32 55 2.638007
32 56 4.076543
32 57 4.400770
32 58 5.727451
32 61 3.638978
33 39 3.002164
33 40 4.343625
33 41 4.655340
33 42 5.385132
33 43 2.874934
33 44 4.987995
33 45 4.613342
33 46 5.460934
33 47 5.258720
33 49 4.332689
33 51 4.423794
33 52 4.769126
33 53 4.893158
33 55 3.861005
33 57 3.976494
33 58 4.692158
33 59 5.647951
33 61 2.988940
33 62 5.442022
33 63 5.404154
33 67 4.526316
34 39 2.432526
34 40 3.802402
34 41 4.365822
34 42 4.937309
34 43 2.552473
34 44 4.162394
34 45 4.739938
34 46 5.749422
34 47 5.509601
34 49 4.630620
34 51 4.904127
34 52 5.190935
34 53 4.890234
34 55 4.579819
34 57 3.735047
34 58 4.015789
34 59 4.847490
34 61 2.921689
34 62 4.839671
34 63 4.515493
34 64 5.722696
34 67 3.607223
35 39 1.334904
35 40 2.435074
35 41 2.954866
35 42 3.473339
35 43 2.027976
35 44 2.753980
35 45 3.582192
35 46 4.676403
35 47 4.545558
35 48 5.165669
35 49 3.668941
35 50 5.403127
35 51 4.279548
35 52 4.796272
35 53 4.379749
35 54 5.312230
35 55 4.127156
35 57 3.346483
35 58 3.589337
35 59 3.973746
35 60 5.199946
35 61 2.771739
35 62 4.608802
35 63 3.327870
35 64 4.383821
35 65 5.387867
35 67 2.339039
35 68 5.055888
35 69 5.313404
35 73 4.570800
36 39 2.253754
36 40 2.777192
36 41 2.870083
36 42 2.928377
36 43 3.144535
36 44 2.818107
36 45 3.710670
36 46 4.572266
36 47 4.155487
36 48 4.508423
36 49 4.107883
36 50 5.184577
36 51 4.022783
36 52 4.337833
36 53 3.594041
36 54 4.355485
36 55 4.166725
36 56 5.322964
36 57 2.554463
36 58 2.551919
36 59 2.749291
36 60 3.973076
36 61 2.338715
36 62 3.623472
36 63 2.157616
36 64 3.364198
36 65 4.352576
36 66 5.377384
36 67 1.235789
36 68 4.021481
36 69 4.435078
36 70 5.716640
36 73 3.848345
36 75 5.761426
36 79 5.147492
36 81 5.753873
36 85 4.920853
36 91 4.973511
37 39 3.489332
37 40 4.858436
37 41 5.314500
37 43 3.064581
37 44 5.554641
37 45 5.162574
37 49 4.702282
37 51 5.175429
37 52 5.596558
37 55 4.482120
37 57 4.974904
37 58 5.686749
37 61 3.978643
37 67 5.426633
38 39 3.322774
38 40 4.569775
38 41 4.984471
38 42 5.336847
38 43 3.595360
38 44 4.777919
38 45 5.440584
38 49 5.471054
38 51 5.133489
38 52 5.119067
38 53 4.609534
38 54 5.592088
38 55 4.953908
38 57 3.344687
38 58 3.407772
38 59 4.456251
38 60 5.603676
38 61 2.637103
38 62 4.076595
38 63 4.400047
38 64 5.727264
38 67 3.638815
39 45 3.002962
39 46 4.344041
39 47 4.655649
39 48 5.385280
39 49 2.875843
39 50 4.988637
39 51 4.613560
39 52 5.460779
39 53 5.259225
39 55 4.332071
39 57 4.424160
39 58 4.769291
39 59 4.892571
39 61 3.860953
39 63 3.975982
39 64 4.692420
39 65 5.648989
39 67 2.988735
39 68 5.442419
39 69 5.404807
39 73 4.526703
40 45 2.432361
40 46 3.802099
40 47 4.365760
40 48 4.937284
40 49 2.551826
40 50 4.162331
40 51 4.740274
40 52 5.749669
40 53 5.510685
40 55 4.630140
40 57 4.905312
40 58 5.191914
40 59 4.890299
40 61 4.580956
40 63 3.735003
40 64 4.016057
40 65 4.848409
40 67 2.921960
40 68 4.840113
40 69 4.515842
40 70 5.722373
40 73 3.607399
41 45 1.334750
41 46 2.434606
41 47 2.954358
41 48 3.472863
41 49 2.027485
41 50 2.753739
41 51 3.582103
41 52 4.676081
41 53 4.546034
41 54 5.165885
41 55 3.668149
41 56 5.402321
41 57 4.279931
41 58 4.796391
41 59 4.379062
41 60 5.312658
41 61 4.127709
41 63 3.345930
41 64 3.588994
41 65 3.974206
41 66 5.199134
41 67 2.771761
41 68 4.608772
41 69 3.327909
41 70 4.383058
41 71 5.386963
41 73 2.339036
41 74 5.055096
41 75 5.312853
41 79 4.570728
42 45 2.253483
42 46 2.776989
42 47 2.870096
42 48 2.928600
42 49 3.143732
42 50 2.818211
42 51 3.710666
42 52 4.572457
42 53 4.156146
42 54 4.509094
42 55 4.107009
42 56 5.184581
42 57 4.023219
42 58 4.337840
42 59 3.593557
42 60 4.356107
42 61 4.167515
42 62 5.323133
42 63 2.554069
42 64 2.551674
42 65 2.750277
42 66 3.972813
42 67 2.338595
42 68 3.623526
42 69 2.158314
42 70 3.364331
42 71 4.352487
42 72 5.378286
42 73 1.236180
42 74 4.021517
42 75 4.435305
42 76 5.717097
42 79 3.848923
42 81 5.761448
42 85 5.147772
42 87 5.754252
42 91 4.921163
42 97 4.974030
43 45 3.490698
43 46 4.859526
43 47 5.315468
43 49 3.066266
43 50 5.555866
43 51 5.163654
43 55 4.702688
43 57 5.176375
43 58 5.597227
43 61 4.482479
43 63 4.974666
43 64 5.687159
43 67 3.978725
43 73 5.427487
44 45 3.323098
44 46 4.569919
44 47 4.984919
44 48 5.337233
44 49 3.595198
44 50 4.778250
44 51 5.441358
44 55 5.471015
44 57 5.135164
44 58 5.120349
44 59 4.609913
44 60 5.593481
44 61 4.955773
44 63 3.344833
44 64 3.408078
44 65 4.457140
44 66 5.603358
44 67 2.637397
44 68 4.076853
44 69 4.400402
44 70 5.727202
44 73 3.638954
45 51 3.003481
45 52 4.343829
45 53 4.656554
45 54 5.385679
45 55 2.875824
45 56 4.987696
45 57 4.614070
45 58 5.461096
45 59 5.258664
45 61 4.332495
45 63 4.423747
45 64 4.768925
45 65 4.893083
45 67 3.861201
45 69 3.976255
45 70 4.691663
45 71 5.648230
45 73 2.989195
45 74 5.441518
45 75 5.404489
45 79 4.527087
46 51 2.432712
46 52 3.801542
46 53 4.366325
46 54 4.937211
46 55 2.551866
46 56 4.160950
46 57 4.740206
46 58 5.749464
46 59 5.509791
46 61 4.630095
46 63 4.904723
46 64 5.191239
46 65 4.890525
46 67 4.581060
46 69 3.735195
46 70 4.015150
46 71 4.847498
46 73 2.922438
46 74 4.839016
46 75 4.515369
46 76 5.722078
46 79 3.607839
47 51 1.335203
47 52 2.434794
47 53 2.955551
47 54 3.473374
47 55 2.027194
47 56 2.753199
47 57 3.582499
47 58 4.676384
47 59 4.545716
47 60 5.166451
47 61 3.668708
47 62 5.403059
47 63 4.279914
47 64 4.796054
47 65 4.379496
47 66 5.312154
47 67 4.128425
47 69 3.346155
47 70 3.588266
47 71 3.973759
47 72 5.199674
47 73 2.771764
47 74 4.607656
47 75 3.327760
47 76 4.383339
47 77 5.387757
47 79 2.339601
47 80 5.055443
47 81 5.313008
47 85 4.570940
48 51 2.253038
48 52 2.776841
48 53 2.870388
48 54 2.928474
48 55 3.142904
48 56 2.817796
48 57 3.710353
48 58 4.572027
48 59 4.155487
48 60 4.509104
48 61 4.107239
48 62 5.184517
48 63 4.023066
48 64 4.337379
48 65 3.593881
48 66 4.355680
48 67 4.167950
48 68 5.323158
48 69 2.554379
48 70 2.551343
48 71 2.749997
48 72 3.973481
48 73 2.338552
48 74 3.622775
48 75 2.158149
48 76 3.364328
48 77 4.353012
48 78 5.377984
48 79 1.236831
48 80 4.021655
48 81 4.435023
48 82 5.717217
48 85 3.848701
48 87 5.761839
48 91 5.148121
48 93 5.754631
48 97 4.922377
48 103 4.973598
49 51 3.491739
49 52 4.859663
49 53 5.316724
49 55 3.067155
49 56 5.555130
49 57 5.164550
49 61 4.703395
49 63 5.175775
49 64 5.596525
49 67 4.482587
49 69 4.974476
49 70 5.685927
49 73 3.978705
49 79 5.427799
50 51 3.322652
50 52 4.568745
50 53 4.984832
50 54 5.336562
50 55 3.594556
50 56 4.776224
50 57 5.440855
50 61 5.470724
50 63 5.134588
50 64 5.119769
50 65 4.610146
50 66 5.592686
50 67 4.955798
50 69 3.345123
50 70 3.407066
50 71 4.455802
50 72 5.603421
50 73 2.638311
50 74 4.075870
50 75 4.399486
50 76 5.726177
50 79 3.639027
51 57 3.002744
51 58 4.343276
51 59 4.655427
51 60 5.385482
51 61 2.875101
51 62 4.987571
51 63 4.613502
51 64 5.460479
51 65 5.258756
51 67 4.332866
51 69 4.423738
51 70 4.768192
51 71 4.892421
51 73 3.860967
51 75 3.975451
51 76 4.691339
51 77 5.648123
51 79 2.988725
51 80 5.441542
51 81 5.403719
51 85 4.526158
52 57 2.432872
52 58 3.802194
52 59 4.366584
52 60 4.938354
52 61 2.551832
52 62 4.162282
52 63 4.740731
52 64 5.749731
52 65 5.510615
52 67 4.631293
52 69 4.905127
52 70 5.191113
52 71 4.890928
52 73 4.580788
52 75 3.735290
52 76 4.016148
52 77 4.848751
52 79 2.922216
52 80 4.840331
52 81 4.516239
52 82 5.723577
52 85 3.608437
53 57 1.334737
53 58 2.434332
53 59 2.954991
53 60 3.473362
53 61 2.027960
53 62 2.753047
53 63 3.582746
53 64 4.676370
53 65 4.546093
53 66 5.165981
53 67 3.669842
53 68 5.403456
53 69 4.280119
53 70 4.796085
53 71 4.379659
53 72 5.312348
53 73 4.128021
53 75 3.345818
53 76 3.588589
53 77 3.973666
53 78 5.198809
53 79 2.771041
53 80 4.608383
53 81 3.327115
53 82 4.383287
53 83 5.386527
53 85 2.338691
53 86 5.054725
53 87 5.313101
53 91 4.570991
54 57 2.253152
54 58 2.777047
54 59 2.870843
54 60 2.929048
54 61 3.144065
54 62 2.818317
54 63 3.711316
54 64 4.572432
54 65 4.155981
54 66 4.509092
54 67 4.108731
54 68 5.185451
54 69 4.023160
54 70 4.337365
54 71 3.594111
54 72 4.355754
54 73 4.167326
54 74 5.322587
54 75 2.553837
54 76 2.551521
54 77 2.750050
54 78 3.972802
54 79 2.337192
54 80 3.623264
54 81 2.158013
54 82 3.364903
54 83 4.352450
54 84 5.377972
54 85 1.236575
54 86 4.021509
54 87 4.435886
54 88 5.717698
54 91 3.849605
54 93 5.762056
54 97 5.149536
54 99 5.754065
54 103 4.921077
54 109 4.974404
55 57 3.490366
55 58 4.858490
55 59 5.314828
55 61 3.065296
55 62 5.554471
55 63 5.163066
55 67 4.702797
55 69 5.175218
55 70 5.595338
55 73 4.481838
55 75 4.973412
55 76 5.685430
55 79 3.978036
55 85 5.426444
56 57 3.323104
56 58 4.569856
56 59 4.985680
56 60 5.338253
56 61 3.594772
56 62 4.778230
56 63 5.441725
56 67 5.472053
56 69 5.134977
56 70 5.119591
56 71 4.610868
56 72 5.593952
56 73 4.955415
56 75 3.345630
56 76 3.408779
56 77 4.458085
56 78 5.604752
56 79 2.638273
56 80 4.077825
56 81 4.401447
56 82 5.728679
56 85 3.640645
57 63 3.003327
57 64 4.343729
57 65 4.656089
57 66 5.385256
57 67 2.876576
57 68 4.988521
57 69 4.613624
57 70 5.460370
57 71 5.258763
57 73 4.332206
57 75 4.423202
57 76 4.768434
57 77 4.892413
57 79 3.859907
57 81 3.975153
57 82 4.691888
57 83 5.647453
57 85 2.988249
57 86 5.441349
57 87 5.404230
57 91 4.526603
58 63 2.433015
58 64 3.802157
58 65 4.366543
58 66 4.937568
58 67 2.552685
58 68 4.162660
58 69 4.740206
58 70 5.749370
58 71 5.510371
58 73 4.629947
58 75 4.904450
58 76 5.191297
58 77 4.890538
58 79 4.579521
58 81 3.734688
58 82 4.016316
58 83 4.847639
58 85 2.921662
58 86 4.839847
58 87 4.516033
58 88 5.723242
58 91 3.608092
59 63 1.334857
59 64 2.434281
59 65 2.955037
59 66 3.473042
59 67 2.028028
59 68 2.753657
59 69 3.582032
59 70 4.676172
59 71 4.546103
59 72 5.166135
59 73 3.668028
59 74 5.403018
59 75 4.279742
59 76 4.796556
59 77 4.379936
59 78 5.312325
59 79 4.126887
59 81 3.345890
59 82 3.589505
59 83 3.973697
59 84 5.199196
59 85 2.771293
59 86 4.608651
59 87 3.327813
59 88 4.383784
59 89 5.387325
59 91 2.339246
59 92 5.055291
59 93 5.313209
59 97 4.571428
60 63 2.254473
60 64 2.777488
60 65 2.870707
60 66 2.928451
60 67 3.145307
60 68 2.819024
60 69 3.710842
60 70 4.572487
60 71 4.155953
60 72 4.508561
60 73 4.107584
60 74 5.185075
60 75 4.022795
60 76 4.337503
60 77 3.593526
60 78 4.354828
60 79 4.166391
60 80 5.322760
60 81 2.553126
60 82 2.551165
60 83 2.748767
60 84 3.971854
60 85 2.337267
60 86 3.622363
60 87 2.157528
60 88 3.364393
60 89 4.352054
60 90 5.376880
60 91 1.236122
60 92 4.021039
60 93 4.435084
60 94 5.717082
60 97 3.849456
60 99 5.761312
60 103 5.147913
60 105 5.753904
60 109 4.921325
60 115 4.973108
61 63 3.491633
61 64 4.859817
61 65 5.316545
61 67 3.067271
61 68 5.556336
61 69 5.164100
61 73 4.702960
61 75 5.175595
61 76 5.596520
61 79 4.481718
61 81 4.974345
61 82 5.687242
61 85 3.978761
61 91 5.428052
62 63 3.323335
62 64 4.569727
62 65 4.985485
62 66 5.337454
62 67 3.595573
62 68 4.778398
62 69 5.441237
62 73 5.470799
62 75 5.134585
62 76 5.120129
62 77 4.610497
62 78 5.593132
62 79 4.954348
62 81 3.345168
62 82 3.408868
62 83 4.456688
62 84 5.603821
62 85 2.637914
62 86 4.077310
62 87 4.401014
62 88 5.728097
62 91 3.640091
63 69 3.003111
63 70 4.343897
63 71 4.656333
63 72 5.385920
63 73 2.875196
63 74 4.988517
63 75 4.613773
63 76 5.461164
63 77 5.259489
63 79 4.331919
63 81 4.423548
63 82 4.769390
63 83 4.892681
63 85 3.860538
63 87 3.975846
63 88 4.692385
63 89 5.648647
63 91 2.988829
63 92 5.441856
63 93 5.404637
63 97 4.527034
64 69 2.432209
64 70 3.801884
64 71 4.366020
64 72 4.937515
64 73 2.551132
64 74 4.162355
64 75 4.739824
64 76 5.749348
64 77 5.510384
64 79 4.629380
64 81 4.904107
64 82 5.191431
64 83 4.890381
64 85 4.579660
64 87 3.734689
64 88 4.016250
64 89 4.848454
64 91 2.921627
64 92 4.839910
64 93 4.515815
64 94 5.723186
64 97 3.607469
65 69 1.334651
65 70 2.434576
65 71 2.954627
65 72 3.472897
65 73 2.027542
65 74 2.753613
65 75 3.581993
65 76 4.676078
65 77 4.545993
65 78 5.165534
65 79 3.668084
65 80 5.402699
65 81 4.279180
65 82 4.796127
65 83 4.379222
65 84 5.311695
65 85 4.127033
65 87 3.345436
65 88 3.588778
65 89 3.973653
65 90 5.198297
65 91 2.771027
65 92 4.608138
65 93 3.327203
65 94 4.383384
65 95 5.386923
65 97 2.338545
65 98 5.055385
65 99 5.312769
65 103 4.570522
66 69 2.253390
66 70 2.777727
66 71 2.870640
66 72 2.928670
66 73 3.143810
66 74 2.819247
66 75 3.710755
66 76 4.572421
66 77 4.156059
66 78 4.508663
66 79 4.107085
66 80 5.184868
66 81 4.022413
66 82 4.337241
66 83 3.593686
66 84 4.355134
66 85 4.166499
66 86 5.322249
66 87 2.553351
66 88 2.551479
66 89 2.749965
66 90 3.972218
66 91 2.337375
66 92 3.622906
66 93 2.158068
66 94 3.365003
66 95 4.352897
66 96 5.377479
66 97 1.236370
66 98 4.022136
66 99 4.435645
66 100 5.717447
66 103 3.849341
66 105 5.762001
66 109 5.148781
66 111 5.753768
66 115 4.920880
66 121 4.973386
67 69 3.491748
67 70 4.860061
67 71 5.316890
67 73 3.066486
67 74 5.556314
67 75 5.164568
67 79 4.703266
67 81 5.176120
67 82 5.597543
67 85 4.482569
67 87 4.974711
67 88 5.687282
67 91 3.979013
67 97 5.428257
68 69 3.322782
68 70 4.569861
68 71 4.985429
68 72 5.337549
68 73 3.594399
68 74 4.778429
68 75 5.441339
68 79 5.470617
68 81 5.134685
68 82 5.120540
68 83 4.610690
68 84 5.593230
68 85 4.955024
68 87 3.345124
68 88 3.408666
68 89 4.457573
68 90 5.603609
68 91 2.637893
68 92 4.077140
68 93 4.400648
68 94 5.727961
68 97 3.639118
69 75 3.003017
69 76 4.343645
69 77 4.656309
69 78 5.385306
69 79 2.875559
69 80 4.988124
69 81 4.613039
69 82 5.460613
69 83 5.258597
69 85 4.331698
69 87 4.423129
69 88 4.768701
69 89 4.892573
69 91 3.860179
69 93 3.975594
69 94 4.692346
69 95 5.648197
69 97 2.988790
69 98 5.442246
69 99 5.404294
69 103 4.526406
70 75 2.432279
70 76 3.801578
70 77 4.366621
70 78 4.937656
70 79 2.551516
70 80 4.161779
70 81 4.739715
70 82 5.749473
70 83 5.510530
70 85 4.629570
70 87 4.904858
70 88 5.191955
70 89 4.891161
70 91 4.580394
70 93 3.735725
70 94 4.017258
70 95 4.848650
70 97 2.923228
70 98 4.841158
70 99 4.516208
70 100 5.723443
70 103 3.607797
71 75 1.335188
71 76 2.434780
71 77 2.955801
71 78 3.473543
71 79 2.027681
71 80 2.753593
71 81 3.582393
71 82 4.676538
71 83 4.546333
71 84 5.166297
71 85 3.668729
71 86 5.402920
71 87 4.280134
71 88 4.796613
71 89 4.379444
71 90 5.311833
71 91 4.127935
71 93 3.346118
71 94 3.589328
71 95 3.973679
71 96 5.198650
71 97 2.772776
71 98 4.608550
71 99 3.327600
71 100 4.383882
71 101 5.387594
71 103 2.338770
71 104 5.055663
71 105 5.313698
71 109 4.571852
72 75 2.254118
72 76 2.777368
72 77 2.870652
72 78 2.928195
72 79 3.144345
72 80 2.818484
72 81 3.710360
72 82 4.571710
72 83 4.155508
72 84 4.508245
72 85 4.107297
72 86 5.183920
72 87 4.022587
72 88 4.337077
72 89 3.592842
72 90 4.354291
72 91 4.166890
72 92 5.322357
72 93 2.553481
72 94 2.551413
72 95 2.748965
72 96 3.971542
72 97 2.339037
72 98 3.622633
72 99 2.157386
72 100 3.364381
72 101 4.352136
72 102 5.377227
72 103 1.235667
72 104 4.021408
72 105 4.435077
72 106 5.716315
72 109 3.849085
72 111 5.760893
72 115 5.147375
72 117 5.753706
72 121 4.920160
72 127 4.973416
73 75 3.491165
73 76 4.859408
73 77 5.316353
73 79 3.066501
73 80 5.555696
73 81 5.163145
73 85 4.702201
73 87 5.175055
73 88 5.596346
73 91 4.481438
73 93 4.974234
73 94 5.687189
73 97 3.978666
73 103 5.427387
74 75 3.322194
74 76 4.568760
74 77 4.985300
74 78 5.337157
74 79 3.594167
74 80 4.776915
74 81 5.440638
74 85 5.470287
74 87 5.135062
74 88 5.120924
74 89 4.611449
74 90 5.593609
74 91 4.955403
74 93 3.346130
74 94 3.409666
74 95 4.457542
74 96 5.603805
74 97 2.639052
74 98 4.078663
74 99 4.400710
74 100 5.727776
74 103 3.639189
75 81 3.002735
75 82 4.343587
75 83 4.655882
75 84 5.385461
75 85 2.875368
75 86 4.987709
75 87 4.613671
75 88 5.460899
75 89 5.258551
75 91 4.332274
75 93 4.423714
75 94 4.769306
75 95 4.892455
75 97 3.862018
75 99 3.975560
75 100 4.692376
75 101 5.648525
75 103 2.988394
75 104 5.442290
75 105 5.404690
75 109 4.527249
76 81 2.432866
76 82 3.802156
76 83 4.366481
76 84 4.937997
76 85 2.552202
76 86 4.162073
76 87 4.740711
76 88 5.749900
76 89 5.509977
76 91 4.630605
76 93 4.904954
76 94 5.191770
76 95 4.890302
76 97 4.581985
76 99 3.734791
76 100 4.016543
76 101 4.848686
76 103 2.921759
76 104 4.840470
76 105 4.516466
76 106 5.723085
76 109 3.608626
77 81 1.335020
77 82 2.434194
77 83 2.954854
77 84 3.473079
77 85 2.027960
77 86 2.752706
77 87 3.582834
77 88 4.676603
77 89 4.545465
77 90 5.165498
77 91 3.669238
77 92 5.403123
77 93 4.280164
77 94 4.796618
77 95 4.379164
77 96 5.311686
77 97 4.129531
77 99 3.345635
77 100 3.588918
77 101 3.973600
77 102 5.198702
77 103 2.771601
77 104 4.608365
77 105 3.327489
77 106 4.382888
77 107 5.386453
77 109 2.339168
77 110 5.054854
77 111 5.312929
77 115 4.570882
78 81 2.253773
78 82 2.776684
78 83 2.870369
78 84 2.928482
78 85 3.144177
78 86 2.817866
78 87 3.710975
78 88 4.572129
78 89 4.154773
78 90 4.508017
78 91 4.107772
78 92 5.184638
78 93 4.022787
78 94 4.337206
78 95 3.593016
78 96 4.354730
78 97 4.168428
78 98 5.322028
78 99 2.553345
78 100 2.551537
78 101 2.749670
78 102 3.972378
78 103 2.337996
78 104 3.622947
78 105 2.158039
78 106 3.364139
78 107 4.351924
78 108 5.377432
78 109 1.236641
78 110 4.021405
78 111 4.435172
78 112 5.716816
78 115 3.848910
78 117 5.761501
78 121 5.147656
78 123 5.753656
78 127 4.920510
78 133 4.973307
79 81 3.489873
79 82 4.858472
79 83 5.314944
79 85 3.065215
79 86 5.554293
79 87 5.162959
79 91 4.701983
79 93 5.175260
79 94 5.596760
79 97 4.482818
79 99 4.973761
79 100 5.686673
79 103 3.977908
79 109 5.427412
80 81 3.323108
80 82 4.569490
80 83 4.985355
80 84 5.337615
80 85 3.595175
80 86 4.777575
80 87 5.441607
80 91 5.471332
80 93 5.134880
80 94 5.120270
80 95 4.609942
80 96 5.592712
80 97 4.956752
80 99 3.344726
80 100 3.408676
80 101 4.457472
80 102 5.603748
80 103 2.637447
80 104 4.077589
80 105 4.400912
80 106 5.727472
80 109 3.639954
81 87 3.003206
81 88 4.343661
81 89 4.655255
81 90 5.384805
81 91 2.875732
81 92 4.987967
81 93 4.613379
81 94 5.460660
81 95 5.258459
81 97 4.333221
81 99 4.423288
81 100 4.769070
81 101 4.892795
81 103 3.860608
81 105 3.976184
81 106 4.692250
81 107 5.647882
81 109 2.989551
81 110 5.442275
81 111 5.404405
81 115 4.526805
82 87 2.432975
82 88 3.801934
82 89 4.365379
82 90 4.936724
82 91 2.552488
82 92 4.161912
82 93 4.739880
82 94 5.749107
82 95 5.509606
82 97 4.630976
82 99 4.904137
82 100 5.191026
82 101 4.889944
82 103 4.580256
82 105 3.734786
82 106 4.015865
82 107 4.847189
82 109 2.922148
82 110 4.839870
82 111 4.515467
82 112 5.722559
82 115 3.607612
83 87 1.335570
83 88 2.435013
83 89 2.954950
83 90 3.473245
83 91 2.028046
83 92 2.753788
83 93 3.582778
83 94 4.676656
83 95 4.546353
83 96 5.166167
83 97 3.669870
83 98 5.403169
83 99 4.280283
83 100 4.796688
83 101 4.379581
83 102 5.312568
83 103 4.128484
83 105 3.346446
83 106 3.589271
83 107 3.973533
83 108 5.199430
83 109 2.772314
83 110 4.608715
83 111 3.327818
83 112 4.383844
83 113 5.387395
83 115 2.339433
83 116 5.055028
83 117 5.313792
83 121 4.571366
84 87 2.253888
84 88 2.777010
84 89 2.869677
84 90 2.928128
84 91 3.144274
84 92 2.818369
84 93 3.710704
84 94 4.571959
84 95 4.155717
84 96 4.508583
84 97 4.108295
84 98 5.184198
84 99 4.023104
84 100 4.337540
84 101 3.593485
84 102 4.355575
84 103 4.167768
84 104 5.322448
84 105 2.554203
84 106 2.551864
84 107 2.749274
84 108 3.972756
84 109 2.338533
84 110 3.623334
84 111 2.157898
84 112 3.364486
84 113 4.352204
84 114 5.377545
84 115 1.236449
84 116 4.020836
84 117 4.435457
84 118 5.717196
84 121 3.849009
84 123 5.761532
84 127 5.147924
84 129 5.753917
84 133 4.920939
84 139 4.973855
85 87 3.490888
85 88 4.859112
85 89 5.315107
85 91 3.066129
85 92 5.555043
85 93 5.163311
85 97 4.703497
85 99 5.175196
85 100 5.596731
85 103 4.481839
85 105 4.974571
85 106 5.686738
85 109 3.979244
85 115 5.427373
86 87 3.323045
86 88 4.569237
86 89 4.984075
86 90 5.336451
86 91 3.595084
86 92 4.777465
86 93 5.440713
86 97 5.471610
86 99 5.134061
86 100 5.119654
86 101 4.609939
86 102 5.592768
86 103 4.954978
86 105 3.345015
86 106 3.408424
86 107 4.456290
86 108 5.603592
86 109 2.637915
86 110 4.077409
86 111 4.400375
86 112 5.727269
86 115 3.639433
87 93 3.002867
87 94 4.343626
87 95 4.656208
87 96 5.385254
87 97 2.875857
87 98 4.987942
87 99 4.613968
87 100 5.461209
87 101 5.259002
87 103 4.332898
87 105 4.424327
87 106 4.769480
87 107 4.892491
87 109 3.861882
87 111 3.975699
87 112 4.692201
87 113 5.648182
87 115 2.988932
87 116 5.441636
87 117 5.404634
87 121 4.526478
88 93 2.432467
88 94 3.801751
88 95 4.366481
88 96 4.937205
88 97 2.551725
88 98 4.161963
88 99 4.740475
88 100 5.749571
88 101 5.509923
88 103 4.630725
88 105 4.904976
88 106 5.191525
88 107 4.890052
88 109 4.581079
88 111 3.734499
88 112 4.016099
88 113 4.847945
88 115 2.921738
88 116 4.839750
88 117 4.515969
88 118 5.722812
88 121 3.607454
89 93 1.335042
89 94 2.434294
89 95 2.955003
89 96 3.472500
89 97 2.027948
89 98 2.753436
89 99 3.582255
89 100 4.675739
89 101 4.544926
89 102 5.165456
89 103 3.668915
89 104 5.402092
89 105 4.279343
89 106 4.795509
89 107 4.378435
89 108 5.311526
89 109 4.127547
89 111 3.344898
89 112 3.588624
89 113 3.973449
89 114 5.198808
89 115 2.770584
89 116 4.607751
89 117 3.327587
89 118 4.383290
89 119 5.386504
89 121 2.338455
89 122 5.055604
89 123 5.312711
89 127 4.570965
90 93 2.253293
90 94 2.776471
90 95 2.870673
90 96 2.928425
90 97 3.143734
90 98 2.817896
90 99 3.710921
90 100 4.571915
90 101 4.155110
90 102 4.508840
90 103 4.107915
90 104 5.184056
90 105 4.022784
90 106 4.337111
90 107 3.593302
90 108 4.355388
90 109 4.167111
90 110 5.322311
90 111 2.553294
90 112 2.551784
90 113 2.750080
90 114 3.973033
90 115 2.337367
90 116 3.622906
90 117 2.158566
90 118 3.364926
90 119 4.352372
90 120 5.378265
90 121 1.236490
90 122 4.022351
90 123 4.435511
90 124 5.716901
90 127 3.849533
90 129 5.761465
90 133 5.148056
90 135 5.754171
90 139 4.920691
90 145 4.974602
91 93 3.490814
91 94 4.859332
91 95 5.316052
91 97 3.066425
91 98 5.555393
91 99 5.163901
91 103 4.703176
91 105 5.176244
91 106 5.597117
91 109 4.483210
91 111 4.974222
91 112 5.686866
91 115 3.978767
91 121 5.427234
92 93 3.322867
92 94 4.569361
92 95 4.985685
92 96 5.337382
92 97 3.594590
92 98 4.777752
92 99 5.441698
92 103 5.471703
92 105 5.135208
92 106 5.120544
92 107 4.610339
92 108 5.593617
92 109 4.955976
92 111 3.345033
92 112 3.408863
92 113 4.457261
92 114 5.604054
92 115 2.637988
92 116 4.077511
92 117 4.401066
92 118 5.727900
92 121 3.639660
93 99 3.003634
93 100 4.344028
93 101 4.656003
93 102 5.385748
93 103 2.876310
93 104 4.988157
93 105 4.614025
93 106 5.460746
93 107 5.258592
93 109 4.333005
93 111 4.423285
93 112 4.768958
93 113 4.892760
93 115 3.860506
93 117 3.976025
93 118 4.692111
93 119 5.648106
93 121 2.988365
93 122 5.442319
93 123 5.404602
93 127 4.527419
94 99 2.433013
94 100 3.801889
94 101 4.365827
94 102 4.937266
94 103 2.552538
94 104 4.161787
94 105 4.740100
94 106 5.748819
94 107 5.509496
94 109 4.630390
94 111 4.903919
94 112 5.190895
94 113 4.890082
94 115 4.579763
94 117 3.734600
94 118 4.015571
94 119 4.847466
94 121 2.921015
94 122 4.839886
94 123 4.515542
94 124 5.722302
94 127 3.608140
95 99 1.334987
95 100 2.433976
95 101 2.954508
95 102 3.472895
95 103 2.028010
95 104 2.752590
95 105 3.582191
95 106 4.675680
95 107 4.545696
95 108 5.165756
95 109 3.668606
95 110 5.402303
95 111 4.279845
95 112 4.796549
95 113 4.379802
95 114 5.312507
95 115 4.127736
95 117 3.346413
95 118 3.589290
95 119 3.973843
95 120 5.199178
95 121 2.771705
95 122 4.609107
95 123 3.327520
95 124 4.383003
95 125 5.386587
95 127 2.339332
95 128 5.054737
95 129 5.312656
95 133 4.570870
96 99 2.253750
96 100 2.776792
96 101 2.870223
96 102 2.928820
96 103 3.144276
96 104 2.817796
96 105 3.710724
96 106 4.571745
96 107 4.155738
96 108 4.508739
96 109 4.107404
96 110 5.184270
96 111 4.022843
96 112 4.337453
96 113 3.593947
96 114 4.355813
96 115 4.166917
96 116 5.322113
96 117 2.554047
96 118 2.551895
96 119 2.750144
96 120 3.973065
96 121 2.337864
96 122 3.623613
96 123 2.158449
96 124 3.364669
96 125 4.352461
96 126 5.377605
96 127 1.237404
96 128 4.021526
96 129 4.435464
96 130 5.717349
96 133 3.849577
96 135 5.761809
96 139 5.147582
96 141 5.754781
96 145 4.922459
96 151 4.973591
97 99 3.492532
97 100 4.860842
97 101 5.317021
97 103 3.067988
97 104 5.556616
97 105 5.165213
97 109 4.704788
97 111 5.175733
97 112 5.596777
97 115 4.482428
97 117 4.974543
97 118 5.686681
97 121 3.978171
97 127 5.428691
98 99 3.322777
98 100 4.568745
98 101 4.984149
98 102 5.336508
98 103 3.594951
98 104 4.776716
98 105 5.440612
98 109 5.470700
98 111 5.133718
98 112 5.119506
98 113 4.609965
98 114 5.592696
98 115 4.954391
98 117 3.344632
98 118 3.407664
98 119 4.455956
98 120 5.603066
98 121 2.636846
98 122 4.077066
98 123 4.399851
98 124 5.726407
98 127 3.639520
99 105 3.003216
99 106 4.343347
99 107 4.656025
99 108 5.385558
99 109 2.875706
99 110 4.987798
99 111 4.613954
99 112 5.461202
99 113 5.259300
99 115 4.332585
99 117 4.424264
99 118 4.769497
99 119 4.893188
99 121 3.861092
99 123 3.975998
99 124 4.692153
99 125 5.648168
99 127 2.989141
99 128 5.442008
99 129 5.404310
99 133 4.526931
100 105 2.432543
100 106 3.801221
100 107 4.365896
100 108 4.937068
100 109 2.551757
100 110 4.161469
100 111 4.740188
100 112 5.749231
100 113 5.509868
100 115 4.630166
100 117 4.904562
100 118 5.191288
100 119 4.890486
100 121 4.580223
100 123 3.734477
100 124 4.015819
100 125 4.847623
100 127 2.921257
100 128 4.839928
100 129 4.515311
100 130 5.722426
100 133 3.607600
101 105 1.334742
101 106 2.433632
101 107 2.954472
101 108 3.472467
101 109 2.027367
101 110 2.752737
101 111 3.582202
101 112 4.675711
101 113 4.545218
101 114 5.165379
101 115 3.668512
101 116 5.401447
101 117 4.279490
101 118 4.796070
101 119 4.379287
101 120 5.311788
101 121 4.127510
101 123 3.345332
101 124 3.588711
101 125 3.973402
101 126 5.198745
101 127 2.770518
101 128 4.608491
101 129 3.326988
101 130 4.382928
101 131 5.386928
101 133 2.338621
101 134 5.054850
101 135 5.312643
101 139 4.570358
102 105 2.253525
102 106 2.776600
102 107 2.870801
102 108 2.928446
102 109 3.143640
102 110 2.817821
102 111 3.711351
102 112 4.572306
102 113 4.155714
102 114 4.508831
102 115 4.107945
102 116 5.183895
102 117 4.023086
102 118 4.337670
102 119 3.593958
102 120 4.355375
102 121 4.167581
102 122 5.322901
102 123 2.553413
102 124 2.551381
102 125 2.749591
102 126 3.972538
102 127 2.336926
102 128 3.623188
102 129 2.157691
102 130 3.364398
102 131 4.352738
102 132 5.378353
102 133 1.236473
102 134 4.021304
102 135 4.435476
102 136 5.717620
102 139 3.849008
102 141 5.762047
102 145 5.149103
102 147 5.753765
102 151 4.919990
102 157 4.974966
103 105 3.491767
103 106 4.859571
103 107 5.316343
103 109 3.067064
103 110 5.555738
103 111 5.164393
103 115 4.703485
103 117 5.176486
103 118 5.597317
103 121 4.482593
103 123 4.974752
103 124 5.687064
103 127 3.979239
103 133 5.428097
104 105 3.322410
104 106 4.568298
104 107 4.984473
104 108 5.336335
104 109 3.594318
104 110 4.776674
104 111 5.440753
104 115 5.470524
104 117 5.134157
104 118 5.119605
104 119 4.610180
104 120 5.592432
104 121 4.954680
104 123 3.344347
104 124 3.407940
104 125 4.456174
104 126 5.602994
104 127 2.636809
104 128 4.077040
104 129 4.399701
104 130 5.726719
104 133 3.639051
105 111 3.003497
105 112 4.343717
105 113 4.655742
105 114 5.385263
105 115 2.876090
105 116 4.987161
105 117 4.613804
105 118 5.460965
105 119 5.258840
105 121 4.332603
105 123 4.423221
105 124 4.768669
105 125 4.892437
105 127 3.860068
105 129 3.975188
105 130 4.691647
105 131 5.648225
105 133 2.988230
105 134 5.441585
105 135 5.404286
105 139 4.526715
106 111 2.433243
106 112 3.801896
106 113 4.365692
106 114 4.937088
106 115 2.552497
106 116 4.161213
106 117 4.739982
106 118 5.749219
106 119 5.509672
106 121 4.630213
106 123 4.903777
106 124 5.190665
106 125 4.890078
106 127 4.579126
106 129 3.734186
106 130 4.015744
106 131 4.848135
106 133 2.920990
106 134 4.839849
106 135 4.515877
106 136 5.722939
106 139 3.608224
107 111 1.335273
107 112 2.434318
107 113 2.954689
107 114 3.473081
107 115 2.027610
107 116 2.752355
107 117 3.582447
107 118 4.676525
107 119 4.545962
107 120 5.166448
107 121 3.669037
107 122 5.403204
107 123 4.279818
107 124 4.796376
107 125 4.379856
107 126 5.312547
107 127 4.127363
107 129 3.346020
107 130 3.589374
107 131 3.974342
107 132 5.200164
107 133 2.771487
107 134 4.608925
107 135 3.328025
107 136 4.383836
107 137 5.387564
107 139 2.339625
107 140 5.055916
107 141 5.313495
107 145 4.571649
108 111 2.254353
108 112 2.777122
108 113 2.870072
108 114 2.928161
108 115 3.144464
108 116 2.817619
108 117 3.710699
108 118 4.572170
108 119 4.155297
108 120 4.508648
108 121 4.108056
108 122 5.184588
108 123 4.022330
108 124 4.336807
108 125 3.593331
108 126 4.355033
108 127 4.166270
108 128 5.322248
108 129 2.553174
108 130 2.551323
108 131 2.749668
108 132 3.973102
108 133 2.337254
108 134 3.622863
108 135 2.157980
108 136 3.364698
108 137 4.352534
108 138 5.377473
108 139 1.236707
108 140 4.022018
108 141 4.435304
108 142 5.717271
108 145 3.849329
108 147 5.761055
108 151 5.146528
108 153 5.754154
108 157 4.921838
109 111 3.491336
109 112 4.859423
109 113 5.315674
109 115 3.066806
109 116 5.554584
109 117 5.163924
109 121 4.703076
109 123 5.175068
109 124 5.596113
109 127 4.481437
109 129 4.973407
109 130 5.685968
109 133 3.977773
109 139 5.427345
110 111 3.323314
110 112 4.569104
110 113 4.984385
110 114 5.336567
110 115 3.595199
110 116 4.776518
110 117 5.440799
110 121 5.470931
110 123 5.133728
110 124 5.119382
110 125 4.610039
110 126 5.592891
110 127 4.953793
110 129 3.344299
110 130 3.407885
110 131 4.456878
110 132 5.603927
110 133 2.636772
110 134 4.077047
110 135 4.400379
110 136 5.727325
110 139 3.639833
111 117 3.002951
111 118 4.343670
111 119 4.655717
111 120 5.385797
111 121 2.875656
111 122 4.988126
111 123 4.613644
111 124 5.460818
111 125 5.259136
111 127 4.332252
111 129 4.423813
111 130 4.769501
111 131 4.893203
111 133 3.861003
111 135 3.976063
111 136 4.692302
111 137 5.648350
111 139 2.989083
111 140 5.442433
111 141 5.404474
111 145 4.527035
112 117 2.432649
112 118 3.801916
112 119 4.365597
112 120 4.937686
112 121 2.552382
112 122 4.162173
112 123 4.740002
112 124 5.748956
112 125 5.509814
112 127 4.630131
112 129 4.904254
112 130 5.191303
112 131 4.890331
112 133 4.580093
112 135 3.734647
112 136 4.016023
112 137 4.847837
112 139 2.921362
112 140 4.840215
112 141 4.515680
112 142 5.722945
112 145 3.607808
113 117 1.335260
113 118 2.434950
113 119 2.954659
113 120 3.473636
113 121 2.028547
113 122 2.753933
113 123 3.582531
113 124 4.675927
113 125 4.545538
113 126 5.165413
113 127 3.669051
113 128 5.402459
113 129 4.279516
113 130 4.796139
113 131 4.379155
113 132 5.312613
113 133 4.127640
113 135 3.345366
113 136 3.588982
113 137 3.973561
113 138 5.198930
113 139 2.770178
113 140 4.608667
113 141 3.327662
113 142 4.383700
113 143 5.386838
113 145 2.339459
113 146 5.055379
113 147 5.312901
113 151 4.570384
114 117 2.253842
114 118 2.777591
114 119 2.870266
114 120 2.929176
114 121 3.144888
114 122 2.818799
114 123 3.711046
114 124 4.571907
114 125 4.155393
114 126 4.508188
114 127 4.107889
114 128 5.184263
114 129 4.022653
114 130 4.337222
114 131 3.593146
114 132 4.355665
114 133 4.167106
114 134 5.322192
114 135 2.553007
114 136 2.551491
114 137 2.749428
114 138 3.972413
114 139 2.336272
114 140 3.623193
114 141 2.158044
114 142 3.364961
114 143 4.352267
114 144 5.378192
114 145 1.236751
114 146 4.021760
114 147 4.435232
114 148 5.717088
114 151 3.848561
114 153 5.761911
114 157 5.149116
115 117 3.490963
115 118 4.859263
115 119 5.315526
115 121 3.066201
115 122 5.555506
115 123 5.163559
115 127 4.702682
115 129 5.175494
115 130 5.596869
115 133 4.482087
115 135 4.974363
115 136 5.686758
115 139 3.978733
115 145 5.427751
116 117 3.322471
116 118 4.569065
116 119 4.984049
116 120 5.337086
116 121 3.594880
116 122 4.777573
116 123 5.440340
116 127 5.470138
116 129 5.133581
116 130 5.119369
116 131 4.609786
116 132 5.593296
116 133 4.954042
116 135 3.344495
116 136 3.408196
116 137 4.456741
116 138 5.603361
116 139 2.636953
116 140 4.077419
116 141 4.400276
116 142 5.727658
116 145 3.639128
117 123 3.003184
117 124 4.343273
117 125 4.655518
117 126 5.384746
117 127 2.876215
117 128 4.987378
117 129 4.613461
117 130 5.460826
117 131 5.258746
117 133 4.332548
117 135 4.423297
117 136 4.769197
117 137 4.892463
117 139 3.859739
117 141 3.975721
117 142 4.691901
117 143 5.647593
117 145 2.989298
117 146 5.441591
117 147 5.403905
117 151 4.526048
118 123 2.433057
118 124 3.801603
118 125 4.365784
118 126 4.936802
118 127 2.552858
118 128 4.161277
118 129 4.740212
118 130 5.749582
118 131 5.510165
118 133 4.630665
118 135 4.904441
118 136 5.191915
118 137 4.890504
118 139 4.579338
118 141 3.735204
118 142 4.016045
118 143 4.847610
118 145 2.922902
118 146 4.839769
118 147 4.515560
118 148 5.722504
118 151 3.607680
119 123 1.335824
119 124 2.434717
119 125 2.954888
119 126 3.472721
119 127 2.028429
119 128 2.753240
119 129 3.582682
119 130 4.676467
119 131 4.545850
119 132 5.166571
119 133 3.669509
119 134 5.402765
119 135 4.279460
119 136 4.796584
119 137 4.379292
119 138 5.312304
119 139 4.126508
119 141 3.345902
119 142 3.588701
119 143 3.973204
119 144 5.199514
119 145 2.772149
119 146 4.607776
119 147 3.327378
119 148 4.383422
119 149 5.387500
119 151 2.338762
119 152 5.054794
119 153 5.313931
119 157 4.572755
120 123 2.253872
120 124 2.776548
120 125 2.869847
120 126 2.927460
120 127 3.144264
120 128 2.817266
120 129 3.710904
120 130 4.572258
120 131 4.155618
120 132 4.509219
120 133 4.108133
120 134 5.184171
120 135 4.022821
120 136 4.338231
120 137 3.593952
120 138 4.355917
120 139 4.166253
120 140 5.323537
120 141 2.554395
120 142 2.551717
120 143 2.749133
120 144 3.973013
120 145 2.339216
120 146 3.622802
120 147 2.157404
120 148 3.363887
120 149 4.352289
120 150 5.377651
120 151 1.235771
120 152 4.020501
120 153 4.435707
120 154 5.716827
120 157 3.850265
121 123 3.491429
121 124 4.859319
121 125 5.315967
121 127 3.067064
121 128 5.555142
121 129 5.163986
121 133 4.703388
121 135 5.175972
121 136 5.597509
121 139 4.481876
121 141 4.974905
121 142 5.687138
121 145 3.979760
121 151 5.427393
122 123 3.323202
122 124 4.568876
122 125 4.984442
122 126 5.336155
122 127 3.595730
122 128 4.776567
122 129 5.441047
122 133 5.471325
122 135 5.134244
122 136 5.120387
122 137 4.610073
122 138 5.593134
122 139 4.953970
122 141 3.345032
122 142 3.407900
122 143 4.456119
122 144 5.603840
122 145 2.638372
122 146 4.076691
122 147 4.399893
122 148 5.726632
122 151 3.639260
123 129 3.002721
123 130 4.343347
123 131 4.655815
123 132 5.385881
123 133 2.875826
123 134 4.987355
123 135 4.613378
123 136 5.461343
123 137 5.259113
123 139 4.331366
123 141 4.424144
123 142 4.769297
123 143 4.892408
123 145 3.862040
123 147 3.975530
123 148 4.692007
123 149 5.648422
123 151 2.988246
123 152 5.441579
123 153 5.404868
123 157 4.528087
124 129 2.432640
124 130 3.801690
124 131 4.366030
124 132 4.937784
124 133 2.552518
124 134 4.161523
124 135 4.739807
124 136 5.749659
124 137 5.510092
124 139 4.629261
124 141 4.904655
124 142 5.191199
124 143 4.889843
124 145 4.581017
124 147 3.734384
124 148 4.016170
124 149 4.848319
124 151 2.920813
124 152 4.839982
124 153 4.516396
124 154 5.723000
124 157 3.609226
125 129 1.335610
125 130 2.434856
125 131 2.955322
125 132 3.473847
125 133 2.028497
125 134 2.753394
125 135 3.582505
125 136 4.676839
125 137 4.546169
125 138 5.166283
125 139 3.668407
125 140 5.403675
125 141 4.280007
125 142 4.796291
125 143 4.378895
125 144 5.312299
125 145 4.128396
125 147 3.345283
125 148 3.589151
125 149 3.974265
125 150 5.199539
125 151 2.769819
125 152 4.608624
125 153 3.328284
125 154 4.383859
125 155 5.387884
125 157 2.340651
125 158 5.055649
126 129 2.254363
126 130 2.777656
126 131 2.870759
126 132 2.929173
126 133 3.144785
126 134 2.818633
126 135 3.710844
126 136 4.572612
126 137 4.155728
126 138 4.508905
126 139 4.107179
126 140 5.185321
126 141 4.022663
126 142 4.336916
126 143 3.592662
126 144 4.355021
126 145 4.167267
126 146 5.321575
126 147 2.552659
126 148 2.551517
126 149 2.750133
126 150 3.973006
126 151 2.335731
126 152 3.623144
126 153 2.158867
126 154 3.365186
126 155 4.353345
126 156 5.352951
126 157 1.238408
126 158 4.022153
127 129 3.490000
127 130 4.858413
127 131 5.315332
127 133 3.065762
127 134 5.554146
127 135 5.163143
127 139 4.701650
127 141 5.176030
127 142 5.596960
127 145 4.483385
127 147 4.973833
127 148 5.686328
127 151 3.977930
127 157 5.428366
128 129 3.323279
128 130 4.569505
128 131 4.985086
128 132 5.337600
128 133 3.595722
128 134 4.777469
128 135 5.440871
128 139 5.470076
128 141 5.134482
128 142 5.119468
128 143 4.609493
128 144 5.593095
128 145 4.955593
128 147 3.344323
128 148 3.408247
128 149 4.457068
128 150 5.603991
128 151 2.636742
128 152 4.076918
128 153 4.401264
128 154 5.727851
128 157 3.640989
129 135 3.003215
129 136 4.344178
129 137 4.656460
129 138 5.385839
129 139 2.875494
129 140 4.988732
129 141 4.614096
129 142 5.461355
129 143 5.258848
129 145 4.333200
129 147 4.423606
129 148 4.769765
129 149 4.893721
129 151 3.859669
129 153 3.976542
129 154 4.692597
129 155 5.649034
129 157 2.990321
129 158 5.442438
130 135 2.433099
130 136 3.802375
130 137 4.366695
130 138 4.937688
130 139 2.552538
130 140 4.162704
130 141 4.740519
130 142 5.749937
130 143 5.510021
130 145 4.630790
130 147 4.904408
130 148 5.191969
130 149 4.891334
130 151 4.579008
130 153 3.735192
130 154 4.016387
130 155 4.848626
130 157 2.922585
130 158 4.840286
131 135 1.335174
131 136 2.434576
131 137 2.955023
131 138 3.472734
131 139 2.028016
131 140 2.753687
131 141 3.582283
131 142 4.676439
131 143 4.545473
131 144 5.165813
131 145 3.668798
131 146 5.402545
131 147 4.279474
131 148 4.796650
131 149 4.380061
131 150 5.312476
131 151 4.126387
131 153 3.345921
131 154 3.588823
131 155 3.973995
131 156 5.202132
131 157 2.771913
131 158 4.608359
132 135 2.254555
132 136 2.777860
132 137 2.871196
132 138 2.928573
132 139 3.144897
132 140 2.819113
132 141 3.711382
132 142 4.572902
132 143 4.155737
132 144 4.508654
132 145 4.108281
132 146 5.184770
132 147 4.022946
132 148 4.337910
132 149 3.594128
132 150 4.355436
132 151 4.166383
132 152 5.323328
132 153 2.553379
132 154 2.550774
132 155 2.749434
132 156 3.976536
132 157 2.337689
132 158 3.622320
133 135 3.491076
133 136 4.859728
133 137 5.316363
133 139 3.066148
133 140 5.555919
133 141 5.164300
133 145 4.703942
133 147 5.175784
133 148 5.597556
133 151 4.481400
133 153 4.975029
133 154 5.687101
133 157 3.980154
134 135 3.323111
134 136 4.569574
134 137 4.985260
134 138 5.337093
134 139 3.595292
134 140 4.778078
134 141 5.441093
134 145 5.471167
134 147 5.133955
134 148 5.120281
134 149 4.610859
134 150 5.593415
134 151 4.953362
134 153 3.344853
134 154 3.408569
134 155 4.457188
134 156 5.581194
134 157 2.637587
134 158 4.077425
135 141 3.002821
135 142 4.343821
135 143 4.655576
135 144 5.385500
135 145 2.875360
135 146 4.987809
135 147 4.613309
135 148 5.461061
135 149 5.259533
135 151 4.331072
135 153 4.423913
135 154 4.769038
135 155 4.893293
135 157 3.861576
136 141 2.432999
136 142 3.802768
136 143 4.366557
136 144 4.938079
136 145 2.551949
136 146 4.162550
136 147 4.740632
136 148 5.750134
136 149 5.511132
136 151 4.629971
136 153 4.905176
136 154 5.191412
136 155 4.891142
136 157 4.581357
137 141 1.334808
137 142 2.434876
137 143 2.955070
137 144 3.473445
137 145 2.027145
137 146 2.753322
137 147 3.582653
137 148 4.676625
137 149 4.546615
137 150 5.166520
137 151 3.668549
137 152 5.403063
137 153 4.280470
137 154 4.796379
137 155 4.380324
137 156 5.343715
137 157 4.128759
138 141 2.253890
138 142 2.778035
138 143 2.871339
138 144 2.929275
138 145 3.143753
138 146 2.818954
138 147 3.711641
138 148 4.572952
138 149 4.156578
138 150 4.509489
138 151 4.107968
138 152 5.185438
138 153 4.023377
138 154 4.337171
138 155 3.594208
138 156 4.395364
138 157 4.167694
138 158 5.322424
139 141 3.490041
139 142 4.858656
139 143 5.314730
139 145 3.065318
139 146 5.554432
139 147 5.162614
139 151 4.700763
139 153 5.175631
139 154 5.596657
139 157 4.482798
140 141 3.323260
140 142 4.570279
140 143 4.985585
140 144 5.337730
140 145 3.594839
140 146 4.778234
140 147 5.441715
140 151 5.470814
140 153 5.135186
140 154 5.120185
140 155 4.611066
140 156 5.631611
140 157 4.955989
141 147 3.003428
141 148 4.343879
141 149 4.656483
141 150 5.385885
141 151 2.875882
141 152 4.987906
141 153 4.614320
141 154 5.460763
141 155 5.259588
141 157 4.333623
142 147 2.432833
142 148 3.801510
142 149 4.366244
142 150 4.937618
142 151 2.552574
142 152 4.161096
142 153 4.740822
142 154 5.749377
142 155 5.511005
142 157 4.631324
143 147 1.335058
143 148 2.434000
143 149 2.954845
143 150 3.473328
143 151 2.028026
143 152 2.752730
143 153 3.582810
143 154 4.676020
143 155 4.546651
143 156 5.174703
143 157 3.669307
143 158 5.402550
144 147 2.254573
144 148 2.776963
144 149 2.870017
144 150 2.928061
144 151 3.145248
144 152 2.818124
144 153 3.711013
144 154 4.571550
144 155 4.155800
144 156 4.521979
144 157 4.107934
144 158 5.183816
145 147 3.491446
145 148 4.859721
145 149 5.316514
145 151 3.066750
145 152 5.555353
145 153 5.164530
145 157 4.704524
146 147 3.322514
146 148 4.568315
146 149 4.984459
146 150 5.336710
146 151 3.594941
146 152 4.776075
146 153 5.441091
146 157 5.471266
147 153 3.003636
147 154 4.343520
147 155 4.656693
147 156 5.377206
147 157 2.876437
147 158 4.987784
148 153 2.433961
148 154 3.802521
148 155 4.367234
148 156 4.911904
148 157 2.553172
148 158 4.162502
149 153 1.336152
149 154 2.435093
149 155 2.955986
149 156 3.441236
149 157 2.028109
149 158 2.753567
150 153 2.254278
150 154 2.777421
150 155 2.871173
150 156 2.895133
150 157 3.143962
150 158 2.818356
151 153 3.490929
151 154 4.858458
151 155 5.315945
151 157 3.066586
151 158 5.554524
152 153 3.324565
152 154 4.570547
152 155 4.986651
152 156 5.312344
152 157 3.596173
152 158 4.778803

RESIDUES
ALA 1
 0.0 8.000000
 0.1 8.000000
 0.2 8.000000
 0.3 8.000000
 0.4 8.000000
 0.5 8.000000
 0.6 8.000000
 0.7 8.000000
 0.8 8.000000
 0.9 8.000000
 1.0 8.000000
 1.1 8.000000
 1.2 7.500000
 1.3 7.000000
 1.4 7.000000
 1.5 7.000000
 1.6 7.000000
 1.7 7.000000
 1.8 7.000000
 1.9 7.000000
 2.0 6.833333
 2.1 6.833333
 2.2 6.166667
 2.3 4.500000
 2.4 3.000000
 2.5 3.000000
 2.6 1.833571
 2.7 0.667000
 2.8 0.261357
 2.9 -0.638833
 3.0 -0.650200
 3.1 -0.333714
 3.2 -0.333714
 3.3 -1.900300
 3.4 -1.771000
 3.5 -1.583500
 3.6 0.525250
 3.7 1.333333
 3.8 3.037714
 3.9 1.411000
 4.0 2.283059
 4.1 2.771500
 4.2 2.714417
 4.3 3.152333
 4.4 3.266833
 4.5 2.693105
 4.6 2.625091
 4.7 1.000733
 4.8 0.110778
 4.9 0.594526
 5.0 1.838071
 5.1 1.238800
 5.2 -1.070591
 5.3 -0.379684
 5.4 0.302261
 5.5 3.256889
 5.6 6.116842
 5.7 7.864875

ALA 2
 0.0 6.000000
 0.1 6.000000
 0.2 6.000000
 0.3 6.000000
 0.4 6.000000
 0.5 6.000000
 0.6 6.000000
 0.7 6.000000
 0.8 6.000000
 0.9 6.000000
 1.0 6.000000
 1.1 6.000000
 1.2 5.500000
 1.3 4.750000
 1.4 4.750000
 1.5 4.750000
 1.6 4.750000
 1.7 4.750000
 1.8 4.750000
 1.9 4.750000
 2.0 4.166667
 2.1 4.166667
 2.2 3.166667
 2.3 1.409091
 2.4 -0.500000
 2.5 -0.500000
 2.6 -2.499714
 2.7 -3.750000
 2.8 -4.643571
 2.9 -6.221583
 3.0 -5.632300
 3.1 -5.666000
 3.2 -5.666000
 3.3 -7.716100
 3.4 -5.895375
 3.5 -5.686750
 3.6 -2.345750
 3.7 2.479083
 3.8 5.802571
 3.9 1.628333
 4.0 2.398059
 4.1 2.819083
 4.2 1.713500
 4.3 0.557167
 4.4 -0.195708
 4.5 -1.221474
 4.6 0.984273
 4.7 1.126467
 4.8 0.282167
 4.9 0.599368
 5.0 2.330571
 5.1 2.386867
 5.2 -0.223227
 5.3 4.460474
 5.4 7.108609
 5.5 16.993444
 5.6 25.352526
 5.7 28.789062

ALA 3
 0.0 6.000000
 0.1 6.000000
 0.2 6.000000
 0.3 6.000000
 0.4 6.000000
 0.5 6.000000
 0.6 6.000000
 0.7 6.000000
 0.8 6.000000
 0.9 6.000000
 1.0 6.000000
 1.1 6.000000
 1.2 5.500000
 1.3 4.750000
 1.4 4.750000
 1.5 4.750000
 1.6 4.750000
 1.7 4.750000
 1.8 4.750000
 1.9 4.750000
 2.0 4.000000
 2.1 4.000000
 2.2 3.000000
 2.3 1.818182
 2.4 -0.125000
 2.5 -0.125000
 2.6 -2.166429
 2.7 -2.750000
 2.8 -3.619786
 2.9 -5.304917
 3.0 -4.732300
 3.1 -5.189714
 3.2 -5.189714
 3.3 -7.032700
 3.4 -4.791250
 3.5 -4.519875
 3.6 0.054250
 3.7 7.395833
 3.8 11.350143
 3.9 5.931333
 4.0 5.885706
 4.1 6.888833
 4.2 5.705000
 4.3 4.143167
 4.4 3.603167
 4.5 2.439421
 4.6 4.467318
 4.7 3.693467
 4.8 0.993944
 4.9 2.312263
 5.0 5.322857
 5.1 4.639600
 5.2 -2.415455
 5.3 1.835000
 5.4 5.577609
 5.5 29.441222
 5.6 42.593316
 5.7 46.669500

ALA 4
 0.0 6.000000
 0.1 6.000000
 0.2 6.000000
 0.3 6.000000
 0.4 6.000000
 0.5 6.000000
 0.6 6.000000
 0.7 6.000000
 0.8 6.000000
 0.9 6.000000
 1.0 6.000000
 1.1 6.000000
 1.2 5.666667
 1.3 4.500000
 1.4 4.500000
 1.5 4.500000
 1.6 4.500000
 1.7 4.500000
 1.8 4.500000
 1.9 4.500000
 2.0 3.666667
 2.1 3.666667
 2.2 3.166667
 2.3 1.818182
 2.4 -0.250000
 2.5 -0.250000
 2.6 -2.095000
 2.7 -2.750000
 2.8 -3.572214
 2.9 -5.346583
 3.0 -4.732400
 3.1 -5.666143
 3.2 -5.666143
 3.3 -7.133000
 3.4 -4.874875
 3.5 -4.624000
 3.6 0.517000
 3.7 7.333500
 3.8 10.945429
 3.9 5.463667
 4.0 5.238412
 4.1 6.673833
 4.2 5.155333
 4.3 2.868417
 4.4 2.402292
 4.5 1.183053
 4.6 2.975500
 4.7 1.320333
 4.8 -1.088333
 4.9 1.454421
 5.0 8.709571
 5.1 7.356267
 5.2 -1.717091
 5.3 7.103789
 5.4 18.932000
 5.5 54.163889
 5.6 74.039158
 5.7 81.600437

ALA 5
 0.0 6.000000
 0.1 6.000000
 0.2 6.000000
 0.3 6.000000
 0.4 6.000000
 0.5 6.000000
 0.6 6.000000
 0.7 6.000000
 0.8 6.000000
 0.9 6.000000
 1.0 6.000000
 1.1 6.000000
 1.2 5.500000
 1.3 4.750000
 1.4 4.750000
 1.5 4.750000
 1.6 4.750000
 1.7 4.750000
 1.8 4.750000
 1.9 4.750000
 2.0 3.666667
 2.1 3.666667
 2.2 3.166667
 2.3 1.090909
 2.4 -1.250000
 2.5 -1.250000
 2.6 -3.547143
 2.7 -4.666000
 2.8 -5.619143
 2.9 -7.416583
 3.0 -7.216800
 3.1 -6.905143
 3.2 -6.905143
 3.3 -8.983800
 3.4 -7.063000
 3.5 -6.520875
 3.6 -0.341800
 3.7 5.833250
 3.8 10.064571
 3.9 5.667000
 4.0 6.196000
 4.1 7.581833
 4.2 5.535667
 4.3 1.274667
 4.4 0.696000
 4.5 2.116368
 4.6 4.645364
 4.7 3.044400
 4.8 -1.224944
 4.9 1.347526
 5.0 9.306571
 5.1 7.800667
 5.2 -3.468909
 5.3 7.867842
 5.4 22.425130
 5.5 69.681556
 5.6 95.935421
 5.7 108.775875

ALA 6
 0.0 6.000000
 0.1 6.000000
 0.2 6.000000
 0.3 6.000000
 0.4 6.000000
 0.5 6.000000
 0.6 6.000000
 0.7 6.000000
 0.8 6.000000
 0.9 6.000000
 1.0 6.000000
 1.1 6.000000
 1.2 5.000000
 1.3 4.250000
 1.4 4.250000
 1.5 4.250000
 1.6 4.250000
 1.7 4.250000
 1.8 4.250000
 1.9 4.250000
 2.0 3.333333
 2.1 3.333333
 2.2 2.333333
 2.3 0.454545
 2.4 -2.125000
 2.5 -2.125000
 2.6 -3.928714
 2.7 -4.833500
 2.8 -5.047286
 2.9 -5.541167
 3.0 -3.433400
 3.1 -2.356857
 3.2 -2.356857
 3.3 -3.800200
 3.4 -0.062500
 3.5 1.146125
 3.6 7.558700
 3.7 14.708250
 3.8 18.866714
 3.9 11.244833
 4.0 11.415647
 4.1 11.775917
 4.2 9.443250
 4.3 5.318500
 4.4 2.782333
 4.5 2.431158
 4.6 5.796273
 4.7 3.155533
 4.8 -2.009111
 4.9 -0.084316
 5.0 10.214571
 5.1 7.078733
 5.2 -6.889818
 5.3 8.659842
 5.4 26.160913
 5.5 77.289000
 5.6 104.628263
 5.7 116.953438

ALA 7
 0.0 6.000000
 0.1 6.000000
 0.2 6.000000
 0.3 6.000000
 0.4 6.000000
 0.5 6.000000
 0.6 6.000000
 0.7 6.000000
 0.8 6.000000
 0.9 6.000000
 1.0 6.000000
 1.1 6.000000
 1.2 5.000000
 1.3 4.000000
 1.4 4.000000
 1.5 4.000000
 1.6 4.000000
 1.7 4.000000
 1.8 4.000000
 1.9 4.000000
 2.0 3.166667
 2.1 3.166667
 2.2 2.333333
 2.3 0.454545
 2.4 -2.125000
 2.5 -2.125000
 2.6 -4.023857
 2.7 -4.582500
 2.8 -4.963929
 2.9 -5.499583
 3.0 -3.433400
 3.1 -2.333143
 3.2 -2.333143
 3.3 -3.866800
 3.4 0.041625
 3.5 1.125250
 3.6 7.525400
 3.7 14.555583
 3.8 18.371286
 3.9 9.850500
 4.0 10.209882
 4.1 9.533000
 4.2 7.073667
 4.3 2.810333
 4.4 1.827958
 4.5 3.145947
 4.6 6.705409
 4.7 4.034000
 4.8 -0.846556
 4.9 2.966421
 5.0 16.307357
 5.1 15.279067
 5.2 0.003727
 5.3 19.258895
 5.4 39.975870
 5.5 137.987556
 5.6 191.089632
 5.7 212.900688

ALA 8
 0.0 6.000000
 0.1 6.000000
 0.2 6.000000
 0.3 6.000000
 0.4 6.000000
 0.5 6.000000
 0.6 6.000000
 0.7 6.000000
 0.8 6.000000
 0.9 6.000000
 1.0 6.000000
 1.1 6.000000
 1.2 5.166667
 1.3 4.000000
 1.4 4.000000
 1.5 4.000000
 1.6 4.000000
 1.7 4.000000
 1.8 4.000000
 1.9 4.000000
 2.0 3.000000
 2.1 3.000000
 2.2 2.166667
 2.3 0.454545
 2.4 -2.125000
 2.5 -2.125000
 2.6 -3.785857
 2.7 -4.582500
 2.8 -4.940143
 2.9 -5.513417
 3.0 -3.416700
 3.1 -2.618714
 3.2 -2.618714
 3.3 -3.933400
 3.4 -0.041500
 3.5 1.229125
 3.6 7.416900
 3.7 14.694500
 3.8 18.476286
 3.9 9.767167
 4.0 10.246941
 4.1 9.489750
 4.2 7.123667
 4.3 2.815917
 4.4 1.764083
 4.5 3.177316
 4.6 6.704818
 4.7 3.895600
 4.8 -0.795556
 4.9 2.881368
 5.0 16.353786
 5.1 14.863867
 5.2 -1.369727
 5.3 16.862053
 5.4 36.701000
 5.5 130.963444
 5.6 182.224421
 5.7 201.512188

ALA 9
 0.0 6.000000
 0.1 6.000000
 0.2 6.000000
 0.3 6.000000
 0.4 6.000000
 0.5 6.000000
 0.6 6.000000
 0.7 6.000000
 0.8 6.000000
 0.9 6.000000
 1.0 6.000000
 1.1 6.000000
 1.2 5.333333
 1.3 4.000000
 1.4 4.000000
 1.5 4.000000
 1.6 4.000000
 1.7 4.000000
 1.8 4.000000
 1.9 4.000000
 2.0 3.166667
 2.1 3.166667
 2.2 2.333333
 2.3 0.272727
 2.4 -2.125000
 2.5 -2.125000
 2.6 -3.904857
 2.7 -4.666000
 2.8 -4.975929
 2.9 -5.485667
 3.0 -3.316600
 3.1 -2.404571
 3.2 -2.404571
 3.3 -3.916800
 3.4 -0.083375
 3.5 1.333250
 3.6 7.321050
 3.7 14.750000
 3.8 18.816714
 3.9 9.828333
 4.0 10.322471
 4.1 9.592583
 4.2 7.091833
 4.3 2.955250
 4.4 1.735542
 4.5 3.157789
 4.6 6.866500
 4.7 3.980867
 4.8 -0.849667
 4.9 3.381632
 5.0 17.874857
 5.1 16.590867
 5.2 -1.375455
 5.3 16.618789
 5.4 36.824870
 5.5 132.232222
 5.6 182.416000
 5.7 202.813125

ALA 10
 0.0 6.000000
 0.1 6.000000
 0.2 6.000000
 0.3 6.000000
 0.4 6.000000
 0.5 6.000000
 0.6 6.000000
 0.7 6.000000
 0.8 6.000000
 0.9 6.000000
 1.0 6.000000
 1.1 6.000000
 1.2 5.000000
 1.3 4.000000
 1.4 4.000000
 1.5 4.000000
 1.6 4.000000
 1.7 4.000000
 1.8 4.000000
 1.9 4.000000
 2.0 3.333333
 2.1 3.333333
 2.2 2.333333
 2.3 0.363636
 2.4 -2.250000
 2.5 -2.250000
 2.6 -3.952571
 2.7 -4.833500
 2.8 -4.916429
 2.9 -5.457750
 3.0 -3.350000
 3.1 -2.356857
 3.2 -2.356857
 3.3 -3.733400
 3.4 -0.083500
 3.5 1.250000
 3.6 7.458650
 3.7 14.694500
 3.8 19.128571
 3.9 9.656167
 4.0 10.252882
 4.1 9.529083
 4.2 6.966667
 4.3 2.860417
 4.4 1.744542
 4.5 3.007474
 4.6 6.786955
 4.7 3.940733
 4.8 -0.807778
 4.9 3.221000
 5.0 18.162286
 5.1 16.775533
 5.2 -1.314227
 5.3 16.686526
 5.4 36.807696
 5.5 130.596000
 5.6 182.163316
 5.7 202.524187

ALA 11
 0.0 6.000000
 0.1 6.000000
 0.2 6.000000
 0.3 6.000000
 0.4 6.000000
 0.5 6.000000
 0.6 6.000000
 0.7 6.000000
 0.8 6.000000
 0.9 6.000000
 1.0 6.000000
 1.1 6.000000
 1.2 5.000000
 1.3 4.000000
 1.4 4.000000
 1.5 4.000000
 1.6 4.000000
 1.7 4.000000
 1.8 4.000000
 1.9 4.000000
 2.0 3.333333
 2.1 3.333333
 2.2 2.333333
 2.3 0.409091
 2.4 -2.250000
 2.5 -2.250000
 2.6 -4.071429
 2.7 -4.666000
 2.8 -4.904500
 2.9 -5.457917
 3.0 -3.400000
 3.1 -2.380714
 3.2 -2.380714
 3.3 -3.833500
 3.4 -0.083375
 3.5 1.208250
 3.6 7.508650
 3.7 14.666583
 3.8 18.631143
 3.9 10.042167
 4.0 10.230353
 4.1 9.590000
 4.2 6.915333
 4.3 2.842000
 4.4 1.743167
 4.5 3.190105
 4.6 6.723818
 4.7 4.070533
 4.8 -0.884722
 4.9 3.293263
 5.0 18.336714
 5.1 16.872400
 5.2 -1.364045
 5.3 16.658947
 5.4 37.011826
 5.5 130.910889
 5.6 182.322737
 5.7 202.905688

ALA 12
 0.0 6.000000
 0.1 6.000000
 0.2 6.000000
 0.3 6.000000
 0.4 6.000000
 0.5 6.000000
 0.6 6.000000
 0.7 6.000000
 0.8 6.000000
 0.9 6.000000
 1.0 6.000000
 1.1 6.000000
 1.2 5.000000
 1.3 4.000000
 1.4 4.000000
 1.5 4.000000
 1.6 4.000000
 1.7 4.000000
 1.8 4.000000
 1.9 4.000000
 2.0 3.333333
 2.1 3.333333
 2.2 2.166667
 2.3 0.500000
 2.4 -2.250000
 2.5 -2.250000
 2.6 -4.024000
 2.7 -4.917000
 2.8 -4.844929
 2.9 -5.485500
 3.0 -3.316700
 3.1 -2.642429
 3.2 -2.642429
 3.3 -3.866800
 3.4 -0.062750
 3.5 1.041750
 3.6 7.546200
 3.7 14.777750
 3.8 18.335714
 3.9 10.042167
 4.0 10.252941
 4.1 9.708083
 4.2 6.941750
 4.3 2.771167
 4.4 1.865292
 4.5 3.054474
 4.6 6.713227
 4.7 4.019000
 4.8 -0.862389
 4.9 3.437684
 5.0 18.171929
 5.1 16.806200
 5.2 -1.345182
 5.3 16.659105
 5.4 36.685565
 5.5 130.696444
 5.6 181.942684
 5.7 202.433625

ALA 13
 0.0 6.000000
 0.1 6.000000
 0.2 6.000000
 0.3 6.000000
 0.4 6.000000
 0.5 6.000000
 0.6 6.000000
 0.7 6.000000
 0.8 6.000000
 0.9 6.000000
 1.0 6.000000
 1.1 6.000000
 1.2 5.333333
 1.3 4.000000
 1.4 4.000000
 1.5 4.000000
 1.6 4.000000
 1.7 4.000000
 1.8 4.000000
 1.9 4.000000
 2.0 3.333333
 2.1 3.333333
 2.2 2.333333
 2.3 0.454545
 2.4 -2.250000
 2.5 -2.250000
 2.6 -3.952429
 2.7 -5.000000
 2.8 -4.952071
 2.9 -5.416167
 3.0 -3.466600
 3.1 -2.523429
 3.2 -2.523429
 3.3 -3.916800
 3.4 0.000000
 3.5 1.166750
 3.6 7.354400
 3.7 14.798583
 3.8 18.628714
 3.9 10.214167
 4.0 10.282294
 4.1 9.703750
 4.2 6.980833
 4.3 2.825250
 4.4 1.757125
 4.5 3.187526
 4.6 6.779136
 4.7 4.123800
 4.8 -0.786222
 4.9 3.305158
 5.0 18.298429
 5.1 16.824867
 5.2 -1.384500
 5.3 16.149842
 5.4 36.943652
 5.5 131.015889
 5.6 182.298737
 5.7 203.055375

ALA 14
 0.0 6.000000
 0.1 6.000000
 0.2 6.000000
 0.3 6.000000
 0.4 6.000000
 0.5 6.000000
 0.6 6.000000
 0.7 6.000000
 0.8 6.000000
 0.9 6.000000
 1.0 6.000000
 1.1 6.000000
 1.2 5.166667
 1.3 4.250000
 1.4 4.250000
 1.5 4.250000
 1.6 4.250000
 1.7 4.250000
 1.8 4.250000
 1.9 4.250000
 2.0 3.333333
 2.1 3.333333
 2.2 2.333333
 2.3 0.454545
 2.4 -2.125000
 2.5 -2.125000
 2.6 -3.952429
 2.7 -4.833500
 2.8 -4.952071
 2.9 -5.513417
 3.0 -3.400000
 3.1 -2.499714
 3.2 -2.499714
 3.3 -3.783400
 3.4 -0.041625
 3.5 1.270875
 3.6 7.212750
 3.7 14.715333
 3.8 18.842714
 3.9 10.153167
 4.0 10.235294
 4.1 9.623333
 4.2 6.994500
 4.3 2.668000
 4.4 1.748833
 4.5 3.151579
 4.6 6.687636
 4.7 4.199467
 4.8 -0.778889
 4.9 3.415421
 5.0 18.167071
 5.1 16.903467
 5.2 -1.384364
 5.3 16.423368
 5.4 36.715391
 5.5 131.082444
 5.6 182.147737
 5.7 202.674000

ALA 15
 0.0 6.000000
 0.1 6.000000
 0.2 6.000000
 0.3 6.000000
 0.4 6.000000
 0.5 6.000000
 0.6 6.000000
 0.7 6.000000
 0.8 6.000000
 0.9 6.000000
 1.0 6.000000
 1.1 6.000000
 1.2 5.000000
 1.3 4.250000
 1.4 4.250000
 1.5 4.250000
 1.6 4.250000
 1.7 4.250000
 1.8 4.250000
 1.9 4.250000
 2.0 3.333333
 2.1 3.333333
 2.2 2.500000
 2.3 0.272727
 2.4 -2.250000
 2.5 -2.250000
 2.6 -3.976286
 2.7 -4.666000
 2.8 -5.071071
 2.9 -5.374417
 3.0 -3.333300
 3.1 -2.428429
 3.2 -2.428429
 3.3 -3.633400
 3.4 -0.020875
 3.5 1.250000
 3.6 7.329450
 3.7 14.562500
 3.8 19.042857
 3.9 10.000333
 4.0 10.263588
 4.1 9.766250
 4.2 6.964083
 4.3 2.602417
 4.4 1.537750
 4.5 3.118789
 4.6 6.803591
 4.7 4.044267
 4.8 -0.866000
 4.9 3.519000
 5.0 18.216143
 5.1 17.021600
 5.2 -1.297500
 5.3 16.012684
 5.4 36.764870
 5.5 131.790000
 5.6 182.258632
 5.7 203.751813

ALA 16
 0.0 6.000000
 0.1 6.000000
 0.2 6.000000
 0.3 6.000000
 0.4 6.000000
 0.5 6.000000
 0.6 6.000000
 0.7 6.000000
 0.8 6.000000
 0.9 6.000000
 1.0 6.000000
 1.1 6.000000
 1.2 5.166667
 1.3 4.000000
 1.4 4.000000
 1.5 4.000000
 1.6 4.000000
 1.7 4.000000
 1.8 4.000000
 1.9 4.000000
 2.0 3.333333
 2.1 3.333333
 2.2 2.333333
 2.3 0.454545
 2.4 -2.375000
 2.5 -2.375000
 2.6 -3.928857
 2.7 -4.916500
 2.8 -4.975857
 2.9 -5.443917
 3.0 -3.366700
 3.1 -2.571000
 3.2 -2.571000
 3.3 -3.666700
 3.4 -0.041625
 3.5 1.208250
 3.6 7.446150
 3.7 14.548667
 3.8 19.102429
 3.9 9.897667
 4.0 10.273471
 4.1 9.809250
 4.2 7.126417
 4.3 2.671750
 4.4 1.716750
 4.5 3.001053
 4.6 6.787955
 4.7 4.085667
 4.8 -0.819000
 4.9 3.399789
 5.0 18.261143
 5.1 16.950867
 5.2 -1.251455
 5.3 16.316947
 5.4 36.830087
 5.5 131.586444
 5.6 182.038421
 5.7 203.410938

ALA 17
 0.0 6.000000
 0.1 6.000000
 0.2 6.000000
 0.3 6.000000
 0.4 6.000000
 0.5 6.000000
 0.6 6.000000
 0.7 6.000000
 0.8 6.000000
 0.9 6.000000
 1.0 6.000000
 1.1 6.000000
 1.2 5.000000
 1.3 4.000000
 1.4 4.000000
 1.5 4.000000
 1.6 4.000000
 1.7 4.000000
 1.8 4.000000
 1.9 4.000000
 2.0 3.166667
 2.1 3.166667
 2.2 2.166667
 2.3 0.409091
 2.4 -2.250000
 2.5 -2.250000
 2.6 -4.143000
 2.7 -4.666000
 2.8 -4.987786
 2.9 -5.374500
 3.0 -3.350000
 3.1 -2.499714
 3.2 -2.499714
 3.3 -3.733600
 3.4 -0.020875
 3.5 1.208250
 3.6 7.404400
 3.7 14.729167
 3.8 18.985714
 3.9 9.847667
 4.0 10.347882
 4.1 9.653583
 4.2 7.108500
 4.3 2.644000
 4.4 1.687667
 4.5 3.005895
 4.6 6.844273
 4.7 3.791400
 4.8 -0.779944
 4.9 3.585421
 5.0 18.317071
 5.1 16.726133
 5.2 -1.313000
 5.3 15.962579
 5.4 36.842391
 5.5 131.897333
 5.6 182.238263
 5.7 203.142125

ALA 18
 0.0 6.000000
 0.1 6.000000
 0.2 6.000000
 0.3 6.000000
 0.4 6.000000
 0.5 6.000000
 0.6 6.000000
 0.7 6.000000
 0.8 6.000000
 0.9 6.000000
 1.0 6.000000
 1.1 6.000000
 1.2 5.333333
 1.3 4.000000
 1.4 4.000000
 1.5 4.000000
 1.6 4.000000
 1.7 4.000000
 1.8 4.000000
 1.9 4.000000
 2.0 3.166667
 2.1 3.166667
 2.2 2.333333
 2.3 0.500000
 2.4 -2.250000
 2.5 -2.250000
 2.6 -4.071571
 2.7 -4.916500
 2.8 -4.975929
 2.9 -5.305000
 3.0 -3.416700
 3.1 -2.476000
 3.2 -2.476000
 3.3 -3.750200
 3.4 -0.020875
 3.5 1.250000
 3.6 7.383600
 3.7 14.548583
 3.8 18.690429
 3.9 9.786667
 4.0 10.291118
 4.1 9.612000
 4.2 6.983333
 4.3 2.676000
 4.4 1.826625
 4.5 3.044947
 4.6 6.841909
 4.7 4.055000
 4.8 -0.812444
 4.9 3.401842
 5.0 17.679857
 5.1 16.347267
 5.2 -1.234955
 5.3 16.217895
 5.4 36.783826
 5.5 132.155333
 5.6 182.099211
 5.7 202.543250

ALA 19
 0.0 6.000000
 0.1 6.000000
 0.2 6.000000
 0.3 6.000000
 0.4 6.000000
 0.5 6.000000
 0.6 6.000000
 0.7 6.000000
 0.8 6.000000
 0.9 6.000000
 1.0 6.000000
 1.1 6.000000
 1.2 5.166667
 1.3 4.000000
 1.4 4.000000
 1.5 4.000000
 1.6 4.000000
 1.7 4.000000
 1.8 4.000000
 1.9 4.000000
 2.0 3.500000
 2.1 3.500000
 2.2 2.333333
 2.3 0.318182
 2.4 -2.125000
 2.5 -2.125000
 2.6 -4.095286
 2.7 -4.583000
 2.8 -5.011643
 2.9 -5.444167
 3.0 -3.400000
 3.1 -2.285571
 3.2 -2.285571
 3.3 -3.666800
 3.4 -0.083250
 3.5 1.312375
 3.6 7.404450
 3.7 14.625000
 3.8 18.533286
 3.9 10.061500
 4.0 10.159882
 4.1 9.621833
 4.2 6.897167
 4.3 2.822167
 4.4 1.736333
 4.5 3.220789
 4.6 6.759727
 4.7 3.633867
 4.8 -0.846611
 4.9 3.090158
 5.0 16.191857
 5.1 14.575000
 5.2 -1.261545
 5.3 16.131263
 5.4 36.923217
 5.5 132.726556
 5.6 182.305263
 5.7 201.934313

ALA 20
 0.0 6.000000
 0.1 6.000000
 0.2 6.000000
 0.3 6.000000
 0.4 6.000000
 0.5 6.000000
 0.6 6.000000
 0.7 6.000000
 0.8 6.000000
 0.9 6.000000
 1.0 6.000000
 1.1 6.000000
 1.2 5.000000
 1.3 4.250000
 1.4 4.250000
 1.5 4.250000
 1.6 4.250000
 1.7 4.250000
 1.8 4.250000
 1.9 4.250000
 2.0 3.500000
 2.1 3.500000
 2.2 2.333333
 2.3 0.454545
 2.4 -2.000000
 2.5 -2.000000
 2.6 -3.952571
 2.7 -4.917000
 2.8 -4.880643
 2.9 -5.388333
 3.0 -3.316600
 3.1 -2.475857
 3.2 -2.475857
 3.3 -3.700000
 3.4 -0.104250
 3.5 1.229125
 3.6 7.300250
 3.7 14.618083
 3.8 19.088000
 3.9 9.828333
 4.0 10.252941
 4.1 9.607917
 4.2 6.953000
 4.3 2.739750
 4.4 1.835583
 4.5 3.063421
 4.6 6.914727
 4.7 3.691133
 4.8 -0.809944
 4.9 3.091474
 5.0 15.931286
 5.1 14.492267
 5.2 -0.006091
 5.3 18.749684
 5.4 40.037870
 5.5 140.055778
 5.6 191.123842
 5.7 213.190625

ALA 21
 0.0 6.000000
 0.1 6.000000
 0.2 6.000000
 0.3 6.000000
 0.4 6.000000
 0.5 6.000000
 0.6 6.000000
 0.7 6.000000
 0.8 6.000000
 0.9 6.000000
 1.0 6.000000
 1.1 6.000000
 1.2 5.500000
 1.3 4.500000
 1.4 4.500000
 1.5 4.500000
 1.6 4.500000
 1.7 4.500000
 1.8 4.500000
 1.9 4.500000
 2.0 3.333333
 2.1 3.333333
 2.2 2.500000
 2.3 0.409091
 2.4 -2.000000
 2.5 -2.000000
 2.6 -4.166857
 2.7 -5.000000
 2.8 -4.999714
 2.9 -5.485750
 3.0 -3.483400
 3.1 -2.475857
 3.2 -2.475857
 3.3 -3.600200
 3.4 -0.083375
 3.5 1.250000
 3.6 7.221200
 3.7 14.652833
 3.8 19.561857
 3.9 11.508667
 4.0 11.373529
 4.1 11.803917
 4.2 9.300000
 4.3 5.261833
 4.4 2.865625
 4.5 3.400105
 4.6 6.765773
 4.7 2.999667
 4.8 -1.905722
 4.9 0.289947
 5.0 10.716214
 5.1 8.427733
 5.2 -3.044818
 5.3 14.022579
 5.4 34.688739
 5.5 102.870111
 5.6 135.737421
 5.7 151.031125

ALA 22
 0.0 6.000000
 0.1 6.000000
 0.2 6.000000
 0.3 6.000000
 0.4 6.000000
 0.5 6.000000
 0.6 6.000000
 0.7 6.000000
 0.8 6.000000
 0.9 6.000000
 1.0 6.000000
 1.1 6.000000
 1.2 5.500000
 1.3 4.750000
 1.4 4.750000
 1.5 4.750000
 1.6 4.750000
 1.7 4.750000
 1.8 4.750000
 1.9 4.750000
 2.0 3.833333
 2.1 3.833333
 2.2 3.166667
 2.3 1.590909
 2.4 -0.500000
 2.5 -0.500000
 2.6 -3.143286
 2.7 -4.417000
 2.8 -4.975429
 2.9 -6.846583
 3.0 -6.666800
 3.1 -6.690429
 3.2 -6.690429
 3.3 -8.283400
 3.4 -6.437625
 3.5 -6.000125
 3.6 -0.708300
 3.7 6.354500
 3.8 10.088571
 3.9 4.864167
 4.0 4.615647
 4.1 5.316750
 4.2 3.130417
 4.3 -0.601167
 4.4 0.175958
 4.5 1.415000
 4.6 3.554909
 4.7 2.320933
 4.8 -0.469889
 4.9 2.002158
 5.0 9.520429
 5.1 7.647000
 5.2 -1.243955
 5.3 10.994526
 5.4 25.655957
 5.5 83.860222
 5.6 112.160684
 5.7 126.439500

ALA 23
 0.0 6.000000
 0.1 6.000000
 0.2 6.000000
 0.3 6.000000
 0.4 6.000000
 0.5 6.000000
 0.6 6.000000
 0.7 6.000000
 0.8 6.000000
 0.9 6.000000
 1.0 6.000000
 1.1 6.000000
 1.2 5.666667
 1.3 4.500000
 1.4 4.500000
 1.5 4.500000
 1.6 4.500000
 1.7 4.500000
 1.8 4.500000
 1.9 4.500000
 2.0 3.666667
 2.1 3.666667
 2.2 3.166667
 2.3 1.772727
 2.4 0.000000
 2.5 0.000000
 2.6 -1.667000
 2.7 -2.083500
 2.8 -2.510929
 2.9 -4.915833
 3.0 -5.933000
 3.1 -6.071000
 3.2 -6.071000
 3.3 -7.599600
 3.4 -6.333125
 3.5 -6.478625
 3.6 -1.783300
 3.7 4.444417
 3.8 7.673143
 3.9 3.746333
 4.0 4.357118
 4.1 5.359333
 4.2 4.026583
 4.3 0.639583
 4.4 -0.172708
 4.5 0.987263
 4.6 2.424591
 4.7 0.772400
 4.8 -0.909389
 4.9 1.551684
 5.0 8.206857
 5.1 7.875533
 5.2 1.448000
 5.3 11.229684
 5.4 23.879174
 5.5 70.570889
 5.6 93.726526
 5.7 103.595750

ALA 24
 0.0 6.000000
 0.1 6.000000
 0.2 6.000000
 0.3 6.000000
 0.4 6.000000
 0.5 6.000000
 0.6 6.000000
 0.7 6.000000
 0.8 6.000000
 0.9 6.000000
 1.0 6.000000
 1.1 6.000000
 1.2 5.666667
 1.3 4.500000
 1.4 4.500000
 1.5 4.500000
 1.6 4.500000
 1.7 4.500000
 1.8 4.500000
 1.9 4.500000
 2.0 3.666667
 2.1 3.666667
 2.2 3.166667
 2.3 1.863636
 2.4 -0.125000
 2.5 -0.125000
 2.6 -1.500429
 2.7 -1.749500
 2.8 -2.618000
 2.9 -5.068583
 3.0 -5.933000
 3.1 -6.094714
 3.2 -6.094714
 3.3 -7.632900
 3.4 -6.291500
 3.5 -6.562125
 3.6 -1.650400
 3.7 4.493250
 3.8 7.849714
 3.9 4.377000
 4.0 4.926588
 4.1 5.577667
 4.2 4.647417
 4.3 1.844833
 4.4 0.788583
 4.5 2.121526
 4.6 2.733227
 4.7 1.451867
 4.8 0.533889
 4.9 0.565474
 5.0 3.403357
 5.1 1.403133
 5.2 -3.019682
 5.3 4.702632
 5.4 10.286913
 5.5 44.098667
 5.6 60.530895
 5.7 68.366563

ALA 25
 0.0 6.000000
 0.1 6.000000
 0.2 6.000000
 0.3 6.000000
 0.4 6.000000
 0.5 6.000000
 0.6 6.000000
 0.7 6.000000
 0.8 6.000000
 0.9 6.000000
 1.0 6.000000
 1.1 6.000000
 1.2 5.500000
 1.3 4.750000
 1.4 4.750000
 1.5 4.750000
 1.6 4.750000
 1.7 4.750000
 1.8 4.750000
 1.9 4.750000
 2.0 3.833333
 2.1 3.833333
 2.2 3.000000
 2.3 1.727273
 2.4 0.000000
 2.5 0.000000
 2.6 -1.667000
 2.7 -1.833000
 2.8 -2.653786
 2.9 -5.165833
 3.0 -5.849600
 3.1 -6.142429
 3.2 -6.142429
 3.3 -7.599600
 3.4 -6.374875
 3.5 -6.562000
 3.6 -2.629800
 3.7 2.805500
 3.8 5.454143
 3.9 1.554667
 4.0 2.772353
 4.1 3.292833
 4.2 2.475167
 4.3 -0.223917
 4.4 -0.714958
 4.5 0.828526
 4.6 2.057955
 4.7 0.970467
 4.8 0.405167
 4.9 0.340842
 5.0 1.347786
 5.1 -0.259000
 5.2 -1.570500
 5.3 4.440263
 5.4 9.835174
 5.5 30.267667
 5.6 40.072053
 5.7 43.380688

ALA 26
 0.0 6.000000
 0.1 6.000000
 0.2 6.000000
 0.3 6.000000
 0.4 6.000000
 0.5 6.000000
 0.6 6.000000
 0.7 6.000000
 0.8 6.000000
 0.9 6.000000
 1.0 6.000000
 1.1 6.000000
 1.2 5.833333
 1.3 5.250000
 1.4 5.250000
 1.5 5.250000
 1.6 5.250000
 1.7 5.250000
 1.8 5.250000
 1.9 5.250000
 2.0 4.666667
 2.1 4.666667
 2.2 4.333333
 2.3 3.318182
 2.4 2.125000
 2.5 2.125000
 2.6 0.666143
 2.7 -0.084000
 2.8 -0.285357
 2.9 -1.457917
 3.0 -1.050200
 3.1 -1.190571
 3.2 -1.190571
 3.3 -1.916700
 3.4 -1.499875
 3.5 -1.437875
 3.6 0.275200
 3.7 2.632083
 3.8 4.059429
 3.9 2.133333
 4.0 2.386059
 4.1 2.707250
 4.2 2.365083
 4.3 1.314500
 4.4 1.311000
 4.5 1.553632
 4.6 1.773136
 4.7 1.043600
 4.8 0.043000
 4.9 0.253632
 5.0 1.387714
 5.1 1.236067
 5.2 0.206182
 5.3 1.513579
 5.4 3.083913
 5.5 11.811111
 5.6 16.488421
 5.7 18.178375

