ATOMS
N -6.071 -8.536 -9.758
CA -4.622 -8.536 -9.758
C -4.099 -7.107 -9.758
O -3.545 -6.647 -8.762

N -4.277 -6.405 -10.880
CA -3.824 -5.034 -11.006
C -4.445 -4.176 -9.913
O -3.752 -3.735 -8.999

N -5.756 -3.940 -10.010
CA -6.464 -3.138 -9.033
C -6.281 -3.727 -7.641
O -5.597 -3.142 -6.803

N -6.895 -4.887 -7.398
CA -6.799 -5.549 -6.112
C -5.339 -5.806 -5.764
O -4.797 -5.179 -4.857

N -4.706 -6.731 -6.489
CA -3.316 -7.067 -6.256
C -2.449 -5.822 -6.379
O -1.920 -5.332 -5.384

N -2.306 -5.312 -7.605
CA -1.506 -4.130 -7.853
C -2.014 -2.969 -7.011
O -1.346 -2.543 -6.071

N -3.199 -2.457 -7.351
CA -3.791 -1.349 -6.627
C -3.933 -1.704 -5.154
O -3.229 -1.153 -4.311

N -4.848 -2.626 -4.847
CA -5.079 -3.050 -3.480
C -3.787 -3.571 -2.869
O -3.215 -2.935 -1.987

N -3.328 -4.733 -3.340
CA -2.109 -5.335 -2.840
C -0.944 -4.368 -3.001
O -0.431 -3.843 -2.016

N -0.529 -4.135 -4.248
CA 0.570 -3.235 -4.534
C 0.278 -1.855 -3.962
O 0.915 -1.434 -2.998

N -0.687 -1.152 -4.559
CA -1.059 0.174 -4.108
C -1.463 0.134 -2.641
O -0.748 0.649 -1.785

N -2.613 -0.480 -2.355
CA -3.108 -0.586 -0.997
C -2.075 -1.273 -0.116
O -1.469 -0.638 0.745

N -1.875 -2.575 -0.334
CA -0.919 -3.343 0.438
C 0.465 -2.718 0.328
O 0.973 -2.157 1.296

N 1.072 -2.816 -0.857
CA 2.391 -2.262 -1.089
C 2.395 -0.773 -0.778
O 2.997 -0.344 0.204

N 1.720 0.016 -1.618
CA 1.648 1.451 -1.430
C 1.074 1.770 -0.057
O 1.788 2.251 0.819

N -0.221 1.502 0.126
CA -0.885 1.761 1.388
C -0.176 1.022 2.514
O 0.463 1.644 3.359

N -0.291 -0.308 2.522
CA 0.338 -1.124 3.541
C 1.838 -0.867 3.565
O 2.352 -0.275 4.511

N 2.538 -1.316 2.521
CA 3.972 -1.134 2.426
C 4.319 0.345 2.514
O 4.888 0.792 3.508

N 3.974 1.104 1.471
CA 4.249 2.526 1.435
C 3.615 3.212 2.636
O 4.318 3.664 3.537

N 2.282 3.289 2.646
CA 1.559 3.918 3.733
C 1.916 3.251 5.053
O 2.586 3.849 5.892

N 1.465 2.007 5.236
CA 1.737 1.265 6.450
C 3.238 1.167 6.678
O 3.769 1.785 7.598

N 3.921 0.387 5.836
CA 5.355 0.211 5.948
C 6.055 1.561 5.876
O 6.596 2.035 6.873

N 6.043 2.178 4.692
CA 6.675 3.467 4.494
C 6.097 4.487 5.465
O 6.779 4.918 6.392

N 4.837 4.871 5.249
CA 4.173 5.836 6.103
C 4.186 5.353 7.546
O 4.882 5.921 8.386

N 3.414 4.302 7.832
CA 3.339 3.749 9.169
C 4.727 3.348 9.648
O 5.284 3.981 10.542

N 5.285 2.292 9.049
CA 6.602 1.812 9.414
C 7.627 2.926 9.261
O 8.107 3.389 10.293

EDGES
1 5 3.003079
1 6 4.344021
1 7 4.655910
1 8 5.385484
1 9 4.613669
1 10 5.460630
1 11 5.258543
1 13 4.423096
1 14 4.769221
1 15 4.892930
1 17 3.975879
1 18 4.691694
1 19 5.648214
1 21 5.404147
2 5 2.432914
2 6 3.802409
2 7 4.366343
2 8 4.937872
2 9 4.740535
2 10 5.749521
2 11 5.510032
2 13 4.904216
2 14 5.191803
2 15 4.890708
2 17 3.735163
2 18 4.015918
2 19 4.848233
2 21 4.515910
2 22 5.722877
3 5 1.335430
3 6 2.435253
3 7 2.955419
3 8 3.473741
3 9 3.583161
3 10 4.676731
3 11 4.546121
3 12 5.166939
3 13 4.279675
3 14 4.796945
3 15 4.379753
3 16 5.312644
3 17 3.346070
3 18 3.588690
3 19 3.973835
3 20 5.199090
3 21 3.327504
3 22 4.383515
3 23 5.386676
3 25 5.312829
4 5 2.253955
4 6 2.777615
4 7 2.870652
4 8 2.928952
4 9 3.711317
4 10 4.572426
4 11 4.155567
4 12 4.509258
4 13 4.022511
4 14 4.337813
4 15 3.593567
4 16 4.355635
4 17 2.553724
4 18 2.551250
4 19 2.749642
4 20 3.972497
4 21 2.157775
4 22 3.364386
4 23 4.351741
4 24 5.377722
4 25 4.434719
4 26 5.717302
4 29 5.761378
4 33 5.754005
5 9 3.003426
5 10 4.343693
5 11 4.656052
5 12 5.386232
5 13 4.613304
5 14 5.461414
5 15 5.259287
5 17 4.423935
5 18 4.768977
5 19 4.892900
5 21 3.975565
5 22 4.692206
5 23 5.647692
5 25 5.403946
6 9 2.433408
6 10 3.802255
6 11 4.366729
6 12 4.938462
6 13 4.740286
6 14 5.750399
6 15 5.510878
6 17 4.905204
6 18 5.191691
6 19 4.890879
6 21 3.734757
6 22 4.016435
6 23 4.847716
6 25 4.515593
6 26 5.723282
7 9 1.335599
7 10 2.434791
7 11 2.955416
7 12 3.473955
7 13 3.582352
7 14 4.676970
7 15 4.546464
7 16 5.166532
7 17 4.280178
7 18 4.796475
7 19 4.379782
7 20 5.312608
7 21 3.345546
7 22 3.589350
7 23 3.973439
7 24 5.199178
7 25 3.327359
7 26 4.383770
7 27 5.387115
7 29 5.313122
8 9 2.253921
8 10 2.777140
8 11 2.870552
8 12 2.928838
8 13 3.710627
8 14 4.572699
8 15 4.156060
8 16 4.509249
8 17 4.023212
8 18 4.337784
8 19 3.594131
8 20 4.356014
8 21 2.553641
8 22 2.552226
8 23 2.749462
8 24 3.972768
8 25 2.157544
8 26 3.364655
8 27 4.352212
8 28 5.377508
8 29 4.435110
8 30 5.717475
8 33 5.761949
8 37 5.754974
9 13 3.002778
9 14 4.344092
9 15 4.656647
9 16 5.385927
9 17 4.614068
9 18 5.461158
9 19 5.259499
9 21 4.423676
9 22 4.769827
9 23 4.892791
9 25 3.975905
9 26 4.692462
9 27 5.648341
9 29 5.404408
10 13 2.432691
10 14 3.802287
10 15 4.366945
10 16 4.937970
10 17 4.740480
10 18 5.749667
10 19 5.510698
10 21 4.904531
10 22 5.192131
10 23 4.890761
10 25 3.735386
10 26 4.016751
10 27 4.848604
10 29 4.516215
10 30 5.723791
11 13 1.334783
11 14 2.434307
11 15 2.955120
11 16 3.472926
11 17 3.582143
11 18 4.676008
11 19 4.545975
11 20 5.166081
11 21 4.279503
11 22 4.796663
11 23 4.379355
11 24 5.312342
11 25 3.346001
11 26 3.589315
11 27 3.973764
11 28 5.198950
11 29 3.327480
11 30 4.383726
11 31 5.386683
11 33 5.313271
12 13 2.254740
12 14 2.777757
12 15 2.871059
12 16 2.928529
12 17 3.711253
12 18 4.572504
12 19 4.155969
12 20 4.508879
12 21 4.022783
12 22 4.337617
12 23 3.593199
12 24 4.354954
12 25 2.553416
12 26 2.550973
12 27 2.748807
12 28 3.971600
12 29 2.157126
12 30 3.364390
12 31 4.351609
12 32 5.376861
12 33 4.435314
12 34 5.716709
12 37 5.761831
12 41 5.753585
13 17 3.003055
13 18 4.343478
13 19 4.656125
13 20 5.385615
13 21 4.613285
13 22 5.460897
13 23 5.258579
13 25 4.423520
13 26 4.769350
13 27 4.892900
13 29 3.976170
13 30 4.692883
13 31 5.648306
13 33 5.405050
14 17 2.433085
14 18 3.802151
14 19 4.366729
14 20 4.937784
14 21 4.740492
14 22 5.749825
14 23 5.510066
14 25 4.904649
14 26 5.191656
14 27 4.890373
14 29 3.735044
14 30 4.016320
14 31 4.847853
14 33 4.516379
14 34 5.722576
15 17 1.334893
15 18 2.434074
15 19 2.954756
15 20 3.472555
15 21 3.582235
15 22 4.675980
15 23 4.545240
15 24 5.165798
15 25 4.279482
15 26 4.796449
15 27 4.378966
15 28 5.311659
15 29 3.345799
15 30 3.588843
15 31 3.973028
15 32 5.198052
15 33 3.327345
15 34 4.382296
15 35 5.386839
15 37 5.312871
16 17 2.253976
16 18 2.777608
16 19 2.871069
16 20 2.928868
16 21 3.711371
16 22 4.572428
16 23 4.155587
16 24 4.509068
16 25 4.022801
16 26 4.337492
16 27 3.593095
16 28 4.354930
16 29 2.553529
16 30 2.551136
16 31 2.749165
16 32 3.971796
16 33 2.158278
16 34 3.364219
16 35 4.352938
16 36 5.377558
16 37 4.435836
16 38 5.717356
16 41 5.761739
16 45 5.754169
17 21 3.003168
17 22 4.343466
17 23 4.655319
17 24 5.385505
17 25 4.613152
17 26 5.460970
17 27 5.258373
17 29 4.423500
17 30 4.768959
17 31 4.892296
17 33 3.975813
17 34 4.691314
17 35 5.648235
17 37 5.404501
18 21 2.433090
18 22 3.801641
18 23 4.365642
18 24 4.937783
18 25 4.739706
18 26 5.749677
18 27 5.509706
18 29 4.904568
18 30 5.191400
18 31 4.890361
18 33 3.735071
18 34 4.015685
18 35 4.848300
18 37 4.516199
18 38 5.722806
19 21 1.335524
19 22 2.434089
19 23 2.954363
19 24 3.473228
19 25 3.581970
19 26 4.676558
19 27 4.545416
19 28 5.165712
19 29 4.279795
19 30 4.796362
19 31 4.379195
19 32 5.311421
19 33 3.345756
19 34 3.588494
19 35 3.973666
19 36 5.198513
19 37 3.327691
19 38 4.383030
19 39 5.386604
19 41 5.312809
20 21 2.254382
20 22 2.777078
20 23 2.870494
20 24 2.929158
20 25 3.710870
20 26 4.572743
20 27 4.155412
20 28 4.508753
20 29 4.022933
20 30 4.337283
20 31 3.593332
20 32 4.354566
20 33 2.553273
20 34 2.551013
20 35 2.749647
20 36 3.972111
20 37 2.158283
20 38 3.364522
20 39 4.352335
20 40 5.378162
20 41 4.435461
20 42 5.717126
20 45 5.761683
20 49 5.753744
21 25 3.002164
21 26 4.343625
21 27 4.655340
21 28 5.385132
21 29 4.613342
21 30 5.460934
21 31 5.258720
21 33 4.423794
21 34 4.769126
21 35 4.893158
21 37 3.976494
21 38 4.692158
21 39 5.647951
21 41 5.404154
22 25 2.432526
22 26 3.802402
22 27 4.365822
22 28 4.937309
22 29 4.739938
22 30 5.749422
22 31 5.509601
22 33 4.904127
22 34 5.190935
22 35 4.890234
22 37 3.735047
22 38 4.015789
22 39 4.847490
22 41 4.515493
22 42 5.722696
23 25 1.334904
23 26 2.435074
23 27 2.954866
23 28 3.473339
23 29 3.582192
23 30 4.676403
23 31 4.545558
23 32 5.165669
23 33 4.279548
23 34 4.796272
23 35 4.379749
23 36 5.312230
23 37 3.346483
23 38 3.589337
23 39 3.973746
23 40 5.199946
23 41 3.327870
23 42 4.383821
23 43 5.387867
23 45 5.313404
24 25 2.253754
24 26 2.777192
24 27 2.870083
24 28 2.928377
24 29 3.710670
24 30 4.572266
24 31 4.155487
24 32 4.508423
24 33 4.022783
24 34 4.337833
24 35 3.594041
24 36 4.355485
24 37 2.554463
24 38 2.551919
24 39 2.749291
24 40 3.973076
24 41 2.157616
24 42 3.364198
24 43 4.352576
24 44 5.377384
24 45 4.435078
24 46 5.716640
24 49 5.761426
24 53 5.753873
25 29 3.002962
25 30 4.344041
25 31 4.655649
25 32 5.385280
25 33 4.613560
25 34 5.460779
25 35 5.259225
25 37 4.424160
25 38 4.769291
25 39 4.892571
25 41 3.975982
25 42 4.692420
25 43 5.648989
25 45 5.404807
26 29 2.432361
26 30 3.802099
26 31 4.365760
26 32 4.937284
26 33 4.740274
26 34 5.749669
26 35 5.510685
26 37 4.905312
26 38 5.191914
26 39 4.890299
26 41 3.735003
26 42 4.016057
26 43 4.848409
26 45 4.515842
26 46 5.722373
27 29 1.334750
27 30 2.434606
27 31 2.954358
27 32 3.472863
27 33 3.582103
27 34 4.676081
27 35 4.546034
27 36 5.165885
27 37 4.279931
27 38 4.796391
27 39 4.379062
27 40 5.312658
27 41 3.345930
27 42 3.588994
27 43 3.974206
27 44 5.199134
27 45 3.327909
27 46 4.383058
27 47 5.386963
27 49 5.312853
28 29 2.253483
28 30 2.776989
28 31 2.870096
28 32 2.928600
28 33 3.710666
28 34 4.572457
28 35 4.156146
28 36 4.509094
28 37 4.023219
28 38 4.337840
28 39 3.593557
28 40 4.356107
28 41 2.554069
28 42 2.551674
28 43 2.750277
28 44 3.972813
28 45 2.158314
28 46 3.364331
28 47 4.352487
28 48 5.378286
28 49 4.435305
28 50 5.717097
28 53 5.761448
28 57 5.754252
29 33 3.003481
29 34 4.343829
29 35 4.656554
29 36 5.385679
29 37 4.614070
29 38 5.461096
29 39 5.258664
29 41 4.423747
29 42 4.768925
29 43 4.893083
29 45 3.976255
29 46 4.691663
29 47 5.648230
29 49 5.404489
30 33 2.432712
30 34 3.801542
30 35 4.366325
30 36 4.937211
30 37 4.740206
30 38 5.749464
30 39 5.509791
30 41 4.904723
30 42 5.191239
30 43 4.890525
30 45 3.735195
30 46 4.015150
30 47 4.847498
30 49 4.515369
30 50 5.722078
31 33 1.335203
31 34 2.434794
31 35 2.955551
31 36 3.473374
31 37 3.582499
31 38 4.676384
31 39 4.545716
31 40 5.166451
31 41 4.279914
31 42 4.796054
31 43 4.379496
31 44 5.312154
31 45 3.346155
31 46 3.588266
31 47 3.973759
31 48 5.199674
31 49 3.327760
31 50 4.383339
31 51 5.387757
31 53 5.313008
32 33 2.253038
32 34 2.776841
32 35 2.870388
32 36 2.928474
32 37 3.710353
32 38 4.572027
32 39 4.155487
32 40 4.509104
32 41 4.023066
32 42 4.337379
32 43 3.593881
32 44 4.355680
32 45 2.554379
32 46 2.551343
32 47 2.749997
32 48 3.973481
32 49 2.158149
32 50 3.364328
32 51 4.353012
32 52 5.377984
32 53 4.435023
32 54 5.717217
32 57 5.761839
32 61 5.754631
33 37 3.002744
33 38 4.343276
33 39 4.655427
33 40 5.385482
33 41 4.613502
33 42 5.460479
33 43 5.258756
33 45 4.423738
33 46 4.768192
33 47 4.892421
33 49 3.975451
33 50 4.691339
33 51 5.648123
33 53 5.403719
34 37 2.432872
34 38 3.802194
34 39 4.366584
34 40 4.938354
34 41 4.740731
34 42 5.749731
34 43 5.510615
34 45 4.905127
34 46 5.191113
34 47 4.890928
34 49 3.735290
34 50 4.016148
34 51 4.848751
34 53 4.516239
34 54 5.723577
35 37 1.334737
35 38 2.434332
35 39 2.954991
35 40 3.473362
35 41 3.582746
35 42 4.676370
35 43 4.546093
35 44 5.165981
35 45 4.280119
35 46 4.796085
35 47 4.379659
35 48 5.312348
35 49 3.345818
35 50 3.588589
35 51 3.973666
35 52 5.198809
35 53 3.327115
35 54 4.383287
35 55 5.386527
35 57 5.313101
36 37 2.253152
36 38 2.777047
36 39 2.870843
36 40 2.929048
36 41 3.711316
36 42 4.572432
36 43 4.155981
36 44 4.509092
36 45 4.023160
36 46 4.337365
36 47 3.594111
36 48 4.355754
36 49 2.553837
36 50 2.551521
36 51 2.750050
36 52 3.972802
36 53 2.158013
36 54 3.364903
36 55 4.352450
36 56 5.377972
36 57 4.435886
36 58 5.717698
36 61 5.762056
36 65 5.754065
37 41 3.003327
37 42 4.343729
37 43 4.656089
37 44 5.385256
37 45 4.613624
37 46 5.460370
37 47 5.258763
37 49 4.423202
37 50 4.768434
37 51 4.892413
37 53 3.975153
37 54 4.691888
37 55 5.647453
37 57 5.404230
38 41 2.433015
38 42 3.802157
38 43 4.366543
38 44 4.937568
38 45 4.740206
38 46 5.749370
38 47 5.510371
38 49 4.904450
38 50 5.191297
38 51 4.890538
38 53 3.734688
38 54 4.016316
38 55 4.847639
38 57 4.516033
38 58 5.723242
39 41 1.334857
39 42 2.434281
39 43 2.955037
39 44 3.473042
39 45 3.582032
39 46 4.676172
39 47 4.546103
39 48 5.166135
39 49 4.279742
39 50 4.796556
39 51 4.379936
39 52 5.312325
39 53 3.345890
39 54 3.589505
39 55 3.973697
39 56 5.199196
39 57 3.327813
39 58 4.383784
39 59 5.387325
39 61 5.313209
40 41 2.254473
40 42 2.777488
40 43 2.870707
40 44 2.928451
40 45 3.710842
40 46 4.572487
40 47 4.155953
40 48 4.508561
40 49 4.022795
40 50 4.337503
40 51 3.593526
40 52 4.354828
40 53 2.553126
40 54 2.551165
40 55 2.748767
40 56 3.971854
40 57 2.157528
40 58 3.364393
40 59 4.352054
40 60 5.376880
40 61 4.435084
40 62 5.717082
40 65 5.761312
40 69 5.753904
41 45 3.003111
41 46 4.343897
41 47 4.656333
41 48 5.385920
41 49 4.613773
41 50 5.461164
41 51 5.259489
41 53 4.423548
41 54 4.769390
41 55 4.892681
41 57 3.975846
41 58 4.692385
41 59 5.648647
41 61 5.404637
42 45 2.432209
42 46 3.801884
42 47 4.366020
42 48 4.937515
42 49 4.739824
42 50 5.749348
42 51 5.510384
42 53 4.904107
42 54 5.191431
42 55 4.890381
42 57 3.734689
42 58 4.016250
42 59 4.848454
42 61 4.515815
42 62 5.723186
43 45 1.334651
43 46 2.434576
43 47 2.954627
43 48 3.472897
43 49 3.581993
43 50 4.676078
43 51 4.545993
43 52 5.165534
43 53 4.279180
43 54 4.796127
43 55 4.379222
43 56 5.311695
43 57 3.345436
43 58 3.588778
43 59 3.973653
43 60 5.198297
43 61 3.327203
43 62 4.383384
43 63 5.386923
43 65 5.312769
44 45 2.253390
44 46 2.777727
44 47 2.870640
44 48 2.928670
44 49 3.710755
44 50 4.572421
44 51 4.156059
44 52 4.508663
44 53 4.022413
44 54 4.337241
44 55 3.593686
44 56 4.355134
44 57 2.553351
44 58 2.551479
44 59 2.749965
44 60 3.972218
44 61 2.158068
44 62 3.365003
44 63 4.352897
44 64 5.377479
44 65 4.435645
44 66 5.717447
44 69 5.762001
44 73 5.753768
45 49 3.003017
45 50 4.343645
45 51 4.656309
45 52 5.385306
45 53 4.613039
45 54 5.460613
45 55 5.258597
45 57 4.423129
45 58 4.768701
45 59 4.892573
45 61 3.975594
45 62 4.692346
45 63 5.648197
45 65 5.404294
46 49 2.432279
46 50 3.801578
46 51 4.366621
46 52 4.937656
46 53 4.739715
46 54 5.749473
46 55 5.510530
46 57 4.904858
46 58 5.191955
46 59 4.891161
46 61 3.735725
46 62 4.017258
46 63 4.848650
46 65 4.516208
46 66 5.723443
47 49 1.335188
47 50 2.434780
47 51 2.955801
47 52 3.473543
47 53 3.582393
47 54 4.676538
47 55 4.546333
47 56 5.166297
47 57 4.280134
47 58 4.796613
47 59 4.379444
47 60 5.311833
47 61 3.346118
47 62 3.589328
47 63 3.973679
47 64 5.198650
47 65 3.327600
47 66 4.383882
47 67 5.387594
47 69 5.313698
48 49 2.254118
48 50 2.777368
48 51 2.870652
48 52 2.928195
48 53 3.710360
48 54 4.571710
48 55 4.155508
48 56 4.508245
48 57 4.022587
48 58 4.337077
48 59 3.592842
48 60 4.354291
48 61 2.553481
48 62 2.551413
48 63 2.748965
48 64 3.971542
48 65 2.157386
48 66 3.364381
48 67 4.352136
48 68 5.377227
48 69 4.435077
48 70 5.716315
48 73 5.760893
48 77 5.753706
49 53 3.002735
49 54 4.343587
49 55 4.655882
49 56 5.385461
49 57 4.613671
49 58 5.460899
49 59 5.258551
49 61 4.423714
49 62 4.769306
49 63 4.892455
49 65 3.975560
49 66 4.692376
49 67 5.648525
49 69 5.404690
50 53 2.432866
50 54 3.802156
50 55 4.366481
50 56 4.937997
50 57 4.740711
50 58 5.749900
50 59 5.509977
50 61 4.904954
50 62 5.191770
50 63 4.890302
50 65 3.734791
50 66 4.016543
50 67 4.848686
50 69 4.516466
50 70 5.723085
51 53 1.335020
51 54 2.434194
51 55 2.954854
51 56 3.473079
51 57 3.582834
51 58 4.676603
51 59 4.545465
51 60 5.165498
51 61 4.280164
51 62 4.796618
51 63 4.379164
51 64 5.311686
51 65 3.345635
51 66 3.588918
51 67 3.973600
51 68 5.198702
51 69 3.327489
51 70 4.382888
51 71 5.386453
51 73 5.312929
52 53 2.253773
52 54 2.776684
52 55 2.870369
52 56 2.928482
52 57 3.710975
52 58 4.572129
52 59 4.154773
52 60 4.508017
52 61 4.022787
52 62 4.337206
52 63 3.593016
52 64 4.354730
52 65 2.553345
52 66 2.551537
52 67 2.749670
52 68 3.972378
52 69 2.158039
52 70 3.364139
52 71 4.351924
52 72 5.377432
52 73 4.435172
52 74 5.716816
52 77 5.761501
52 81 5.753656
53 57 3.003206
53 58 4.343661
53 59 4.655255
53 60 5.384805
53 61 4.613379
53 62 5.460660
53 63 5.258459
53 65 4.423288
53 66 4.769070
53 67 4.892795
53 69 3.976184
53 70 4.692250
53 71 5.647882
53 73 5.404405
54 57 2.432975
54 58 3.801934
54 59 4.365379
54 60 4.936724
54 61 4.739880
54 62 5.749107
54 63 5.509606
54 65 4.904137
54 66 5.191026
54 67 4.889944
54 69 3.734786
54 70 4.015865
54 71 4.847189
54 73 4.515467
54 74 5.722559
55 57 1.335570
55 58 2.435013
55 59 2.954950
55 60 3.473245
55 61 3.582778
55 62 4.676656
55 63 4.546353
55 64 5.166167
55 65 4.280283
55 66 4.796688
55 67 4.379581
55 68 5.312568
55 69 3.346446
55 70 3.589271
55 71 3.973533
55 72 5.199430
55 73 3.327818
55 74 4.383844
55 75 5.387395
55 77 5.313792
56 57 2.253888
56 58 2.777010
56 59 2.869677
56 60 2.928128
56 61 3.710704
56 62 4.571959
56 63 4.155717
56 64 4.508583
56 65 4.023104
56 66 4.337540
56 67 3.593485
56 68 4.355575
56 69 2.554203
56 70 2.551864
56 71 2.749274
56 72 3.972756
56 73 2.157898
56 74 3.364486
56 75 4.352204
56 76 5.377545
56 77 4.435457
56 78 5.717196
56 81 5.761532
56 85 5.753917
57 61 3.002867
57 62 4.343626
57 63 4.656208
57 64 5.385254
57 65 4.613968
57 66 5.461209
57 67 5.259002
57 69 4.424327
57 70 4.769480
57 71 4.892491
57 73 3.975699
57 74 4.692201
57 75 5.648182
57 77 5.404634
58 61 2.432467
58 62 3.801751
58 63 4.366481
58 64 4.937205
58 65 4.740475
58 66 5.749571
58 67 5.509923
58 69 4.904976
58 70 5.191525
58 71 4.890052
58 73 3.734499
58 74 4.016099
58 75 4.847945
58 77 4.515969
58 78 5.722812
59 61 1.335042
59 62 2.434294
59 63 2.955003
59 64 3.472500
59 65 3.582255
59 66 4.675739
59 67 4.544926
59 68 5.165456
59 69 4.279343
59 70 4.795509
59 71 4.378435
59 72 5.311526
59 73 3.344898
59 74 3.588624
59 75 3.973449
59 76 5.198808
59 77 3.327587
59 78 4.383290
59 79 5.386504
59 81 5.312711
60 61 2.253293
60 62 2.776471
60 63 2.870673
60 64 2.928425
60 65 3.710921
60 66 4.571915
60 67 4.155110
60 68 4.508840
60 69 4.022784
60 70 4.337111
60 71 3.593302
60 72 4.355388
60 73 2.553294
60 74 2.551784
60 75 2.750080
60 76 3.973033
60 77 2.158566
60 78 3.364926
60 79 4.352372
60 80 5.378265
60 81 4.435511
60 82 5.716901
60 85 5.761465
60 89 5.754171
61 65 3.003634
61 66 4.344028
61 67 4.656003
61 68 5.385748
61 69 4.614025
61 70 5.460746
61 71 5.258592
61 73 4.423285
61 74 4.768958
61 75 4.892760
61 77 3.976025
61 78 4.692111
61 79 5.648106
61 81 5.404602
62 65 2.433013
62 66 3.801889
62 67 4.365827
62 68 4.937266
62 69 4.740100
62 70 5.748819
62 71 5.509496
62 73 4.903919
62 74 5.190895
62 75 4.890082
62 77 3.734600
62 78 4.015571
62 79 4.847466
62 81 4.515542
62 82 5.722302
63 65 1.334987
63 66 2.433976
63 67 2.954508
63 68 3.472895
63 69 3.582191
63 70 4.675680
63 71 4.545696
63 72 5.165756
63 73 4.279845
63 74 4.796549
63 75 4.379802
63 76 5.312507
63 77 3.346413
63 78 3.589290
63 79 3.973843
63 80 5.199178
63 81 3.327520
63 82 4.383003
63 83 5.386587
63 85 5.312656
64 65 2.253750
64 66 2.776792
64 67 2.870223
64 68 2.928820
64 69 3.710724
64 70 4.571745
64 71 4.155738
64 72 4.508739
64 73 4.022843
64 74 4.337453
64 75 3.593947
64 76 4.355813
64 77 2.554047
64 78 2.551895
64 79 2.750144
64 80 3.973065
64 81 2.158449
64 82 3.364669
64 83 4.352461
64 84 5.377605
64 85 4.435464
64 86 5.717349
64 89 5.761809
64 93 5.754781
65 69 3.003216
65 70 4.343347
65 71 4.656025
65 72 5.385558
65 73 4.613954
65 74 5.461202
65 75 5.259300
65 77 4.424264
65 78 4.769497
65 79 4.893188
65 81 3.975998
65 82 4.692153
65 83 5.648168
65 85 5.404310
66 69 2.432543
66 70 3.801221
66 71 4.365896
66 72 4.937068
66 73 4.740188
66 74 5.749231
66 75 5.509868
66 77 4.904562
66 78 5.191288
66 79 4.890486
66 81 3.734477
66 82 4.015819
66 83 4.847623
66 85 4.515311
66 86 5.722426
67 69 1.334742
67 70 2.433632
67 71 2.954472
67 72 3.472467
67 73 3.582202
67 74 4.675711
67 75 4.545218
67 76 5.165379
67 77 4.279490
67 78 4.796070
67 79 4.379287
67 80 5.311788
67 81 3.345332
67 82 3.588711
67 83 3.973402
67 84 5.198745
67 85 3.326988
67 86 4.382928
67 87 5.386928
67 89 5.312643
68 69 2.253525
68 70 2.776600
68 71 2.870801
68 72 2.928446
68 73 3.711351
68 74 4.572306
68 75 4.155714
68 76 4.508831
68 77 4.023086
68 78 4.337670
68 79 3.593958
68 80 4.355375
68 81 2.553413
68 82 2.551381
68 83 2.749591
68 84 3.972538
68 85 2.157691
68 86 3.364398
68 87 4.352738
68 88 5.378353
68 89 4.435476
68 90 5.717620
68 93 5.762047
68 97 5.753765
69 73 3.003497
69 74 4.343717
69 75 4.655742
69 76 5.385263
69 77 4.613804
69 78 5.460965
69 79 5.258840
69 81 4.423221
69 82 4.768669
69 83 4.892437
69 85 3.975188
69 86 4.691647
69 87 5.648225
69 89 5.404286
70 73 2.433243
70 74 3.801896
70 75 4.365692
70 76 4.937088
70 77 4.739982
70 78 5.749219
70 79 5.509672
70 81 4.903777
70 82 5.190665
70 83 4.890078
70 85 3.734186
70 86 4.015744
70 87 4.848135
70 89 4.515877
70 90 5.722939
71 73 1.335273
71 74 2.434318
71 75 2.954689
71 76 3.473081
71 77 3.582447
71 78 4.676525
71 79 4.545962
71 80 5.166448
71 81 4.279818
71 82 4.796376
71 83 4.379856
71 84 5.312547
71 85 3.346020
71 86 3.589374
71 87 3.974342
71 88 5.200164
71 89 3.328025
71 90 4.383836
71 91 5.387564
71 93 5.313495
72 73 2.254353
72 74 2.777122
72 75 2.870072
72 76 2.928161
72 77 3.710699
72 78 4.572170
72 79 4.155297
72 80 4.508648
72 81 4.022330
72 82 4.336807
72 83 3.593331
72 84 4.355033
72 85 2.553174
72 86 2.551323
72 87 2.749668
72 88 3.973102
72 89 2.157980
72 90 3.364698
72 91 4.352534
72 92 5.377473
72 93 4.435304
72 94 5.717271
72 97 5.761055
72 101 5.754154
73 77 3.002951
73 78 4.343670
73 79 4.655717
73 80 5.385797
73 81 4.613644
73 82 5.460818
73 83 5.259136
73 85 4.423813
73 86 4.769501
73 87 4.893203
73 89 3.976063
73 90 4.692302
73 91 5.648350
73 93 5.404474
74 77 2.432649
74 78 3.801916
74 79 4.365597
74 80 4.937686
74 81 4.740002
74 82 5.748956
74 83 5.509814
74 85 4.904254
74 86 5.191303
74 87 4.890331
74 89 3.734647
74 90 4.016023
74 91 4.847837
74 93 4.515680
74 94 5.722945
75 77 1.335260
75 78 2.434950
75 79 2.954659
75 80 3.473636
75 81 3.582531
75 82 4.675927
75 83 4.545538
75 84 5.165413
75 85 4.279516
75 86 4.796139
75 87 4.379155
75 88 5.312613
75 89 3.345366
75 90 3.588982
75 91 3.973561
75 92 5.198930
75 93 3.327662
75 94 4.383700
75 95 5.386838
75 97 5.312901
76 77 2.253842
76 78 2.777591
76 79 2.870266
76 80 2.929176
76 81 3.711046
76 82 4.571907
76 83 4.155393
76 84 4.508188
76 85 4.022653
76 86 4.337222
76 87 3.593146
76 88 4.355665
76 89 2.553007
76 90 2.551491
76 91 2.749428
76 92 3.972413
76 93 2.158044
76 94 3.364961
76 95 4.352267
76 96 5.378192
76 97 4.435232
76 98 5.717088
76 101 5.761911
77 81 3.003184
77 82 4.343273
77 83 4.655518
77 84 5.384746
77 85 4.613461
77 86 5.460826
77 87 5.258746
77 89 4.423297
77 90 4.769197
77 91 4.892463
77 93 3.975721
77 94 4.691901
77 95 5.647593
77 97 5.403905
78 81 2.433057
78 82 3.801603
78 83 4.365784
78 84 4.936802
78 85 4.740212
78 86 5.749582
78 87 5.510165
78 89 4.904441
78 90 5.191915
78 91 4.890504
78 93 3.735204
78 94 4.016045
78 95 4.847610
78 97 4.515560
78 98 5.722504
79 81 1.335824
79 82 2.434717
79 83 2.954888
79 84 3.472721
79 85 3.582682
79 86 4.676467
79 87 4.545850
79 88 5.166571
79 89 4.279460
79 90 4.796584
79 91 4.379292
79 92 5.312304
79 93 3.345902
79 94 3.588701
79 95 3.973204
79 96 5.199514
79 97 3.327378
79 98 4.383422
79 99 5.387500
79 101 5.313931
80 81 2.253872
80 82 2.776548
80 83 2.869847
80 84 2.927460
80 85 3.710904
80 86 4.572258
80 87 4.155618
80 88 4.509219
80 89 4.022821
80 90 4.338231
80 91 3.593952
80 92 4.355917
80 93 2.554395
80 94 2.551717
80 95 2.749133
80 96 3.973013
80 97 2.157404
80 98 3.363887
80 99 4.352289
80 100 5.377651
80 101 4.435707
80 102 5.716827
81 85 3.002721
81 86 4.343347
81 87 4.655815
81 88 5.385881
81 89 4.613378
81 90 5.461343
81 91 5.259113
81 93 4.424144
81 94 4.769297
81 95 4.892408
81 97 3.975530
81 98 4.692007
81 99 5.648422
81 101 5.404868
82 85 2.432640
82 86 3.801690
82 87 4.366030
82 88 4.937784
82 89 4.739807
82 90 5.749659
82 91 5.510092
82 93 4.904655
82 94 5.191199
82 95 4.889843
82 97 3.734384
82 98 4.016170
82 99 4.848319
82 101 4.516396
82 102 5.723000
83 85 1.335610
83 86 2.434856
83 87 2.955322
83 88 3.473847
83 89 3.582505
83 90 4.676839
83 91 4.546169
83 92 5.166283
83 93 4.280007
83 94 4.796291
83 95 4.378895
83 96 5.312299
83 97 3.345283
83 98 3.589151
83 99 3.974265
83 100 5.199539
83 101 3.328284
83 102 4.383859
83 103 5.387884
84 85 2.254363
84 86 2.777656
84 87 2.870759
84 88 2.929173
84 89 3.710844
84 90 4.572612
84 91 4.155728
84 92 4.508905
84 93 4.022663
84 94 4.336916
84 95 3.592662
84 96 4.355021
84 97 2.552659
84 98 2.551517
84 99 2.750133
84 100 3.973006
84 101 2.158867
84 102 3.365186
84 103 4.353345
84 104 5.352951
85 89 3.003215
85 90 4.344178
85 91 4.656460
85 92 5.385839
85 93 4.614096
85 94 5.461355
85 95 5.258848
85 97 4.423606
85 98 4.769765
85 99 4.893721
85 101 3.976542
85 102 4.692597
85 103 5.649034
86 89 2.433099
86 90 3.802375
86 91 4.366695
86 92 4.937688
86 93 4.740519
86 94 5.749937
86 95 5.510021
86 97 4.904408
86 98 5.191969
86 99 4.891334
86 101 3.735192
86 102 4.016387
86 103 4.848626
87 89 1.335174
87 90 2.434576
87 91 2.955023
87 92 3.472734
87 93 3.582283
87 94 4.676439
87 95 4.545473
87 96 5.165813
87 97 4.279474
87 98 4.796650
87 99 4.380061
87 100 5.312476
87 101 3.345921
87 102 3.588823
87 103 3.973995
87 104 5.202132
88 89 2.254555
88 90 2.777860
88 91 2.871196
88 92 2.928573
88 93 3.711382
88 94 4.572902
88 95 4.155737
88 96 4.508654
88 97 4.022946
88 98 4.337910
88 99 3.594128
88 100 4.355436
88 101 2.553379
88 102 2.550774
88 103 2.749434
88 104 3.976536
89 93 3.002821
89 94 4.343821
89 95 4.655576
89 96 5.385500
89 97 4.613309
89 98 5.461061
89 99 5.259533
89 101 4.423913
89 102 4.769038
89 103 4.893293
90 93 2.432999
90 94 3.802768
90 95 4.366557
90 96 4.938079
90 97 4.740632
90 98 5.750134
90 99 5.511132
90 101 4.905176
90 102 5.191412
90 103 4.891142
91 93 1.334808
91 94 2.434876
91 95 2.955070
91 96 3.473445
91 97 3.582653
91 98 4.676625
91 99 4.546615
91 100 5.166520
91 101 4.280470
91 102 4.796379
91 103 4.380324
91 104 5.343715
92 93 2.253890
92 94 2.778035
92 95 2.871339
92 96 2.929275
92 97 3.711641
92 98 4.572952
92 99 4.156578
92 100 4.509489
92 101 4.023377
92 102 4.337171
92 103 3.594208
92 104 4.395364
93 97 3.003428
93 98 4.343879
93 99 4.656483
93 100 5.385885
93 101 4.614320
93 102 5.460763
93 103 5.259588
94 97 2.432833
94 98 3.801510
94 99 4.366244
94 100 4.937618
94 101 4.740822
94 102 5.749377
94 103 5.511005
95 97 1.335058
95 98 2.434000
95 99 2.954845
95 100 3.473328
95 101 3.582810
95 102 4.676020
95 103 4.546651
95 104 5.174703
96 97 2.254573
96 98 2.776963
96 99 2.870017
96 100 2.928061
96 101 3.711013
96 102 4.571550
96 103 4.155800
96 104 4.521979
97 101 3.003636
97 102 4.343520
97 103 4.656693
97 104 5.377206
98 101 2.433961
98 102 3.802521
98 103 4.367234
98 104 4.911904
99 101 1.336152
99 102 2.435093
99 103 2.955986
99 104 3.441236
100 101 2.254278
100 102 2.777421
100 103 2.871173
100 104 2.895133

RESIDUES
ALA 1
 0.0 4.000000
 0.1 4.000000
 0.2 4.000000
 0.3 4.000000
 0.4 4.000000
 0.5 4.000000
 0.6 4.000000
 0.7 4.000000
 0.8 4.000000
 0.9 4.000000
 1.0 4.000000
 1.1 4.000000
 1.2 4.000000
 1.3 3.500000
 1.4 3.500000
 1.5 3.500000
 1.6 3.500000
 1.7 3.500000
 1.8 3.500000
 1.9 3.500000
 2.0 3.500000
 2.1 3.500000
 2.2 3.166667
 2.3 2.666667
 2.4 2.000000
 2.5 2.000000
 2.6 1.208000
 2.7 0.833000
 2.8 0.542000
 2.9 -0.277500
 3.0 -0.972333
 3.1 -0.972333
 3.2 -0.972333
 3.3 -1.416750
 3.4 -1.000000
 3.5 -1.055667
 3.6 -0.369000
 3.7 0.500333
 3.8 0.638667
 3.9 0.638667
 4.0 0.833364
 4.1 0.833364
 4.2 1.033333
 4.3 0.803000
 4.4 0.580789
 4.5 0.513625
 4.6 0.595250
 4.7 0.522600
 4.8 0.149500
 4.9 0.028700
 5.0 0.028700
 5.1 0.028700
 5.2 0.300200
 5.3 0.445000
 5.4 0.131444
 5.5 -0.171000
 5.6 -0.546333
 5.7 1.114000

ALA 2
 0.0 4.000000
 0.1 4.000000
 0.2 4.000000
 0.3 4.000000
 0.4 4.000000
 0.5 4.000000
 0.6 4.000000
 0.7 4.000000
 0.8 4.000000
 0.9 4.000000
 1.0 4.000000
 1.1 4.000000
 1.2 4.000000
 1.3 3.250000
 1.4 3.250000
 1.5 3.250000
 1.6 3.250000
 1.7 3.250000
 1.8 3.250000
 1.9 3.250000
 2.0 3.250000
 2.1 3.250000
 2.2 2.666667
 2.3 1.833333
 2.4 0.500000
 2.5 0.500000
 2.6 -0.750250
 2.7 -1.333000
 2.8 -1.708000
 2.9 -3.222000
 3.0 -4.666667
 3.1 -4.666667
 3.2 -4.666667
 3.3 -5.541500
 3.4 -4.222667
 3.5 -4.278000
 3.6 -2.298286
 3.7 0.000333
 3.8 0.472333
 3.9 0.472333
 4.0 1.060455
 4.1 1.060455
 4.2 1.900333
 4.3 0.802500
 4.4 -1.529316
 4.5 -1.763750
 4.6 -0.834750
 4.7 0.085400
 4.8 -0.401625
 4.9 -0.926300
 5.0 -0.926300
 5.1 -0.926300
 5.2 -0.416200
 5.3 0.275750
 5.4 -0.453333
 5.5 -1.270400
 5.6 -2.114333
 5.7 3.407429

ALA 3
 0.0 4.000000
 0.1 4.000000
 0.2 4.000000
 0.3 4.000000
 0.4 4.000000
 0.5 4.000000
 0.6 4.000000
 0.7 4.000000
 0.8 4.000000
 0.9 4.000000
 1.0 4.000000
 1.1 4.000000
 1.2 4.000000
 1.3 3.250000
 1.4 3.250000
 1.5 3.250000
 1.6 3.250000
 1.7 3.250000
 1.8 3.250000
 1.9 3.250000
 2.0 3.250000
 2.1 3.250000
 2.2 2.500000
 2.3 2.000000
 2.4 0.375000
 2.5 0.375000
 2.6 -0.917000
 2.7 -1.333000
 2.8 -1.708000
 2.9 -3.222000
 3.0 -4.722333
 3.1 -4.722333
 3.2 -4.722333
 3.3 -5.541500
 3.4 -4.278000
 3.5 -4.333333
 3.6 -1.404857
 3.7 1.527667
 3.8 2.138333
 3.9 2.138333
 4.0 2.795273
 4.1 2.795273
 4.2 3.444333
 4.3 2.264333
 4.4 -0.119368
 4.5 -1.121750
 4.6 -0.065750
 4.7 0.808500
 4.8 -0.287000
 4.9 -0.223600
 5.0 -0.223600
 5.1 -0.223600
 5.2 0.848100
 5.3 1.294875
 5.4 -0.054889
 5.5 -1.907000
 5.6 -3.150000
 5.7 5.136429

ALA 4
 0.0 4.000000
 0.1 4.000000
 0.2 4.000000
 0.3 4.000000
 0.4 4.000000
 0.5 4.000000
 0.6 4.000000
 0.7 4.000000
 0.8 4.000000
 0.9 4.000000
 1.0 4.000000
 1.1 4.000000
 1.2 4.000000
 1.3 3.000000
 1.4 3.000000
 1.5 3.000000
 1.6 3.000000
 1.7 3.000000
 1.8 3.000000
 1.9 3.000000
 2.0 3.000000
 2.1 3.000000
 2.2 2.666667
 2.3 2.000000
 2.4 0.250000
 2.5 0.250000
 2.6 -0.792000
 2.7 -1.333000
 2.8 -1.583000
 2.9 -3.222000
 3.0 -4.722333
 3.1 -4.722333
 3.2 -4.722333
 3.3 -5.541500
 3.4 -4.167000
 3.5 -4.389000
 3.6 -1.226286
 3.7 1.611167
 3.8 2.221333
 3.9 2.221333
 4.0 2.938909
 4.1 2.938909
 4.2 3.556333
 4.3 2.369667
 4.4 0.304684
 4.5 -0.548125
 4.6 -0.063000
 4.7 0.530900
 4.8 -0.704250
 4.9 -0.720800
 5.0 -0.720800
 5.1 -0.720800
 5.2 0.151100
 5.3 0.395375
 5.4 -1.164889
 5.5 -3.012800
 5.6 -4.656333
 5.7 6.405286

ALA 5
 0.0 4.000000
 0.1 4.000000
 0.2 4.000000
 0.3 4.000000
 0.4 4.000000
 0.5 4.000000
 0.6 4.000000
 0.7 4.000000
 0.8 4.000000
 0.9 4.000000
 1.0 4.000000
 1.1 4.000000
 1.2 4.000000
 1.3 3.250000
 1.4 3.250000
 1.5 3.250000
 1.6 3.250000
 1.7 3.250000
 1.8 3.250000
 1.9 3.250000
 2.0 3.250000
 2.1 3.250000
 2.2 2.666667
 2.3 1.833333
 2.4 0.250000
 2.5 0.250000
 2.6 -1.209000
 2.7 -1.834000
 2.8 -2.542000
 2.9 -4.139333
 3.0 -5.528667
 3.1 -5.528667
 3.2 -5.528667
 3.3 -5.958750
 3.4 -4.555667
 3.5 -4.722667
 3.6 -1.642571
 3.7 1.027667
 3.8 1.527000
 3.9 1.527000
 4.0 2.068091
 4.1 2.068091
 4.2 2.328000
 4.3 1.119000
 4.4 -0.545474
 4.5 -0.331375
 4.6 -0.360250
 4.7 0.129300
 4.8 -0.489875
 4.9 0.118000
 5.0 0.118000
 5.1 0.118000
 5.2 1.778500
 5.3 1.458000
 5.4 -0.647000
 5.5 -3.523200
 5.6 -5.880667
 5.7 8.638429

ALA 6
 0.0 4.000000
 0.1 4.000000
 0.2 4.000000
 0.3 4.000000
 0.4 4.000000
 0.5 4.000000
 0.6 4.000000
 0.7 4.000000
 0.8 4.000000
 0.9 4.000000
 1.0 4.000000
 1.1 4.000000
 1.2 4.000000
 1.3 3.250000
 1.4 3.250000
 1.5 3.250000
 1.6 3.250000
 1.7 3.250000
 1.8 3.250000
 1.9 3.250000
 2.0 3.250000
 2.1 3.250000
 2.2 2.333333
 2.3 1.333333
 2.4 -0.125000
 2.5 -0.125000
 2.6 -1.167500
 2.7 -2.334000
 2.8 -2.500000
 2.9 -4.028000
 3.0 -4.945167
 3.1 -4.945167
 3.2 -4.945167
 3.3 -5.250000
 3.4 -3.222000
 3.5 -3.111667
 3.6 0.416571
 3.7 2.833500
 3.8 3.999000
 3.9 3.999000
 4.0 5.582727
 4.1 5.582727
 4.2 6.056000
 4.3 4.049667
 4.4 0.243842
 4.5 -0.041750
 4.6 0.158500
 4.7 1.068400
 4.8 -0.646125
 4.9 -0.674400
 5.0 -0.674400
 5.1 -0.674400
 5.2 1.419200
 5.3 1.332625
 5.4 -0.813333
 5.5 -5.112000
 5.6 -10.108000
 5.7 6.845286

ALA 7
 0.0 4.000000
 0.1 4.000000
 0.2 4.000000
 0.3 4.000000
 0.4 4.000000
 0.5 4.000000
 0.6 4.000000
 0.7 4.000000
 0.8 4.000000
 0.9 4.000000
 1.0 4.000000
 1.1 4.000000
 1.2 4.000000
 1.3 3.000000
 1.4 3.000000
 1.5 3.000000
 1.6 3.000000
 1.7 3.000000
 1.8 3.000000
 1.9 3.000000
 2.0 3.000000
 2.1 3.000000
 2.2 2.333333
 2.3 1.166667
 2.4 -0.125000
 2.5 -0.125000
 2.6 -1.417500
 2.7 -1.834000
 2.8 -2.500000
 2.9 -4.028000
 3.0 -4.945167
 3.1 -4.945167
 3.2 -4.945167
 3.3 -5.375000
 3.4 -3.055667
 3.5 -3.111667
 3.6 0.428571
 3.7 2.833500
 3.8 3.999000
 3.9 3.999000
 4.0 5.628182
 4.1 5.628182
 4.2 6.050667
 4.3 4.094333
 4.4 0.255105
 4.5 0.193125
 4.6 0.031500
 4.7 0.717900
 4.8 -0.751875
 4.9 -0.548400
 5.0 -0.548400
 5.1 -0.548400
 5.2 1.448800
 5.3 1.462625
 5.4 -0.000000
 5.5 -0.306800
 5.6 0.035333
 5.7 20.392000

ALA 8
 0.0 4.000000
 0.1 4.000000
 0.2 4.000000
 0.3 4.000000
 0.4 4.000000
 0.5 4.000000
 0.6 4.000000
 0.7 4.000000
 0.8 4.000000
 0.9 4.000000
 1.0 4.000000
 1.1 4.000000
 1.2 4.000000
 1.3 3.000000
 1.4 3.000000
 1.5 3.000000
 1.6 3.000000
 1.7 3.000000
 1.8 3.000000
 1.9 3.000000
 2.0 3.000000
 2.1 3.000000
 2.2 2.166667
 2.3 1.000000
 2.4 -0.125000
 2.5 -0.125000
 2.6 -1.251000
 2.7 -1.834000
 2.8 -2.500000
 2.9 -4.028000
 3.0 -4.834000
 3.1 -4.834000
 3.2 -4.834000
 3.3 -5.375000
 3.4 -3.000000
 3.5 -3.000667
 3.6 0.345286
 3.7 2.972333
 3.8 3.999000
 3.9 3.999000
 4.0 5.650909
 4.1 5.650909
 4.2 5.972667
 4.3 4.091500
 4.4 0.109579
 4.5 0.203000
 4.6 -0.057500
 4.7 0.675900
 4.8 -0.916125
 4.9 -0.602300
 5.0 -0.602300
 5.1 -0.602300
 5.2 1.451800
 5.3 1.470875
 5.4 -0.007444
 5.5 -0.039800
 5.6 0.052000
 5.7 20.237714

ALA 9
 0.0 4.000000
 0.1 4.000000
 0.2 4.000000
 0.3 4.000000
 0.4 4.000000
 0.5 4.000000
 0.6 4.000000
 0.7 4.000000
 0.8 4.000000
 0.9 4.000000
 1.0 4.000000
 1.1 4.000000
 1.2 4.000000
 1.3 3.000000
 1.4 3.000000
 1.5 3.000000
 1.6 3.000000
 1.7 3.000000
 1.8 3.000000
 1.9 3.000000
 2.0 3.000000
 2.1 3.000000
 2.2 2.333333
 2.3 1.000000
 2.4 -0.125000
 2.5 -0.125000
 2.6 -1.334250
 2.7 -1.667000
 2.8 -2.500000
 2.9 -3.944667
 3.0 -4.750667
 3.1 -4.750667
 3.2 -4.750667
 3.3 -5.500000
 3.4 -3.166667
 3.5 -3.000667
 3.6 0.190571
 3.7 3.055667
 3.8 3.999000
 3.9 3.999000
 4.0 5.688727
 4.1 5.688727
 4.2 6.006333
 4.3 4.096833
 4.4 0.128000
 4.5 0.158500
 4.6 -0.020750
 4.7 0.698000
 4.8 -0.884625
 4.9 -0.597300
 5.0 -0.597300
 5.1 -0.597300
 5.2 1.457600
 5.3 1.438125
 5.4 -0.000111
 5.5 0.057600
 5.6 -0.033000
 5.7 20.407714

ALA 10
 0.0 4.000000
 0.1 4.000000
 0.2 4.000000
 0.3 4.000000
 0.4 4.000000
 0.5 4.000000
 0.6 4.000000
 0.7 4.000000
 0.8 4.000000
 0.9 4.000000
 1.0 4.000000
 1.1 4.000000
 1.2 4.000000
 1.3 3.000000
 1.4 3.000000
 1.5 3.000000
 1.6 3.000000
 1.7 3.000000
 1.8 3.000000
 1.9 3.000000
 2.0 3.000000
 2.1 3.000000
 2.2 2.333333
 2.3 1.166667
 2.4 -0.250000
 2.5 -0.250000
 2.6 -1.334250
 2.7 -2.334000
 2.8 -2.500000
 2.9 -3.861333
 3.0 -4.834000
 3.1 -4.834000
 3.2 -4.834000
 3.3 -5.083250
 3.4 -3.166667
 3.5 -3.000667
 3.6 0.202429
 3.7 2.972333
 3.8 3.999000
 3.9 3.999000
 4.0 5.635909
 4.1 5.635909
 4.2 6.011667
 4.3 4.055167
 4.4 0.078000
 4.5 0.129750
 4.6 -0.012500
 4.7 0.648200
 4.8 -0.808125
 4.9 -0.553400
 5.0 -0.553400
 5.1 -0.553400
 5.2 1.512100
 5.3 1.399875
 5.4 0.074778
 5.5 -0.054800
 5.6 0.118667
 5.7 19.796429

ALA 11
 0.0 4.000000
 0.1 4.000000
 0.2 4.000000
 0.3 4.000000
 0.4 4.000000
 0.5 4.000000
 0.6 4.000000
 0.7 4.000000
 0.8 4.000000
 0.9 4.000000
 1.0 4.000000
 1.1 4.000000
 1.2 4.000000
 1.3 3.000000
 1.4 3.000000
 1.5 3.000000
 1.6 3.000000
 1.7 3.000000
 1.8 3.000000
 1.9 3.000000
 2.0 3.000000
 2.1 3.000000
 2.2 2.333333
 2.3 1.166667
 2.4 -0.250000
 2.5 -0.250000
 2.6 -1.417500
 2.7 -1.667000
 2.8 -2.375000
 2.9 -3.805833
 3.0 -4.834000
 3.1 -4.834000
 3.2 -4.834000
 3.3 -5.250000
 3.4 -3.055667
 3.5 -3.000667
 3.6 0.285714
 3.7 2.722500
 3.8 3.999000
 3.9 3.999000
 4.0 5.582727
 4.1 5.582727
 4.2 5.922667
 4.3 4.141333
 4.4 0.053368
 4.5 0.226000
 4.6 -0.004250
 4.7 0.657900
 4.8 -0.697750
 4.9 -0.551500
 5.0 -0.551500
 5.1 -0.551500
 5.2 1.486700
 5.3 1.489000
 5.4 -0.019333
 5.5 -0.121400
 5.6 0.019000
 5.7 20.161286

ALA 12
 0.0 4.000000
 0.1 4.000000
 0.2 4.000000
 0.3 4.000000
 0.4 4.000000
 0.5 4.000000
 0.6 4.000000
 0.7 4.000000
 0.8 4.000000
 0.9 4.000000
 1.0 4.000000
 1.1 4.000000
 1.2 4.000000
 1.3 3.000000
 1.4 3.000000
 1.5 3.000000
 1.6 3.000000
 1.7 3.000000
 1.8 3.000000
 1.9 3.000000
 2.0 3.000000
 2.1 3.000000
 2.2 2.166667
 2.3 1.166667
 2.4 -0.250000
 2.5 -0.250000
 2.6 -1.459250
 2.7 -2.167000
 2.8 -2.375000
 2.9 -3.861333
 3.0 -4.806333
 3.1 -4.806333
 3.2 -4.806333
 3.3 -5.250000
 3.4 -3.111000
 3.5 -2.945000
 3.6 0.416714
 3.7 2.944667
 3.8 3.999000
 3.9 3.999000
 4.0 5.552636
 4.1 5.552636
 4.2 5.972667
 4.3 4.135833
 4.4 0.077105
 4.5 0.203000
 4.6 0.050000
 4.7 0.599400
 4.8 -0.820875
 4.9 -0.563000
 5.0 -0.563000
 5.1 -0.563000
 5.2 1.475900
 5.3 1.536000
 5.4 -0.031667
 5.5 -0.075800
 5.6 -0.246000
 5.7 20.252000

ALA 13
 0.0 4.000000
 0.1 4.000000
 0.2 4.000000
 0.3 4.000000
 0.4 4.000000
 0.5 4.000000
 0.6 4.000000
 0.7 4.000000
 0.8 4.000000
 0.9 4.000000
 1.0 4.000000
 1.1 4.000000
 1.2 4.000000
 1.3 3.000000
 1.4 3.000000
 1.5 3.000000
 1.6 3.000000
 1.7 3.000000
 1.8 3.000000
 1.9 3.000000
 2.0 3.000000
 2.1 3.000000
 2.2 2.333333
 2.3 1.333333
 2.4 -0.250000
 2.5 -0.250000
 2.6 -1.292500
 2.7 -2.001000
 2.8 -2.500000
 2.9 -3.917000
 3.0 -4.750667
 3.1 -4.750667
 3.2 -4.750667
 3.3 -5.375000
 3.4 -3.111000
 3.5 -2.945000
 3.6 0.321429
 3.7 3.055667
 3.8 4.110000
 3.9 4.110000
 4.0 5.590455
 4.1 5.590455
 4.2 6.034000
 4.3 4.063667
 4.4 0.191105
 4.5 0.219250
 4.6 0.020750
 4.7 0.665900
 4.8 -0.757750
 4.9 -0.573100
 5.0 -0.573100
 5.1 -0.573100
 5.2 1.487400
 5.3 1.467250
 5.4 0.010000
 5.5 0.291400
 5.6 0.029667
 5.7 21.071286

ALA 14
 0.0 4.000000
 0.1 4.000000
 0.2 4.000000
 0.3 4.000000
 0.4 4.000000
 0.5 4.000000
 0.6 4.000000
 0.7 4.000000
 0.8 4.000000
 0.9 4.000000
 1.0 4.000000
 1.1 4.000000
 1.2 4.000000
 1.3 3.250000
 1.4 3.250000
 1.5 3.250000
 1.6 3.250000
 1.7 3.250000
 1.8 3.250000
 1.9 3.250000
 2.0 3.250000
 2.1 3.250000
 2.2 2.333333
 2.3 1.333333
 2.4 -0.125000
 2.5 -0.125000
 2.6 -1.417500
 2.7 -2.334000
 2.8 -2.500000
 2.9 -4.055833
 3.0 -4.834000
 3.1 -4.834000
 3.2 -4.834000
 3.3 -5.208250
 3.4 -3.055667
 3.5 -3.000667
 3.6 0.059429
 3.7 3.083333
 3.8 3.999000
 3.9 3.999000
 4.0 5.635818
 4.1 5.635818
 4.2 6.034000
 4.3 3.999667
 4.4 0.106105
 4.5 0.246750
 4.6 0.020750
 4.7 0.663700
 4.8 -0.816750
 4.9 -0.548700
 5.0 -0.548700
 5.1 -0.548700
 5.2 1.446300
 5.3 1.534625
 5.4 -0.061556
 5.5 -0.124600
 5.6 0.079333
 5.7 20.918286

ALA 15
 0.0 4.000000
 0.1 4.000000
 0.2 4.000000
 0.3 4.000000
 0.4 4.000000
 0.5 4.000000
 0.6 4.000000
 0.7 4.000000
 0.8 4.000000
 0.9 4.000000
 1.0 4.000000
 1.1 4.000000
 1.2 4.000000
 1.3 3.250000
 1.4 3.250000
 1.5 3.250000
 1.6 3.250000
 1.7 3.250000
 1.8 3.250000
 1.9 3.250000
 2.0 3.250000
 2.1 3.250000
 2.2 2.500000
 2.3 1.166667
 2.4 -0.250000
 2.5 -0.250000
 2.6 -1.459250
 2.7 -1.667000
 2.8 -2.625000
 2.9 -3.917000
 3.0 -4.834000
 3.1 -4.834000
 3.2 -4.834000
 3.3 -5.000000
 3.4 -3.166667
 3.5 -3.000667
 3.6 0.047571
 3.7 2.861167
 3.8 3.999000
 3.9 3.999000
 4.0 5.590364
 4.1 5.590364
 4.2 6.067333
 4.3 3.983000
 4.4 0.003368
 4.5 0.150500
 4.6 0.012500
 4.7 0.662400
 4.8 -0.767625
 4.9 -0.515400
 5.0 -0.515400
 5.1 -0.515400
 5.2 1.482900
 5.3 1.392750
 5.4 -0.052444
 5.5 -0.287200
 5.6 0.424333
 5.7 21.817143

ALA 16
 0.0 4.000000
 0.1 4.000000
 0.2 4.000000
 0.3 4.000000
 0.4 4.000000
 0.5 4.000000
 0.6 4.000000
 0.7 4.000000
 0.8 4.000000
 0.9 4.000000
 1.0 4.000000
 1.1 4.000000
 1.2 4.000000
 1.3 3.000000
 1.4 3.000000
 1.5 3.000000
 1.6 3.000000
 1.7 3.000000
 1.8 3.000000
 1.9 3.000000
 2.0 3.000000
 2.1 3.000000
 2.2 2.333333
 2.3 1.166667
 2.4 -0.375000
 2.5 -0.375000
 2.6 -1.334250
 2.7 -2.168000
 2.8 -2.625000
 2.9 -3.944667
 3.0 -4.806333
 3.1 -4.806333
 3.2 -4.806333
 3.3 -5.125000
 3.4 -3.222333
 3.5 -3.000667
 3.6 0.262000
 3.7 2.916833
 3.8 3.999000
 3.9 3.999000
 4.0 5.635909
 4.1 5.635909
 4.2 5.961667
 4.3 4.063833
 4.4 -0.043789
 4.5 0.107750
 4.6 -0.008500
 4.7 0.640300
 4.8 -0.766500
 4.9 -0.566400
 5.0 -0.566400
 5.1 -0.566400
 5.2 1.448800
 5.3 1.703375
 5.4 0.040889
 5.5 -0.286000
 5.6 -0.268667
 5.7 21.424286

ALA 17
 0.0 4.000000
 0.1 4.000000
 0.2 4.000000
 0.3 4.000000
 0.4 4.000000
 0.5 4.000000
 0.6 4.000000
 0.7 4.000000
 0.8 4.000000
 0.9 4.000000
 1.0 4.000000
 1.1 4.000000
 1.2 4.000000
 1.3 3.000000
 1.4 3.000000
 1.5 3.000000
 1.6 3.000000
 1.7 3.000000
 1.8 3.000000
 1.9 3.000000
 2.0 3.000000
 2.1 3.000000
 2.2 2.166667
 2.3 1.333333
 2.4 -0.250000
 2.5 -0.250000
 2.6 -1.459250
 2.7 -1.667000
 2.8 -2.500000
 2.9 -3.889167
 3.0 -4.889667
 3.1 -4.889667
 3.2 -4.889667
 3.3 -5.250000
 3.4 -3.111000
 3.5 -3.167333
 3.6 0.297571
 3.7 2.972167
 3.8 3.943667
 3.9 3.943667
 4.0 5.688818
 4.1 5.688818
 4.2 6.006000
 4.3 3.930167
 4.4 0.042947
 4.5 0.166000
 4.6 -0.044750
 4.7 0.697700
 4.8 -0.645750
 4.9 -0.543200
 5.0 -0.543200
 5.1 -0.543200
 5.2 1.529100
 5.3 1.386625
 5.4 -0.025333
 5.5 -0.306400
 5.6 0.035667
 5.7 20.624857

ALA 18
 0.0 4.000000
 0.1 4.000000
 0.2 4.000000
 0.3 4.000000
 0.4 4.000000
 0.5 4.000000
 0.6 4.000000
 0.7 4.000000
 0.8 4.000000
 0.9 4.000000
 1.0 4.000000
 1.1 4.000000
 1.2 4.000000
 1.3 3.000000
 1.4 3.000000
 1.5 3.000000
 1.6 3.000000
 1.7 3.000000
 1.8 3.000000
 1.9 3.000000
 2.0 3.000000
 2.1 3.000000
 2.2 2.333333
 2.3 1.333333
 2.4 -0.250000
 2.5 -0.250000
 2.6 -1.417500
 2.7 -2.168000
 2.8 -2.500000
 2.9 -3.917000
 3.0 -4.917333
 3.1 -4.917333
 3.2 -4.917333
 3.3 -5.208250
 3.4 -3.055667
 3.5 -3.056333
 3.6 0.285714
 3.7 2.861167
 3.8 3.943667
 3.9 3.943667
 4.0 5.651000
 4.1 5.651000
 4.2 5.933667
 4.3 3.966167
 4.4 0.096368
 4.5 0.197750
 4.6 -0.020500
 4.7 0.688900
 4.8 -0.714500
 4.9 -0.558300
 5.0 -0.558300
 5.1 -0.558300
 5.2 1.523300
 5.3 1.770625
 5.4 -0.049667
 5.5 -0.054400
 5.6 -0.331333
 5.7 19.713571

ALA 19
 0.0 4.000000
 0.1 4.000000
 0.2 4.000000
 0.3 4.000000
 0.4 4.000000
 0.5 4.000000
 0.6 4.000000
 0.7 4.000000
 0.8 4.000000
 0.9 4.000000
 1.0 4.000000
 1.1 4.000000
 1.2 4.000000
 1.3 3.000000
 1.4 3.000000
 1.5 3.000000
 1.6 3.000000
 1.7 3.000000
 1.8 3.000000
 1.9 3.000000
 2.0 3.000000
 2.1 3.000000
 2.2 2.333333
 2.3 1.333333
 2.4 -0.125000
 2.5 -0.125000
 2.6 -1.542500
 2.7 -1.833000
 2.8 -2.375000
 2.9 -3.972500
 3.0 -4.834000
 3.1 -4.834000
 3.2 -4.834000
 3.3 -5.000000
 3.4 -3.277667
 3.5 -2.945000
 3.6 0.202429
 3.7 2.861167
 3.8 3.888000
 3.9 3.888000
 4.0 5.575182
 4.1 5.575182
 4.2 6.033667
 4.3 3.980333
 4.4 0.133158
 4.5 0.188750
 4.6 0.020750
 4.7 0.625800
 4.8 -0.686125
 4.9 -0.506700
 5.0 -0.506700
 5.1 -0.506700
 5.2 1.560300
 5.3 1.517375
 5.4 0.121889
 5.5 0.129000
 5.6 0.000667
 5.7 19.487286

ALA 20
 0.0 4.000000
 0.1 4.000000
 0.2 4.000000
 0.3 4.000000
 0.4 4.000000
 0.5 4.000000
 0.6 4.000000
 0.7 4.000000
 0.8 4.000000
 0.9 4.000000
 1.0 4.000000
 1.1 4.000000
 1.2 4.000000
 1.3 3.250000
 1.4 3.250000
 1.5 3.250000
 1.6 3.250000
 1.7 3.250000
 1.8 3.250000
 1.9 3.250000
 2.0 3.250000
 2.1 3.250000
 2.2 2.333333
 2.3 1.333333
 2.4 0.000000
 2.5 0.000000
 2.6 -1.250750
 2.7 -2.167000
 2.8 -2.375000
 2.9 -4.000333
 3.0 -4.834000
 3.1 -4.834000
 3.2 -4.834000
 3.3 -5.125000
 3.4 -3.277667
 3.5 -2.945000
 3.6 0.035714
 3.7 2.944500
 3.8 3.999000
 3.9 3.999000
 4.0 5.529636
 4.1 5.529636
 4.2 6.056000
 4.3 3.966167
 4.4 0.177789
 4.5 0.183625
 4.6 0.011750
 4.7 0.696300
 4.8 -0.700125
 4.9 -0.543800
 5.0 -0.543800
 5.1 -0.543800
 5.2 1.513400
 5.3 1.731750
 5.4 -0.009222
 5.5 0.175200
 5.6 0.000667
 5.7 19.683000

ALA 21
 0.0 4.000000
 0.1 4.000000
 0.2 4.000000
 0.3 4.000000
 0.4 4.000000
 0.5 4.000000
 0.6 4.000000
 0.7 4.000000
 0.8 4.000000
 0.9 4.000000
 1.0 4.000000
 1.1 4.000000
 1.2 4.000000
 1.3 3.500000
 1.4 3.500000
 1.5 3.500000
 1.6 3.500000
 1.7 3.500000
 1.8 3.500000
 1.9 3.500000
 2.0 3.500000
 2.1 3.500000
 2.2 2.500000
 2.3 1.333333
 2.4 0.000000
 2.5 0.000000
 2.6 -1.542500
 2.7 -2.001000
 2.8 -2.375000
 2.9 -3.972500
 3.0 -4.889667
 3.1 -4.889667
 3.2 -4.889667
 3.3 -5.000000
 3.4 -3.111333
 3.5 -2.945000
 3.6 -0.024000
 3.7 2.888833
 3.8 3.888000
 3.9 3.888000
 4.0 5.529727
 4.1 5.529727
 4.2 5.939333
 4.3 3.994167
 4.4 0.126158
 4.5 -0.030000
 4.6 0.242500
 4.7 0.986800
 4.8 -0.603875
 4.9 -0.636100
 5.0 -0.636100
 5.1 -0.636100
 5.2 1.493600
 5.3 1.447000
 5.4 -0.749000
 5.5 -4.634200
 5.6 -9.353333
 5.7 6.203429

ALA 22
 0.0 4.000000
 0.1 4.000000
 0.2 4.000000
 0.3 4.000000
 0.4 4.000000
 0.5 4.000000
 0.6 4.000000
 0.7 4.000000
 0.8 4.000000
 0.9 4.000000
 1.0 4.000000
 1.1 4.000000
 1.2 4.000000
 1.3 3.250000
 1.4 3.250000
 1.5 3.250000
 1.6 3.250000
 1.7 3.250000
 1.8 3.250000
 1.9 3.250000
 2.0 3.250000
 2.1 3.250000
 2.2 2.666667
 2.3 2.000000
 2.4 0.500000
 2.5 0.500000
 2.6 -1.334000
 2.7 -2.334000
 2.8 -2.417000
 2.9 -4.000500
 3.0 -5.445333
 3.1 -5.445333
 3.2 -5.445333
 3.3 -6.000750
 3.4 -4.722333
 3.5 -4.556000
 3.6 -2.012571
 3.7 1.056000
 3.8 1.528000
 3.9 1.528000
 4.0 2.075455
 4.1 2.075455
 4.2 2.355667
 4.3 1.133500
 4.4 -0.611474
 4.5 -0.368250
 4.6 -0.438750
 4.7 0.202600
 4.8 -0.458875
 4.9 0.013500
 5.0 0.013500
 5.1 0.013500
 5.2 1.753700
 5.3 1.599625
 5.4 -0.089222
 5.5 -2.788400
 5.6 -5.180667
 5.7 7.408857

ALA 23
 0.0 4.000000
 0.1 4.000000
 0.2 4.000000
 0.3 4.000000
 0.4 4.000000
 0.5 4.000000
 0.6 4.000000
 0.7 4.000000
 0.8 4.000000
 0.9 4.000000
 1.0 4.000000
 1.1 4.000000
 1.2 4.000000
 1.3 3.000000
 1.4 3.000000
 1.5 3.000000
 1.6 3.000000
 1.7 3.000000
 1.8 3.000000
 1.9 3.000000
 2.0 3.000000
 2.1 3.000000
 2.2 2.666667
 2.3 2.000000
 2.4 0.500000
 2.5 0.500000
 2.6 -0.584000
 2.7 -1.001000
 2.8 -0.917000
 2.9 -2.556000
 3.0 -4.278333
 3.1 -4.278333
 3.2 -4.278333
 3.3 -4.708750
 3.4 -4.000000
 3.5 -4.277667
 3.6 -1.679286
 3.7 0.500333
 3.8 1.083000
 3.9 1.083000
 4.0 1.962909
 4.1 1.962909
 4.2 2.417000
 4.3 1.552500
 4.4 -0.651842
 4.5 -0.249125
 4.6 -0.028750
 4.7 0.215100
 4.8 -0.217375
 4.9 0.121200
 5.0 0.121200
 5.1 0.121200
 5.2 1.572200
 5.3 1.536875
 5.4 0.496222
 5.5 -1.268000
 5.6 -2.906667
 5.7 6.384714

ALA 24
 0.0 4.000000
 0.1 4.000000
 0.2 4.000000
 0.3 4.000000
 0.4 4.000000
 0.5 4.000000
 0.6 4.000000
 0.7 4.000000
 0.8 4.000000
 0.9 4.000000
 1.0 4.000000
 1.1 4.000000
 1.2 4.000000
 1.3 3.000000
 1.4 3.000000
 1.5 3.000000
 1.6 3.000000
 1.7 3.000000
 1.8 3.000000
 1.9 3.000000
 2.0 3.000000
 2.1 3.000000
 2.2 2.666667
 2.3 2.000000
 2.4 0.375000
 2.5 0.375000
 2.6 -0.417250
 2.7 -0.667000
 2.8 -1.042000
 2.9 -2.778167
 3.0 -4.278333
 3.1 -4.278333
 3.2 -4.278333
 3.3 -4.750500
 3.4 -3.888667
 3.5 -4.388667
 3.6 -1.703000
 3.7 0.583500
 3.8 1.250000
 3.9 1.250000
 4.0 1.826455
 4.1 1.826455
 4.2 1.922000
 4.3 1.069667
 4.4 -0.632789
 4.5 -0.043875
 4.6 0.063500
 4.7 0.327400
 4.8 0.018500
 4.9 0.081300
 5.0 0.081300
 5.1 0.081300
 5.2 0.870900
 5.3 0.877375
 5.4 -0.169889
 5.5 -1.301000
 5.6 -2.426667
 5.7 4.357714

ALA 25
 0.0 4.000000
 0.1 4.000000
 0.2 4.000000
 0.3 4.000000
 0.4 4.000000
 0.5 4.000000
 0.6 4.000000
 0.7 4.000000
 0.8 4.000000
 0.9 4.000000
 1.0 4.000000
 1.1 4.000000
 1.2 4.000000
 1.3 3.250000
 1.4 3.250000
 1.5 3.250000
 1.6 3.250000
 1.7 3.250000
 1.8 3.250000
 1.9 3.250000
 2.0 3.250000
 2.1 3.250000
 2.2 2.500000
 2.3 2.000000
 2.4 0.500000
 2.5 0.500000
 2.6 -0.625500
 2.7 -0.500000
 2.8 -1.167000
 2.9 -2.917167
 3.0 -4.167333
 3.1 -4.167333
 3.2 -4.167333
 3.3 -4.833750
 3.4 -4.111000
 3.5 -4.444333
 3.6 -2.441000
 3.7 -0.416333
 3.8 0.000000
 3.9 0.000000
 4.0 0.644636
 4.1 0.644636
 4.2 0.833333
 4.3 -0.005500
 4.4 -1.121895
 4.5 -0.242625
 4.6 0.015250
 4.7 0.242800
 4.8 -0.028625
 4.9 -0.149100
 5.0 -0.149100
 5.1 -0.149100
 5.2 0.789200
 5.3 1.083000
 5.4 1.187000
 5.5 0.259400
 5.6 -0.742667
 5.7 2.738714

ALA 26
 0.0 4.000000
 0.1 4.000000
 0.2 4.000000
 0.3 4.000000
 0.4 4.000000
 0.5 4.000000
 0.6 4.000000
 0.7 4.000000
 0.8 4.000000
 0.9 4.000000
 1.0 4.000000
 1.1 4.000000
 1.2 4.000000
 1.3 3.750000
 1.4 3.750000
 1.5 3.750000
 1.6 3.750000
 1.7 3.750000
 1.8 3.750000
 1.9 3.750000
 2.0 3.750000
 2.1 3.750000
 2.2 3.333333
 2.3 2.666667
 2.4 2.125000
 2.5 2.125000
 2.6 0.999750
 2.7 0.333000
 2.8 0.417000
 2.9 -0.527500
 3.0 -0.861167
 3.1 -0.861167
 3.2 -0.861167
 3.3 -1.333500
 3.4 -1.222333
 3.5 -1.388667
 3.6 -0.428429
 3.7 0.499833
 3.8 0.694667
 3.9 0.694667
 4.0 0.855727
 4.1 0.855727
 4.2 1.160333
 4.3 0.774333
 4.4 0.599263
 4.5 0.529750
 4.6 0.464500
 4.7 0.537700
 4.8 0.145375
 4.9 0.035600
 5.0 0.035600
 5.1 0.035600
 5.2 0.320600
 5.3 0.329500
 5.4 0.112889
 5.5 -0.069600
 5.6 -0.179333
 5.7 1.091429

