ATOMS
CA -4.622 -8.536 -9.758

CA -3.824 -5.034 -11.006

CA -6.464 -3.138 -9.033

CA -6.799 -5.549 -6.112

CA -3.316 -7.067 -6.256

CA -1.506 -4.130 -7.853

CA -3.791 -1.349 -6.627

CA -5.079 -3.050 -3.480

CA -2.109 -5.335 -2.840

CA 0.570 -3.235 -4.534

CA -1.059 0.174 -4.108

CA -3.108 -0.586 -0.997

CA -0.919 -3.343 0.438

CA 2.391 -2.262 -1.089

CA 1.648 1.451 -1.430

CA -0.885 1.761 1.388

CA 0.338 -1.124 3.541

CA 3.972 -1.134 2.426

CA 4.249 2.526 1.435

CA 1.559 3.918 3.733

CA 1.737 1.265 6.450

CA 5.355 0.211 5.948

CA 6.675 3.467 4.494

CA 4.173 5.836 6.103

CA 3.339 3.749 9.169

CA 6.602 1.812 9.414

EDGES
1 2 3.802409
1 3 5.749521
1 4 5.191803
1 5 4.015918
1 6 5.722877
1 7 7.883317
1 8 8.349750
1 9 8.026225
1 10 9.074560
1 11 10.976410
1 12 11.926853
2 3 3.802255
2 4 5.750399
2 5 5.191691
2 6 4.016435
2 7 5.723282
2 8 7.883651
2 9 8.349574
2 10 8.026856
2 11 9.074739
2 12 10.976222
2 13 11.927432
3 4 3.802287
3 5 5.749667
3 6 5.192131
3 7 4.016751
3 8 5.723791
3 9 7.883279
3 10 8.350303
3 11 8.027390
3 12 9.074841
3 13 10.976743
3 14 11.928350
4 5 3.802151
4 6 5.749825
4 7 5.191656
4 8 4.016320
4 9 5.722576
4 10 7.883327
4 11 8.349631
4 12 8.026087
4 13 9.074323
4 14 10.976839
4 15 11.927822
5 6 3.801641
5 7 5.749677
5 8 5.191400
5 9 4.015685
5 10 5.722806
5 11 7.882895
5 12 8.348875
5 13 8.026420
5 14 9.075008
5 15 10.976698
5 16 11.927870
6 7 3.802402
6 8 5.749422
6 9 5.190935
6 10 4.015789
6 11 5.722696
6 12 7.882327
6 13 8.348929
6 14 8.026689
6 15 9.074701
6 16 10.976593
6 17 11.927263
7 8 3.802099
7 9 5.749669
7 10 5.191914
7 11 4.016057
7 12 5.722373
7 13 7.882807
7 14 8.349859
7 15 8.026925
7 16 9.075085
7 17 10.976679
7 18 11.927582
8 9 3.801542
8 10 5.749464
8 11 5.191239
8 12 4.015150
8 13 5.722078
8 14 7.882812
8 15 8.349493
8 16 8.027003
8 17 9.074569
8 18 10.975996
8 19 11.927304
9 10 3.802194
9 11 5.749731
9 12 5.191113
9 13 4.016148
9 14 5.723577
9 15 7.883714
9 16 8.350292
9 17 8.027297
9 18 9.075115
9 19 10.977026
9 20 11.927974
10 11 3.802157
10 12 5.749370
10 13 5.191297
10 14 4.016316
10 15 5.723242
10 16 7.883345
10 17 8.349597
10 18 8.026793
10 19 9.074862
10 20 10.976649
10 21 11.927286
11 12 3.801884
11 13 5.749348
11 14 5.191431
11 15 4.016250
11 16 5.723186
11 17 7.883122
11 18 8.349550
11 19 8.026931
11 20 9.074841
11 21 10.976305
11 22 11.927443
12 13 3.801578
12 14 5.749473
12 15 5.191955
12 16 4.017258
12 17 5.723443
12 18 7.883123
12 19 8.350127
12 20 8.027441
12 21 9.075133
12 22 10.976821
12 23 11.928327
13 14 3.802156
13 15 5.749900
13 16 5.191770
13 17 4.016543
13 18 5.723085
13 19 7.883362
13 20 8.349828
13 21 8.026964
13 22 9.074916
13 23 10.977070
13 24 11.927897
14 15 3.801934
14 16 5.749107
14 17 5.191026
14 18 4.015865
14 19 5.722559
14 20 7.882659
14 21 8.348890
14 22 8.026232
14 23 9.074359
14 24 10.976247
14 25 11.927170
15 16 3.801751
15 17 5.749571
15 18 5.191525
15 19 4.016099
15 20 5.722812
15 21 7.882697
15 22 8.349511
15 23 8.026753
15 24 9.074687
15 25 10.976297
15 26 11.927480
16 17 3.801889
16 18 5.748819
16 19 5.190895
16 20 4.015571
16 21 5.722302
16 22 7.882493
16 23 8.349328
16 24 8.026220
16 25 9.074044
16 26 10.976085
17 18 3.801221
17 19 5.749231
17 20 5.191288
17 21 4.015819
17 22 5.722426
17 23 7.883087
17 24 8.349411
17 25 8.026613
17 26 9.074686
18 19 3.801896
18 20 5.749219
18 21 5.190665
18 22 4.015744
18 23 5.722939
18 24 7.882996
18 25 8.349397
18 26 8.026703
19 20 3.801916
19 21 5.748956
19 22 5.191303
19 23 4.016023
19 24 5.722945
19 25 7.882803
19 26 8.349302
20 21 3.801603
20 22 5.749582
20 23 5.191915
20 24 4.016045
20 25 5.722504
20 26 7.882947
21 22 3.801690
21 23 5.749659
21 24 5.191199
21 25 4.016170
21 26 5.723000
22 23 3.802375
22 24 5.749937
22 25 5.191969
22 26 4.016387
23 24 3.802768
23 25 5.750134
23 26 5.191412
24 25 3.801510
24 26 5.749377
25 26 3.802521

RESIDUES
ALA 1
 0.0 1.000000
 0.1 1.000000
 0.2 1.000000
 0.3 1.000000
 0.4 1.000000
 0.5 1.000000
 0.6 1.000000
 0.7 1.000000
 0.8 1.000000
 0.9 1.000000
 1.0 1.000000
 1.1 1.000000
 1.2 1.000000
 1.3 1.000000
 1.4 1.000000
 1.5 1.000000
 1.6 1.000000
 1.7 1.000000
 1.8 1.000000
 1.9 1.000000
 2.0 1.000000
 2.1 1.000000
 2.2 1.000000
 2.3 1.000000
 2.4 1.000000
 2.5 1.000000
 2.6 1.000000
 2.7 1.000000
 2.8 1.000000
 2.9 1.000000
 3.0 1.000000
 3.1 1.000000
 3.2 1.000000
 3.3 1.000000
 3.4 1.000000
 3.5 1.000000
 3.6 1.000000
 3.7 1.000000
 3.8 0.666667
 3.9 0.666667
 4.0 0.166667
 4.1 0.166667
 4.2 0.166667
 4.3 0.166667
 4.4 0.166667
 4.5 0.166667
 4.6 0.166667
 4.7 0.166667
 4.8 0.166667
 4.9 0.166667
 5.0 0.166667
 5.1 0.166667
 5.2 0.083500
 5.3 0.083500
 5.4 0.083500
 5.5 0.083500
 5.6 0.083500
 5.7 0.104000
 5.8 0.167000
 5.9 0.167000
 6.0 0.167000
 6.1 0.167000
 6.2 0.167000
 6.3 0.167000
 6.4 0.167000
 6.5 0.167000
 6.6 0.167000
 6.7 0.167000
 6.8 0.167000
 6.9 0.167000
 7.0 0.167000
 7.1 0.167000
 7.2 0.167000
 7.3 0.167000
 7.4 0.167000
 7.5 0.167000
 7.6 0.167000
 7.7 0.167000
 7.8 0.167000
 7.9 0.151000
 8.0 0.119000
 8.1 0.119000
 8.2 0.119000
 8.3 0.115000
 8.4 0.115000
 8.5 0.115000
 8.6 0.115000
 8.7 0.115000
 8.8 0.115000
 8.9 0.115000
 9.0 0.115000
 9.1 0.105500
 9.2 0.105500
 9.3 0.105500
 9.4 0.105500
 9.5 0.105500
 9.6 0.105500
 9.7 0.105500
 9.8 0.105500
 9.9 0.105500
 10.0 0.105500
 10.1 0.105500
 10.2 0.105500
 10.3 0.105500
 10.4 0.105500
 10.5 0.105500
 10.6 0.105500
 10.7 0.105500
 10.8 0.105500
 10.9 0.105500
 11.0 0.091000
 11.1 0.091000
 11.2 0.091000
 11.3 0.091000
 11.4 0.091000
 11.5 0.091000
 11.6 0.091000
 11.7 0.091000
 11.8 0.091000
 11.9 0.083000

ALA 2
 0.0 1.000000
 0.1 1.000000
 0.2 1.000000
 0.3 1.000000
 0.4 1.000000
 0.5 1.000000
 0.6 1.000000
 0.7 1.000000
 0.8 1.000000
 0.9 1.000000
 1.0 1.000000
 1.1 1.000000
 1.2 1.000000
 1.3 1.000000
 1.4 1.000000
 1.5 1.000000
 1.6 1.000000
 1.7 1.000000
 1.8 1.000000
 1.9 1.000000
 2.0 1.000000
 2.1 1.000000
 2.2 1.000000
 2.3 1.000000
 2.4 1.000000
 2.5 1.000000
 2.6 1.000000
 2.7 1.000000
 2.8 1.000000
 2.9 1.000000
 3.0 1.000000
 3.1 1.000000
 3.2 1.000000
 3.3 1.000000
 3.4 1.000000
 3.5 1.000000
 3.6 1.000000
 3.7 1.000000
 3.8 0.333333
 3.9 0.333333
 4.0 -0.333333
 4.1 -0.333333
 4.2 -0.333333
 4.3 -0.333333
 4.4 -0.333333
 4.5 -0.333333
 4.6 -0.333333
 4.7 -0.333333
 4.8 -0.333333
 4.9 -0.333333
 5.0 -0.333333
 5.1 -0.333333
 5.2 -0.250000
 5.3 -0.250000
 5.4 -0.250000
 5.5 -0.250000
 5.6 -0.250000
 5.7 0.000000
 5.8 0.133000
 5.9 0.133000
 6.0 0.133000
 6.1 0.133000
 6.2 0.133000
 6.3 0.133000
 6.4 0.133000
 6.5 0.133000
 6.6 0.133000
 6.7 0.133000
 6.8 0.133000
 6.9 0.133000
 7.0 0.133000
 7.1 0.133000
 7.2 0.133000
 7.3 0.133000
 7.4 0.133000
 7.5 0.133000
 7.6 0.133000
 7.7 0.133000
 7.8 0.133000
 7.9 0.131667
 8.0 0.107000
 8.1 0.107000
 8.2 0.107000
 8.3 0.096000
 8.4 0.096000
 8.5 0.096000
 8.6 0.096000
 8.7 0.096000
 8.8 0.096000
 8.9 0.096000
 9.0 0.096000
 9.1 0.093000
 9.2 0.093000
 9.3 0.093000
 9.4 0.093000
 9.5 0.093000
 9.6 0.093000
 9.7 0.093000
 9.8 0.093000
 9.9 0.093000
 10.0 0.093000
 10.1 0.093000
 10.2 0.093000
 10.3 0.093000
 10.4 0.093000
 10.5 0.093000
 10.6 0.093000
 10.7 0.093000
 10.8 0.093000
 10.9 0.093000
 11.0 0.082000
 11.1 0.082000
 11.2 0.082000
 11.3 0.082000
 11.4 0.082000
 11.5 0.082000
 11.6 0.082000
 11.7 0.082000
 11.8 0.082000
 11.9 0.076000

ALA 3
 0.0 1.000000
 0.1 1.000000
 0.2 1.000000
 0.3 1.000000
 0.4 1.000000
 0.5 1.000000
 0.6 1.000000
 0.7 1.000000
 0.8 1.000000
 0.9 1.000000
 1.0 1.000000
 1.1 1.000000
 1.2 1.000000
 1.3 1.000000
 1.4 1.000000
 1.5 1.000000
 1.6 1.000000
 1.7 1.000000
 1.8 1.000000
 1.9 1.000000
 2.0 1.000000
 2.1 1.000000
 2.2 1.000000
 2.3 1.000000
 2.4 1.000000
 2.5 1.000000
 2.6 1.000000
 2.7 1.000000
 2.8 1.000000
 2.9 1.000000
 3.0 1.000000
 3.1 1.000000
 3.2 1.000000
 3.3 1.000000
 3.4 1.000000
 3.5 1.000000
 3.6 1.000000
 3.7 1.000000
 3.8 0.333333
 3.9 0.333333
 4.0 -0.166667
 4.1 -0.166667
 4.2 -0.166667
 4.3 -0.166667
 4.4 -0.166667
 4.5 -0.166667
 4.6 -0.166667
 4.7 -0.166667
 4.8 -0.166667
 4.9 -0.166667
 5.0 -0.166667
 5.1 -0.166667
 5.2 -0.250000
 5.3 -0.250000
 5.4 -0.250000
 5.5 -0.250000
 5.6 -0.250000
 5.7 0.041500
 5.8 0.100000
 5.9 0.100000
 6.0 0.100000
 6.1 0.100000
 6.2 0.100000
 6.3 0.100000
 6.4 0.100000
 6.5 0.100000
 6.6 0.100000
 6.7 0.100000
 6.8 0.100000
 6.9 0.100000
 7.0 0.100000
 7.1 0.100000
 7.2 0.100000
 7.3 0.100000
 7.4 0.100000
 7.5 0.100000
 7.6 0.100000
 7.7 0.100000
 7.8 0.100000
 7.9 0.093667
 8.0 0.093000
 8.1 0.093000
 8.2 0.093000
 8.3 0.082000
 8.4 0.082000
 8.5 0.082000
 8.6 0.082000
 8.7 0.082000
 8.8 0.082000
 8.9 0.082000
 9.0 0.082000
 9.1 0.080500
 9.2 0.080500
 9.3 0.080500
 9.4 0.080500
 9.5 0.080500
 9.6 0.080500
 9.7 0.080500
 9.8 0.080500
 9.9 0.080500
 10.0 0.080500
 10.1 0.080500
 10.2 0.080500
 10.3 0.080500
 10.4 0.080500
 10.5 0.080500
 10.6 0.080500
 10.7 0.080500
 10.8 0.080500
 10.9 0.080500
 11.0 0.077500
 11.1 0.077500
 11.2 0.077500
 11.3 0.077500
 11.4 0.077500
 11.5 0.077500
 11.6 0.077500
 11.7 0.077500
 11.8 0.077500
 11.9 0.072000

ALA 4
 0.0 1.000000
 0.1 1.000000
 0.2 1.000000
 0.3 1.000000
 0.4 1.000000
 0.5 1.000000
 0.6 1.000000
 0.7 1.000000
 0.8 1.000000
 0.9 1.000000
 1.0 1.000000
 1.1 1.000000
 1.2 1.000000
 1.3 1.000000
 1.4 1.000000
 1.5 1.000000
 1.6 1.000000
 1.7 1.000000
 1.8 1.000000
 1.9 1.000000
 2.0 1.000000
 2.1 1.000000
 2.2 1.000000
 2.3 1.000000
 2.4 1.000000
 2.5 1.000000
 2.6 1.000000
 2.7 1.000000
 2.8 1.000000
 2.9 1.000000
 3.0 1.000000
 3.1 1.000000
 3.2 1.000000
 3.3 1.000000
 3.4 1.000000
 3.5 1.000000
 3.6 1.000000
 3.7 1.000000
 3.8 0.333333
 3.9 0.333333
 4.0 -0.333333
 4.1 -0.333333
 4.2 -0.333333
 4.3 -0.333333
 4.4 -0.333333
 4.5 -0.333333
 4.6 -0.333333
 4.7 -0.333333
 4.8 -0.333333
 4.9 -0.333333
 5.0 -0.333333
 5.1 -0.333333
 5.2 -0.167000
 5.3 -0.167000
 5.4 -0.167000
 5.5 -0.167000
 5.6 -0.167000
 5.7 -0.187750
 5.8 0.067000
 5.9 0.067000
 6.0 0.067000
 6.1 0.067000
 6.2 0.067000
 6.3 0.067000
 6.4 0.067000
 6.5 0.067000
 6.6 0.067000
 6.7 0.067000
 6.8 0.067000
 6.9 0.067000
 7.0 0.067000
 7.1 0.067000
 7.2 0.067000
 7.3 0.067000
 7.4 0.067000
 7.5 0.067000
 7.6 0.067000
 7.7 0.067000
 7.8 0.067000
 7.9 0.066667
 8.0 0.062000
 8.1 0.062000
 8.2 0.062000
 8.3 0.071000
 8.4 0.071000
 8.5 0.071000
 8.6 0.071000
 8.7 0.071000
 8.8 0.071000
 8.9 0.071000
 9.0 0.071000
 9.1 0.062500
 9.2 0.062500
 9.3 0.062500
 9.4 0.062500
 9.5 0.062500
 9.6 0.062500
 9.7 0.062500
 9.8 0.062500
 9.9 0.062500
 10.0 0.062500
 10.1 0.062500
 10.2 0.062500
 10.3 0.062500
 10.4 0.062500
 10.5 0.062500
 10.6 0.062500
 10.7 0.062500
 10.8 0.062500
 10.9 0.062500
 11.0 0.067500
 11.1 0.067500
 11.2 0.067500
 11.3 0.067500
 11.4 0.067500
 11.5 0.067500
 11.6 0.067500
 11.7 0.067500
 11.8 0.067500
 11.9 0.064000

ALA 5
 0.0 1.000000
 0.1 1.000000
 0.2 1.000000
 0.3 1.000000
 0.4 1.000000
 0.5 1.000000
 0.6 1.000000
 0.7 1.000000
 0.8 1.000000
 0.9 1.000000
 1.0 1.000000
 1.1 1.000000
 1.2 1.000000
 1.3 1.000000
 1.4 1.000000
 1.5 1.000000
 1.6 1.000000
 1.7 1.000000
 1.8 1.000000
 1.9 1.000000
 2.0 1.000000
 2.1 1.000000
 2.2 1.000000
 2.3 1.000000
 2.4 1.000000
 2.5 1.000000
 2.6 1.000000
 2.7 1.000000
 2.8 1.000000
 2.9 1.000000
 3.0 1.000000
 3.1 1.000000
 3.2 1.000000
 3.3 1.000000
 3.4 1.000000
 3.5 1.000000
 3.6 1.000000
 3.7 1.000000
 3.8 0.333333
 3.9 0.333333
 4.0 -0.666667
 4.1 -0.666667
 4.2 -0.666667
 4.3 -0.666667
 4.4 -0.666667
 4.5 -0.666667
 4.6 -0.666667
 4.7 -0.666667
 4.8 -0.666667
 4.9 -0.666667
 5.0 -0.666667
 5.1 -0.666667
 5.2 -0.250000
 5.3 -0.250000
 5.4 -0.250000
 5.5 -0.250000
 5.6 -0.250000
 5.7 0.091500
 5.8 0.033000
 5.9 0.033000
 6.0 0.033000
 6.1 0.033000
 6.2 0.033000
 6.3 0.033000
 6.4 0.033000
 6.5 0.033000
 6.6 0.033000
 6.7 0.033000
 6.8 0.033000
 6.9 0.033000
 7.0 0.033000
 7.1 0.033000
 7.2 0.033000
 7.3 0.033000
 7.4 0.033000
 7.5 0.033000
 7.6 0.033000
 7.7 0.033000
 7.8 0.033000
 7.9 0.039667
 8.0 0.042500
 8.1 0.042500
 8.2 0.042500
 8.3 0.053000
 8.4 0.053000
 8.5 0.053000
 8.6 0.053000
 8.7 0.053000
 8.8 0.053000
 8.9 0.053000
 9.0 0.053000
 9.1 0.057000
 9.2 0.057000
 9.3 0.057000
 9.4 0.057000
 9.5 0.057000
 9.6 0.057000
 9.7 0.057000
 9.8 0.057000
 9.9 0.057000
 10.0 0.057000
 10.1 0.057000
 10.2 0.057000
 10.3 0.057000
 10.4 0.057000
 10.5 0.057000
 10.6 0.057000
 10.7 0.057000
 10.8 0.057000
 10.9 0.057000
 11.0 0.057500
 11.1 0.057500
 11.2 0.057500
 11.3 0.057500
 11.4 0.057500
 11.5 0.057500
 11.6 0.057500
 11.7 0.057500
 11.8 0.057500
 11.9 0.055500

ALA 6
 0.0 1.000000
 0.1 1.000000
 0.2 1.000000
 0.3 1.000000
 0.4 1.000000
 0.5 1.000000
 0.6 1.000000
 0.7 1.000000
 0.8 1.000000
 0.9 1.000000
 1.0 1.000000
 1.1 1.000000
 1.2 1.000000
 1.3 1.000000
 1.4 1.000000
 1.5 1.000000
 1.6 1.000000
 1.7 1.000000
 1.8 1.000000
 1.9 1.000000
 2.0 1.000000
 2.1 1.000000
 2.2 1.000000
 2.3 1.000000
 2.4 1.000000
 2.5 1.000000
 2.6 1.000000
 2.7 1.000000
 2.8 1.000000
 2.9 1.000000
 3.0 1.000000
 3.1 1.000000
 3.2 1.000000
 3.3 1.000000
 3.4 1.000000
 3.5 1.000000
 3.6 1.000000
 3.7 1.000000
 3.8 0.333333
 3.9 0.333333
 4.0 -0.666667
 4.1 -0.666667
 4.2 -0.666667
 4.3 -0.666667
 4.4 -0.666667
 4.5 -0.666667
 4.6 -0.666667
 4.7 -0.666667
 4.8 -0.666667
 4.9 -0.666667
 5.0 -0.666667
 5.1 -0.666667
 5.2 -0.416500
 5.3 -0.416500
 5.4 -0.416500
 5.5 -0.416500
 5.6 -0.416500
 5.7 0.037500
 5.8 0.000000
 5.9 0.000000
 6.0 0.000000
 6.1 0.000000
 6.2 0.000000
 6.3 0.000000
 6.4 0.000000
 6.5 0.000000
 6.6 0.000000
 6.7 0.000000
 6.8 0.000000
 6.9 0.000000
 7.0 0.000000
 7.1 0.000000
 7.2 0.000000
 7.3 0.000000
 7.4 0.000000
 7.5 0.000000
 7.6 0.000000
 7.7 0.000000
 7.8 0.000000
 7.9 0.004667
 8.0 0.040500
 8.1 0.040500
 8.2 0.040500
 8.3 0.037500
 8.4 0.037500
 8.5 0.037500
 8.6 0.037500
 8.7 0.037500
 8.8 0.037500
 8.9 0.037500
 9.0 0.037500
 9.1 0.044000
 9.2 0.044000
 9.3 0.044000
 9.4 0.044000
 9.5 0.044000
 9.6 0.044000
 9.7 0.044000
 9.8 0.044000
 9.9 0.044000
 10.0 0.044000
 10.1 0.044000
 10.2 0.044000
 10.3 0.044000
 10.4 0.044000
 10.5 0.044000
 10.6 0.044000
 10.7 0.044000
 10.8 0.044000
 10.9 0.044000
 11.0 0.046500
 11.1 0.046500
 11.2 0.046500
 11.3 0.046500
 11.4 0.046500
 11.5 0.046500
 11.6 0.046500
 11.7 0.046500
 11.8 0.046500
 11.9 0.043000

ALA 7
 0.0 1.000000
 0.1 1.000000
 0.2 1.000000
 0.3 1.000000
 0.4 1.000000
 0.5 1.000000
 0.6 1.000000
 0.7 1.000000
 0.8 1.000000
 0.9 1.000000
 1.0 1.000000
 1.1 1.000000
 1.2 1.000000
 1.3 1.000000
 1.4 1.000000
 1.5 1.000000
 1.6 1.000000
 1.7 1.000000
 1.8 1.000000
 1.9 1.000000
 2.0 1.000000
 2.1 1.000000
 2.2 1.000000
 2.3 1.000000
 2.4 1.000000
 2.5 1.000000
 2.6 1.000000
 2.7 1.000000
 2.8 1.000000
 2.9 1.000000
 3.0 1.000000
 3.1 1.000000
 3.2 1.000000
 3.3 1.000000
 3.4 1.000000
 3.5 1.000000
 3.6 1.000000
 3.7 1.000000
 3.8 0.333333
 3.9 0.333333
 4.0 -0.500000
 4.1 -0.500000
 4.2 -0.500000
 4.3 -0.500000
 4.4 -0.500000
 4.5 -0.500000
 4.6 -0.500000
 4.7 -0.500000
 4.8 -0.500000
 4.9 -0.500000
 5.0 -0.500000
 5.1 -0.500000
 5.2 -0.333500
 5.3 -0.333500
 5.4 -0.333500
 5.5 -0.333500
 5.6 -0.333500
 5.7 -0.066500
 5.8 0.000000
 5.9 0.000000
 6.0 0.000000
 6.1 0.000000
 6.2 0.000000
 6.3 0.000000
 6.4 0.000000
 6.5 0.000000
 6.6 0.000000
 6.7 0.000000
 6.8 0.000000
 6.9 0.000000
 7.0 0.000000
 7.1 0.000000
 7.2 0.000000
 7.3 0.000000
 7.4 0.000000
 7.5 0.000000
 7.6 0.000000
 7.7 0.000000
 7.8 0.000000
 7.9 0.000000
 8.0 0.026500
 8.1 0.026500
 8.2 0.026500
 8.3 0.030500
 8.4 0.030500
 8.5 0.030500
 8.6 0.030500
 8.7 0.030500
 8.8 0.030500
 8.9 0.030500
 9.0 0.030500
 9.1 0.032000
 9.2 0.032000
 9.3 0.032000
 9.4 0.032000
 9.5 0.032000
 9.6 0.032000
 9.7 0.032000
 9.8 0.032000
 9.9 0.032000
 10.0 0.032000
 10.1 0.032000
 10.2 0.032000
 10.3 0.032000
 10.4 0.032000
 10.5 0.032000
 10.6 0.032000
 10.7 0.032000
 10.8 0.032000
 10.9 0.032000
 11.0 0.036500
 11.1 0.036500
 11.2 0.036500
 11.3 0.036500
 11.4 0.036500
 11.5 0.036500
 11.6 0.036500
 11.7 0.036500
 11.8 0.036500
 11.9 0.039500

ALA 8
 0.0 1.000000
 0.1 1.000000
 0.2 1.000000
 0.3 1.000000
 0.4 1.000000
 0.5 1.000000
 0.6 1.000000
 0.7 1.000000
 0.8 1.000000
 0.9 1.000000
 1.0 1.000000
 1.1 1.000000
 1.2 1.000000
 1.3 1.000000
 1.4 1.000000
 1.5 1.000000
 1.6 1.000000
 1.7 1.000000
 1.8 1.000000
 1.9 1.000000
 2.0 1.000000
 2.1 1.000000
 2.2 1.000000
 2.3 1.000000
 2.4 1.000000
 2.5 1.000000
 2.6 1.000000
 2.7 1.000000
 2.8 1.000000
 2.9 1.000000
 3.0 1.000000
 3.1 1.000000
 3.2 1.000000
 3.3 1.000000
 3.4 1.000000
 3.5 1.000000
 3.6 1.000000
 3.7 1.000000
 3.8 0.333333
 3.9 0.333333
 4.0 -0.833333
 4.1 -0.833333
 4.2 -0.833333
 4.3 -0.833333
 4.4 -0.833333
 4.5 -0.833333
 4.6 -0.833333
 4.7 -0.833333
 4.8 -0.833333
 4.9 -0.833333
 5.0 -0.833333
 5.1 -0.833333
 5.2 -0.166500
 5.3 -0.166500
 5.4 -0.166500
 5.5 -0.166500
 5.6 -0.166500
 5.7 0.104000
 5.8 0.000000
 5.9 0.000000
 6.0 0.000000
 6.1 0.000000
 6.2 0.000000
 6.3 0.000000
 6.4 0.000000
 6.5 0.000000
 6.6 0.000000
 6.7 0.000000
 6.8 0.000000
 6.9 0.000000
 7.0 0.000000
 7.1 0.000000
 7.2 0.000000
 7.3 0.000000
 7.4 0.000000
 7.5 0.000000
 7.6 0.000000
 7.7 0.000000
 7.8 0.000000
 7.9 0.011333
 8.0 0.021500
 8.1 0.021500
 8.2 0.021500
 8.3 0.015500
 8.4 0.015500
 8.5 0.015500
 8.6 0.015500
 8.7 0.015500
 8.8 0.015500
 8.9 0.015500
 9.0 0.015500
 9.1 0.019500
 9.2 0.019500
 9.3 0.019500
 9.4 0.019500
 9.5 0.019500
 9.6 0.019500
 9.7 0.019500
 9.8 0.019500
 9.9 0.019500
 10.0 0.019500
 10.1 0.019500
 10.2 0.019500
 10.3 0.019500
 10.4 0.019500
 10.5 0.019500
 10.6 0.019500
 10.7 0.019500
 10.8 0.019500
 10.9 0.019500
 11.0 0.022000
 11.1 0.022000
 11.2 0.022000
 11.3 0.022000
 11.4 0.022000
 11.5 0.022000
 11.6 0.022000
 11.7 0.022000
 11.8 0.022000
 11.9 0.027000

ALA 9
 0.0 1.000000
 0.1 1.000000
 0.2 1.000000
 0.3 1.000000
 0.4 1.000000
 0.5 1.000000
 0.6 1.000000
 0.7 1.000000
 0.8 1.000000
 0.9 1.000000
 1.0 1.000000
 1.1 1.000000
 1.2 1.000000
 1.3 1.000000
 1.4 1.000000
 1.5 1.000000
 1.6 1.000000
 1.7 1.000000
 1.8 1.000000
 1.9 1.000000
 2.0 1.000000
 2.1 1.000000
 2.2 1.000000
 2.3 1.000000
 2.4 1.000000
 2.5 1.000000
 2.6 1.000000
 2.7 1.000000
 2.8 1.000000
 2.9 1.000000
 3.0 1.000000
 3.1 1.000000
 3.2 1.000000
 3.3 1.000000
 3.4 1.000000
 3.5 1.000000
 3.6 1.000000
 3.7 1.000000
 3.8 0.333333
 3.9 0.333333
 4.0 -0.666667
 4.1 -0.666667
 4.2 -0.666667
 4.3 -0.666667
 4.4 -0.666667
 4.5 -0.666667
 4.6 -0.666667
 4.7 -0.666667
 4.8 -0.666667
 4.9 -0.666667
 5.0 -0.666667
 5.1 -0.666667
 5.2 0.000000
 5.3 0.000000
 5.4 0.000000
 5.5 0.000000
 5.6 0.000000
 5.7 0.024750
 5.8 0.000000
 5.9 0.000000
 6.0 0.000000
 6.1 0.000000
 6.2 0.000000
 6.3 0.000000
 6.4 0.000000
 6.5 0.000000
 6.6 0.000000
 6.7 0.000000
 6.8 0.000000
 6.9 0.000000
 7.0 0.000000
 7.1 0.000000
 7.2 0.000000
 7.3 0.000000
 7.4 0.000000
 7.5 0.000000
 7.6 0.000000
 7.7 0.000000
 7.8 0.000000
 7.9 0.011333
 8.0 -0.002500
 8.1 -0.002500
 8.2 -0.002500
 8.3 0.001000
 8.4 0.001000
 8.5 0.001000
 8.6 0.001000
 8.7 0.001000
 8.8 0.001000
 8.9 0.001000
 9.0 0.001000
 9.1 0.007000
 9.2 0.007000
 9.3 0.007000
 9.4 0.007000
 9.5 0.007000
 9.6 0.007000
 9.7 0.007000
 9.8 0.007000
 9.9 0.007000
 10.0 0.007000
 10.1 0.007000
 10.2 0.007000
 10.3 0.007000
 10.4 0.007000
 10.5 0.007000
 10.6 0.007000
 10.7 0.007000
 10.8 0.007000
 10.9 0.007000
 11.0 0.017500
 11.1 0.017500
 11.2 0.017500
 11.3 0.017500
 11.4 0.017500
 11.5 0.017500
 11.6 0.017500
 11.7 0.017500
 11.8 0.017500
 11.9 0.023500

ALA 10
 0.0 1.000000
 0.1 1.000000
 0.2 1.000000
 0.3 1.000000
 0.4 1.000000
 0.5 1.000000
 0.6 1.000000
 0.7 1.000000
 0.8 1.000000
 0.9 1.000000
 1.0 1.000000
 1.1 1.000000
 1.2 1.000000
 1.3 1.000000
 1.4 1.000000
 1.5 1.000000
 1.6 1.000000
 1.7 1.000000
 1.8 1.000000
 1.9 1.000000
 2.0 1.000000
 2.1 1.000000
 2.2 1.000000
 2.3 1.000000
 2.4 1.000000
 2.5 1.000000
 2.6 1.000000
 2.7 1.000000
 2.8 1.000000
 2.9 1.000000
 3.0 1.000000
 3.1 1.000000
 3.2 1.000000
 3.3 1.000000
 3.4 1.000000
 3.5 1.000000
 3.6 1.000000
 3.7 1.000000
 3.8 0.333333
 3.9 0.333333
 4.0 -0.666667
 4.1 -0.666667
 4.2 -0.666667
 4.3 -0.666667
 4.4 -0.666667
 4.5 -0.666667
 4.6 -0.666667
 4.7 -0.666667
 4.8 -0.666667
 4.9 -0.666667
 5.0 -0.666667
 5.1 -0.666667
 5.2 -0.083500
 5.3 -0.083500
 5.4 -0.083500
 5.5 -0.083500
 5.6 -0.083500
 5.7 -0.016500
 5.8 0.000000
 5.9 0.000000
 6.0 0.000000
 6.1 0.000000
 6.2 0.000000
 6.3 0.000000
 6.4 0.000000
 6.5 0.000000
 6.6 0.000000
 6.7 0.000000
 6.8 0.000000
 6.9 0.000000
 7.0 0.000000
 7.1 0.000000
 7.2 0.000000
 7.3 0.000000
 7.4 0.000000
 7.5 0.000000
 7.6 0.000000
 7.7 0.000000
 7.8 0.000000
 7.9 0.000000
 8.0 0.009500
 8.1 0.009500
 8.2 0.009500
 8.3 -0.001000
 8.4 -0.001000
 8.5 -0.001000
 8.6 -0.001000
 8.7 -0.001000
 8.8 -0.001000
 8.9 -0.001000
 9.0 -0.001000
 9.1 0.001500
 9.2 0.001500
 9.3 0.001500
 9.4 0.001500
 9.5 0.001500
 9.6 0.001500
 9.7 0.001500
 9.8 0.001500
 9.9 0.001500
 10.0 0.001500
 10.1 0.001500
 10.2 0.001500
 10.3 0.001500
 10.4 0.001500
 10.5 0.001500
 10.6 0.001500
 10.7 0.001500
 10.8 0.001500
 10.9 0.001500
 11.0 0.007500
 11.1 0.007500
 11.2 0.007500
 11.3 0.007500
 11.4 0.007500
 11.5 0.007500
 11.6 0.007500
 11.7 0.007500
 11.8 0.007500
 11.9 0.011500

ALA 11
 0.0 1.000000
 0.1 1.000000
 0.2 1.000000
 0.3 1.000000
 0.4 1.000000
 0.5 1.000000
 0.6 1.000000
 0.7 1.000000
 0.8 1.000000
 0.9 1.000000
 1.0 1.000000
 1.1 1.000000
 1.2 1.000000
 1.3 1.000000
 1.4 1.000000
 1.5 1.000000
 1.6 1.000000
 1.7 1.000000
 1.8 1.000000
 1.9 1.000000
 2.0 1.000000
 2.1 1.000000
 2.2 1.000000
 2.3 1.000000
 2.4 1.000000
 2.5 1.000000
 2.6 1.000000
 2.7 1.000000
 2.8 1.000000
 2.9 1.000000
 3.0 1.000000
 3.1 1.000000
 3.2 1.000000
 3.3 1.000000
 3.4 1.000000
 3.5 1.000000
 3.6 1.000000
 3.7 1.000000
 3.8 0.333333
 3.9 0.333333
 4.0 -0.666667
 4.1 -0.666667
 4.2 -0.666667
 4.3 -0.666667
 4.4 -0.666667
 4.5 -0.666667
 4.6 -0.666667
 4.7 -0.666667
 4.8 -0.666667
 4.9 -0.666667
 5.0 -0.666667
 5.1 -0.666667
 5.2 -0.333500
 5.3 -0.333500
 5.4 -0.333500
 5.5 -0.333500
 5.6 -0.333500
 5.7 0.016500
 5.8 0.000000
 5.9 0.000000
 6.0 0.000000
 6.1 0.000000
 6.2 0.000000
 6.3 0.000000
 6.4 0.000000
 6.5 0.000000
 6.6 0.000000
 6.7 0.000000
 6.8 0.000000
 6.9 0.000000
 7.0 0.000000
 7.1 0.000000
 7.2 0.000000
 7.3 0.000000
 7.4 0.000000
 7.5 0.000000
 7.6 0.000000
 7.7 0.000000
 7.8 0.000000
 7.9 0.000000
 8.0 0.005000
 8.1 0.005000
 8.2 0.005000
 8.3 0.001000
 8.4 0.001000
 8.5 0.001000
 8.6 0.001000
 8.7 0.001000
 8.8 0.001000
 8.9 0.001000
 9.0 0.001000
 9.1 0.001500
 9.2 0.001500
 9.3 0.001500
 9.4 0.001500
 9.5 0.001500
 9.6 0.001500
 9.7 0.001500
 9.8 0.001500
 9.9 0.001500
 10.0 0.001500
 10.1 0.001500
 10.2 0.001500
 10.3 0.001500
 10.4 0.001500
 10.5 0.001500
 10.6 0.001500
 10.7 0.001500
 10.8 0.001500
 10.9 0.001500
 11.0 -0.007000
 11.1 -0.007000
 11.2 -0.007000
 11.3 -0.007000
 11.4 -0.007000
 11.5 -0.007000
 11.6 -0.007000
 11.7 -0.007000
 11.8 -0.007000
 11.9 0.004000

ALA 12
 0.0 1.000000
 0.1 1.000000
 0.2 1.000000
 0.3 1.000000
 0.4 1.000000
 0.5 1.000000
 0.6 1.000000
 0.7 1.000000
 0.8 1.000000
 0.9 1.000000
 1.0 1.000000
 1.1 1.000000
 1.2 1.000000
 1.3 1.000000
 1.4 1.000000
 1.5 1.000000
 1.6 1.000000
 1.7 1.000000
 1.8 1.000000
 1.9 1.000000
 2.0 1.000000
 2.1 1.000000
 2.2 1.000000
 2.3 1.000000
 2.4 1.000000
 2.5 1.000000
 2.6 1.000000
 2.7 1.000000
 2.8 1.000000
 2.9 1.000000
 3.0 1.000000
 3.1 1.000000
 3.2 1.000000
 3.3 1.000000
 3.4 1.000000
 3.5 1.000000
 3.6 1.000000
 3.7 1.000000
 3.8 0.333333
 3.9 0.333333
 4.0 -0.666667
 4.1 -0.666667
 4.2 -0.666667
 4.3 -0.666667
 4.4 -0.666667
 4.5 -0.666667
 4.6 -0.666667
 4.7 -0.666667
 4.8 -0.666667
 4.9 -0.666667
 5.0 -0.666667
 5.1 -0.666667
 5.2 -0.250000
 5.3 -0.250000
 5.4 -0.250000
 5.5 -0.250000
 5.6 -0.250000
 5.7 -0.008250
 5.8 0.000000
 5.9 0.000000
 6.0 0.000000
 6.1 0.000000
 6.2 0.000000
 6.3 0.000000
 6.4 0.000000
 6.5 0.000000
 6.6 0.000000
 6.7 0.000000
 6.8 0.000000
 6.9 0.000000
 7.0 0.000000
 7.1 0.000000
 7.2 0.000000
 7.3 0.000000
 7.4 0.000000
 7.5 0.000000
 7.6 0.000000
 7.7 0.000000
 7.8 0.000000
 7.9 -0.011333
 8.0 -0.012000
 8.1 -0.012000
 8.2 -0.012000
 8.3 -0.003500
 8.4 -0.003500
 8.5 -0.003500
 8.6 -0.003500
 8.7 -0.003500
 8.8 -0.003500
 8.9 -0.003500
 9.0 -0.003500
 9.1 0.001500
 9.2 0.001500
 9.3 0.001500
 9.4 0.001500
 9.5 0.001500
 9.6 0.001500
 9.7 0.001500
 9.8 0.001500
 9.9 0.001500
 10.0 0.001500
 10.1 0.001500
 10.2 0.001500
 10.3 0.001500
 10.4 0.001500
 10.5 0.001500
 10.6 0.001500
 10.7 0.001500
 10.8 0.001500
 10.9 0.001500
 11.0 -0.002500
 11.1 -0.002500
 11.2 -0.002500
 11.3 -0.002500
 11.4 -0.002500
 11.5 -0.002500
 11.6 -0.002500
 11.7 -0.002500
 11.8 -0.002500
 11.9 0.000000

ALA 13
 0.0 1.000000
 0.1 1.000000
 0.2 1.000000
 0.3 1.000000
 0.4 1.000000
 0.5 1.000000
 0.6 1.000000
 0.7 1.000000
 0.8 1.000000
 0.9 1.000000
 1.0 1.000000
 1.1 1.000000
 1.2 1.000000
 1.3 1.000000
 1.4 1.000000
 1.5 1.000000
 1.6 1.000000
 1.7 1.000000
 1.8 1.000000
 1.9 1.000000
 2.0 1.000000
 2.1 1.000000
 2.2 1.000000
 2.3 1.000000
 2.4 1.000000
 2.5 1.000000
 2.6 1.000000
 2.7 1.000000
 2.8 1.000000
 2.9 1.000000
 3.0 1.000000
 3.1 1.000000
 3.2 1.000000
 3.3 1.000000
 3.4 1.000000
 3.5 1.000000
 3.6 1.000000
 3.7 1.000000
 3.8 0.333333
 3.9 0.333333
 4.0 -0.500000
 4.1 -0.500000
 4.2 -0.500000
 4.3 -0.500000
 4.4 -0.500000
 4.5 -0.500000
 4.6 -0.500000
 4.7 -0.500000
 4.8 -0.500000
 4.9 -0.500000
 5.0 -0.500000
 5.1 -0.500000
 5.2 -0.083500
 5.3 -0.083500
 5.4 -0.083500
 5.5 -0.083500
 5.6 -0.083500
 5.7 -0.045750
 5.8 0.000000
 5.9 0.000000
 6.0 0.000000
 6.1 0.000000
 6.2 0.000000
 6.3 0.000000
 6.4 0.000000
 6.5 0.000000
 6.6 0.000000
 6.7 0.000000
 6.8 0.000000
 6.9 0.000000
 7.0 0.000000
 7.1 0.000000
 7.2 0.000000
 7.3 0.000000
 7.4 0.000000
 7.5 0.000000
 7.6 0.000000
 7.7 0.000000
 7.8 0.000000
 7.9 -0.003333
 8.0 -0.012000
 8.1 -0.012000
 8.2 -0.012000
 8.3 0.001500
 8.4 0.001500
 8.5 0.001500
 8.6 0.001500
 8.7 0.001500
 8.8 0.001500
 8.9 0.001500
 9.0 0.001500
 9.1 -0.005500
 9.2 -0.005500
 9.3 -0.005500
 9.4 -0.005500
 9.5 -0.005500
 9.6 -0.005500
 9.7 -0.005500
 9.8 -0.005500
 9.9 -0.005500
 10.0 -0.005500
 10.1 -0.005500
 10.2 -0.005500
 10.3 -0.005500
 10.4 -0.005500
 10.5 -0.005500
 10.6 -0.005500
 10.7 -0.005500
 10.8 -0.005500
 10.9 -0.005500
 11.0 0.002000
 11.1 0.002000
 11.2 0.002000
 11.3 0.002000
 11.4 0.002000
 11.5 0.002000
 11.6 0.002000
 11.7 0.002000
 11.8 0.002000
 11.9 -0.001000

ALA 14
 0.0 1.000000
 0.1 1.000000
 0.2 1.000000
 0.3 1.000000
 0.4 1.000000
 0.5 1.000000
 0.6 1.000000
 0.7 1.000000
 0.8 1.000000
 0.9 1.000000
 1.0 1.000000
 1.1 1.000000
 1.2 1.000000
 1.3 1.000000
 1.4 1.000000
 1.5 1.000000
 1.6 1.000000
 1.7 1.000000
 1.8 1.000000
 1.9 1.000000
 2.0 1.000000
 2.1 1.000000
 2.2 1.000000
 2.3 1.000000
 2.4 1.000000
 2.5 1.000000
 2.6 1.000000
 2.7 1.000000
 2.8 1.000000
 2.9 1.000000
 3.0 1.000000
 3.1 1.000000
 3.2 1.000000
 3.3 1.000000
 3.4 1.000000
 3.5 1.000000
 3.6 1.000000
 3.7 1.000000
 3.8 0.333333
 3.9 0.333333
 4.0 -0.666667
 4.1 -0.666667
 4.2 -0.666667
 4.3 -0.666667
 4.4 -0.666667
 4.5 -0.666667
 4.6 -0.666667
 4.7 -0.666667
 4.8 -0.666667
 4.9 -0.666667
 5.0 -0.666667
 5.1 -0.666667
 5.2 -0.166500
 5.3 -0.166500
 5.4 -0.166500
 5.5 -0.166500
 5.6 -0.166500
 5.7 0.033250
 5.8 0.000000
 5.9 0.000000
 6.0 0.000000
 6.1 0.000000
 6.2 0.000000
 6.3 0.000000
 6.4 0.000000
 6.5 0.000000
 6.6 0.000000
 6.7 0.000000
 6.8 0.000000
 6.9 0.000000
 7.0 0.000000
 7.1 0.000000
 7.2 0.000000
 7.3 0.000000
 7.4 0.000000
 7.5 0.000000
 7.6 0.000000
 7.7 0.000000
 7.8 0.000000
 7.9 -0.003333
 8.0 -0.012000
 8.1 -0.012000
 8.2 -0.012000
 8.3 0.001000
 8.4 0.001000
 8.5 0.001000
 8.6 0.001000
 8.7 0.001000
 8.8 0.001000
 8.9 0.001000
 9.0 0.001000
 9.1 -0.005500
 9.2 -0.005500
 9.3 -0.005500
 9.4 -0.005500
 9.5 -0.005500
 9.6 -0.005500
 9.7 -0.005500
 9.8 -0.005500
 9.9 -0.005500
 10.0 -0.005500
 10.1 -0.005500
 10.2 -0.005500
 10.3 -0.005500
 10.4 -0.005500
 10.5 -0.005500
 10.6 -0.005500
 10.7 -0.005500
 10.8 -0.005500
 10.9 -0.005500
 11.0 -0.002500
 11.1 -0.002500
 11.2 -0.002500
 11.3 -0.002500
 11.4 -0.002500
 11.5 -0.002500
 11.6 -0.002500
 11.7 -0.002500
 11.8 -0.002500
 11.9 -0.001000

ALA 15
 0.0 1.000000
 0.1 1.000000
 0.2 1.000000
 0.3 1.000000
 0.4 1.000000
 0.5 1.000000
 0.6 1.000000
 0.7 1.000000
 0.8 1.000000
 0.9 1.000000
 1.0 1.000000
 1.1 1.000000
 1.2 1.000000
 1.3 1.000000
 1.4 1.000000
 1.5 1.000000
 1.6 1.000000
 1.7 1.000000
 1.8 1.000000
 1.9 1.000000
 2.0 1.000000
 2.1 1.000000
 2.2 1.000000
 2.3 1.000000
 2.4 1.000000
 2.5 1.000000
 2.6 1.000000
 2.7 1.000000
 2.8 1.000000
 2.9 1.000000
 3.0 1.000000
 3.1 1.000000
 3.2 1.000000
 3.3 1.000000
 3.4 1.000000
 3.5 1.000000
 3.6 1.000000
 3.7 1.000000
 3.8 0.333333
 3.9 0.333333
 4.0 -0.666667
 4.1 -0.666667
 4.2 -0.666667
 4.3 -0.666667
 4.4 -0.666667
 4.5 -0.666667
 4.6 -0.666667
 4.7 -0.666667
 4.8 -0.666667
 4.9 -0.666667
 5.0 -0.666667
 5.1 -0.666667
 5.2 -0.166500
 5.3 -0.166500
 5.4 -0.166500
 5.5 -0.166500
 5.6 -0.166500
 5.7 -0.008250
 5.8 0.000000
 5.9 0.000000
 6.0 0.000000
 6.1 0.000000
 6.2 0.000000
 6.3 0.000000
 6.4 0.000000
 6.5 0.000000
 6.6 0.000000
 6.7 0.000000
 6.8 0.000000
 6.9 0.000000
 7.0 0.000000
 7.1 0.000000
 7.2 0.000000
 7.3 0.000000
 7.4 0.000000
 7.5 0.000000
 7.6 0.000000
 7.7 0.000000
 7.8 0.000000
 7.9 0.008000
 8.0 0.000000
 8.1 0.000000
 8.2 0.000000
 8.3 0.001000
 8.4 0.001000
 8.5 0.001000
 8.6 0.001000
 8.7 0.001000
 8.8 0.001000
 8.9 0.001000
 9.0 0.001000
 9.1 0.001500
 9.2 0.001500
 9.3 0.001500
 9.4 0.001500
 9.5 0.001500
 9.6 0.001500
 9.7 0.001500
 9.8 0.001500
 9.9 0.001500
 10.0 0.001500
 10.1 0.001500
 10.2 0.001500
 10.3 0.001500
 10.4 0.001500
 10.5 0.001500
 10.6 0.001500
 10.7 0.001500
 10.8 0.001500
 10.9 0.001500
 11.0 -0.001500
 11.1 -0.001500
 11.2 -0.001500
 11.3 -0.001500
 11.4 -0.001500
 11.5 -0.001500
 11.6 -0.001500
 11.7 -0.001500
 11.8 -0.001500
 11.9 0.000000

ALA 16
 0.0 1.000000
 0.1 1.000000
 0.2 1.000000
 0.3 1.000000
 0.4 1.000000
 0.5 1.000000
 0.6 1.000000
 0.7 1.000000
 0.8 1.000000
 0.9 1.000000
 1.0 1.000000
 1.1 1.000000
 1.2 1.000000
 1.3 1.000000
 1.4 1.000000
 1.5 1.000000
 1.6 1.000000
 1.7 1.000000
 1.8 1.000000
 1.9 1.000000
 2.0 1.000000
 2.1 1.000000
 2.2 1.000000
 2.3 1.000000
 2.4 1.000000
 2.5 1.000000
 2.6 1.000000
 2.7 1.000000
 2.8 1.000000
 2.9 1.000000
 3.0 1.000000
 3.1 1.000000
 3.2 1.000000
 3.3 1.000000
 3.4 1.000000
 3.5 1.000000
 3.6 1.000000
 3.7 1.000000
 3.8 0.333333
 3.9 0.333333
 4.0 -0.500000
 4.1 -0.500000
 4.2 -0.500000
 4.3 -0.500000
 4.4 -0.500000
 4.5 -0.500000
 4.6 -0.500000
 4.7 -0.500000
 4.8 -0.500000
 4.9 -0.500000
 5.0 -0.500000
 5.1 -0.500000
 5.2 -0.250000
 5.3 -0.250000
 5.4 -0.250000
 5.5 -0.250000
 5.6 -0.250000
 5.7 -0.004000
 5.8 0.000000
 5.9 0.000000
 6.0 0.000000
 6.1 0.000000
 6.2 0.000000
 6.3 0.000000
 6.4 0.000000
 6.5 0.000000
 6.6 0.000000
 6.7 0.000000
 6.8 0.000000
 6.9 0.000000
 7.0 0.000000
 7.1 0.000000
 7.2 0.000000
 7.3 0.000000
 7.4 0.000000
 7.5 0.000000
 7.6 0.000000
 7.7 0.000000
 7.8 0.000000
 7.9 -0.008000
 8.0 -0.007000
 8.1 -0.007000
 8.2 -0.007000
 8.3 0.001500
 8.4 0.001500
 8.5 0.001500
 8.6 0.001500
 8.7 0.001500
 8.8 0.001500
 8.9 0.001500
 9.0 0.001500
 9.1 -0.004000
 9.2 -0.004000
 9.3 -0.004000
 9.4 -0.004000
 9.5 -0.004000
 9.6 -0.004000
 9.7 -0.004000
 9.8 -0.004000
 9.9 -0.004000
 10.0 -0.004000
 10.1 -0.004000
 10.2 -0.004000
 10.3 -0.004000
 10.4 -0.004000
 10.5 -0.004000
 10.6 -0.004000
 10.7 -0.004000
 10.8 -0.004000
 10.9 -0.004000
 11.0 -0.000500
 11.1 -0.000500
 11.2 -0.000500
 11.3 -0.000500
 11.4 -0.000500
 11.5 -0.000500
 11.6 -0.000500
 11.7 -0.000500
 11.8 -0.000500
 11.9 0.008500

ALA 17
 0.0 1.000000
 0.1 1.000000
 0.2 1.000000
 0.3 1.000000
 0.4 1.000000
 0.5 1.000000
 0.6 1.000000
 0.7 1.000000
 0.8 1.000000
 0.9 1.000000
 1.0 1.000000
 1.1 1.000000
 1.2 1.000000
 1.3 1.000000
 1.4 1.000000
 1.5 1.000000
 1.6 1.000000
 1.7 1.000000
 1.8 1.000000
 1.9 1.000000
 2.0 1.000000
 2.1 1.000000
 2.2 1.000000
 2.3 1.000000
 2.4 1.000000
 2.5 1.000000
 2.6 1.000000
 2.7 1.000000
 2.8 1.000000
 2.9 1.000000
 3.0 1.000000
 3.1 1.000000
 3.2 1.000000
 3.3 1.000000
 3.4 1.000000
 3.5 1.000000
 3.6 1.000000
 3.7 1.000000
 3.8 0.166667
 3.9 0.166667
 4.0 -0.500000
 4.1 -0.500000
 4.2 -0.500000
 4.3 -0.500000
 4.4 -0.500000
 4.5 -0.500000
 4.6 -0.500000
 4.7 -0.500000
 4.8 -0.500000
 4.9 -0.500000
 5.0 -0.500000
 5.1 -0.500000
 5.2 -0.166500
 5.3 -0.166500
 5.4 -0.166500
 5.5 -0.166500
 5.6 -0.166500
 5.7 -0.008250
 5.8 0.000000
 5.9 0.000000
 6.0 0.000000
 6.1 0.000000
 6.2 0.000000
 6.3 0.000000
 6.4 0.000000
 6.5 0.000000
 6.6 0.000000
 6.7 0.000000
 6.8 0.000000
 6.9 0.000000
 7.0 0.000000
 7.1 0.000000
 7.2 0.000000
 7.3 0.000000
 7.4 0.000000
 7.5 0.000000
 7.6 0.000000
 7.7 0.000000
 7.8 0.000000
 7.9 0.003333
 8.0 0.005000
 8.1 0.005000
 8.2 0.005000
 8.3 -0.001500
 8.4 -0.001500
 8.5 -0.001500
 8.6 -0.001500
 8.7 -0.001500
 8.8 -0.001500
 8.9 -0.001500
 9.0 -0.001500
 9.1 0.003000
 9.2 0.003000
 9.3 0.003000
 9.4 0.003000
 9.5 0.003000
 9.6 0.003000
 9.7 0.003000
 9.8 0.003000
 9.9 0.003000
 10.0 0.003000
 10.1 0.003000
 10.2 0.003000
 10.3 0.003000
 10.4 0.003000
 10.5 0.003000
 10.6 0.003000
 10.7 0.003000
 10.8 0.003000
 10.9 0.003000
 11.0 0.009500
 11.1 0.009500
 11.2 0.009500
 11.3 0.009500
 11.4 0.009500
 11.5 0.009500
 11.6 0.009500
 11.7 0.009500
 11.8 0.009500
 11.9 0.012000

ALA 18
 0.0 1.000000
 0.1 1.000000
 0.2 1.000000
 0.3 1.000000
 0.4 1.000000
 0.5 1.000000
 0.6 1.000000
 0.7 1.000000
 0.8 1.000000
 0.9 1.000000
 1.0 1.000000
 1.1 1.000000
 1.2 1.000000
 1.3 1.000000
 1.4 1.000000
 1.5 1.000000
 1.6 1.000000
 1.7 1.000000
 1.8 1.000000
 1.9 1.000000
 2.0 1.000000
 2.1 1.000000
 2.2 1.000000
 2.3 1.000000
 2.4 1.000000
 2.5 1.000000
 2.6 1.000000
 2.7 1.000000
 2.8 1.000000
 2.9 1.000000
 3.0 1.000000
 3.1 1.000000
 3.2 1.000000
 3.3 1.000000
 3.4 1.000000
 3.5 1.000000
 3.6 1.000000
 3.7 1.000000
 3.8 0.166667
 3.9 0.166667
 4.0 -0.666667
 4.1 -0.666667
 4.2 -0.666667
 4.3 -0.666667
 4.4 -0.666667
 4.5 -0.666667
 4.6 -0.666667
 4.7 -0.666667
 4.8 -0.666667
 4.9 -0.666667
 5.0 -0.666667
 5.1 -0.666667
 5.2 -0.083500
 5.3 -0.083500
 5.4 -0.083500
 5.5 -0.083500
 5.6 -0.083500
 5.7 0.020750
 5.8 0.000000
 5.9 0.000000
 6.0 0.000000
 6.1 0.000000
 6.2 0.000000
 6.3 0.000000
 6.4 0.000000
 6.5 0.000000
 6.6 0.000000
 6.7 0.000000
 6.8 0.000000
 6.9 0.000000
 7.0 0.000000
 7.1 0.000000
 7.2 0.000000
 7.3 0.000000
 7.4 0.000000
 7.5 0.000000
 7.6 0.000000
 7.7 0.000000
 7.8 0.000000
 7.9 0.003333
 8.0 0.009500
 8.1 0.009500
 8.2 0.009500
 8.3 -0.001000
 8.4 -0.001000
 8.5 -0.001000
 8.6 -0.001000
 8.7 -0.001000
 8.8 -0.001000
 8.9 -0.001000
 9.0 -0.001000
 9.1 0.008500
 9.2 0.008500
 9.3 0.008500
 9.4 0.008500
 9.5 0.008500
 9.6 0.008500
 9.7 0.008500
 9.8 0.008500
 9.9 0.008500
 10.0 0.008500
 10.1 0.008500
 10.2 0.008500
 10.3 0.008500
 10.4 0.008500
 10.5 0.008500
 10.6 0.008500
 10.7 0.008500
 10.8 0.008500
 10.9 0.008500
 11.0 0.014000
 11.1 0.014000
 11.2 0.014000
 11.3 0.014000
 11.4 0.014000
 11.5 0.014000
 11.6 0.014000
 11.7 0.014000
 11.8 0.014000
 11.9 0.024500

ALA 19
 0.0 1.000000
 0.1 1.000000
 0.2 1.000000
 0.3 1.000000
 0.4 1.000000
 0.5 1.000000
 0.6 1.000000
 0.7 1.000000
 0.8 1.000000
 0.9 1.000000
 1.0 1.000000
 1.1 1.000000
 1.2 1.000000
 1.3 1.000000
 1.4 1.000000
 1.5 1.000000
 1.6 1.000000
 1.7 1.000000
 1.8 1.000000
 1.9 1.000000
 2.0 1.000000
 2.1 1.000000
 2.2 1.000000
 2.3 1.000000
 2.4 1.000000
 2.5 1.000000
 2.6 1.000000
 2.7 1.000000
 2.8 1.000000
 2.9 1.000000
 3.0 1.000000
 3.1 1.000000
 3.2 1.000000
 3.3 1.000000
 3.4 1.000000
 3.5 1.000000
 3.6 1.000000
 3.7 1.000000
 3.8 0.333333
 3.9 0.333333
 4.0 -0.666667
 4.1 -0.666667
 4.2 -0.666667
 4.3 -0.666667
 4.4 -0.666667
 4.5 -0.666667
 4.6 -0.666667
 4.7 -0.666667
 4.8 -0.666667
 4.9 -0.666667
 5.0 -0.666667
 5.1 -0.666667
 5.2 -0.333500
 5.3 -0.333500
 5.4 -0.333500
 5.5 -0.333500
 5.6 -0.333500
 5.7 0.012500
 5.8 0.000000
 5.9 0.000000
 6.0 0.000000
 6.1 0.000000
 6.2 0.000000
 6.3 0.000000
 6.4 0.000000
 6.5 0.000000
 6.6 0.000000
 6.7 0.000000
 6.8 0.000000
 6.9 0.000000
 7.0 0.000000
 7.1 0.000000
 7.2 0.000000
 7.3 0.000000
 7.4 0.000000
 7.5 0.000000
 7.6 0.000000
 7.7 0.000000
 7.8 0.000000
 7.9 0.003333
 8.0 0.021500
 8.1 0.021500
 8.2 0.021500
 8.3 0.013000
 8.4 0.013000
 8.5 0.013000
 8.6 0.013000
 8.7 0.013000
 8.8 0.013000
 8.9 0.013000
 9.0 0.013000
 9.1 0.020500
 9.2 0.020500
 9.3 0.020500
 9.4 0.020500
 9.5 0.020500
 9.6 0.020500
 9.7 0.020500
 9.8 0.020500
 9.9 0.020500
 10.0 0.020500
 10.1 0.020500
 10.2 0.020500
 10.3 0.020500
 10.4 0.020500
 10.5 0.020500
 10.6 0.020500
 10.7 0.020500
 10.8 0.020500
 10.9 0.020500
 11.0 0.028500
 11.1 0.028500
 11.2 0.028500
 11.3 0.028500
 11.4 0.028500
 11.5 0.028500
 11.6 0.028500
 11.7 0.028500
 11.8 0.028500
 11.9 0.028000

ALA 20
 0.0 1.000000
 0.1 1.000000
 0.2 1.000000
 0.3 1.000000
 0.4 1.000000
 0.5 1.000000
 0.6 1.000000
 0.7 1.000000
 0.8 1.000000
 0.9 1.000000
 1.0 1.000000
 1.1 1.000000
 1.2 1.000000
 1.3 1.000000
 1.4 1.000000
 1.5 1.000000
 1.6 1.000000
 1.7 1.000000
 1.8 1.000000
 1.9 1.000000
 2.0 1.000000
 2.1 1.000000
 2.2 1.000000
 2.3 1.000000
 2.4 1.000000
 2.5 1.000000
 2.6 1.000000
 2.7 1.000000
 2.8 1.000000
 2.9 1.000000
 3.0 1.000000
 3.1 1.000000
 3.2 1.000000
 3.3 1.000000
 3.4 1.000000
 3.5 1.000000
 3.6 1.000000
 3.7 1.000000
 3.8 0.333333
 3.9 0.333333
 4.0 -0.666667
 4.1 -0.666667
 4.2 -0.666667
 4.3 -0.666667
 4.4 -0.666667
 4.5 -0.666667
 4.6 -0.666667
 4.7 -0.666667
 4.8 -0.666667
 4.9 -0.666667
 5.0 -0.666667
 5.1 -0.666667
 5.2 -0.083500
 5.3 -0.083500
 5.4 -0.083500
 5.5 -0.083500
 5.6 -0.083500
 5.7 0.008250
 5.8 0.000000
 5.9 0.000000
 6.0 0.000000
 6.1 0.000000
 6.2 0.000000
 6.3 0.000000
 6.4 0.000000
 6.5 0.000000
 6.6 0.000000
 6.7 0.000000
 6.8 0.000000
 6.9 0.000000
 7.0 0.000000
 7.1 0.000000
 7.2 0.000000
 7.3 0.000000
 7.4 0.000000
 7.5 0.000000
 7.6 0.000000
 7.7 0.000000
 7.8 0.000000
 7.9 0.003333
 8.0 0.021500
 8.1 0.021500
 8.2 0.021500
 8.3 0.029000
 8.4 0.029000
 8.5 0.029000
 8.6 0.029000
 8.7 0.029000
 8.8 0.029000
 8.9 0.029000
 9.0 0.029000
 9.1 0.033000
 9.2 0.033000
 9.3 0.033000
 9.4 0.033000
 9.5 0.033000
 9.6 0.033000
 9.7 0.033000
 9.8 0.033000
 9.9 0.033000
 10.0 0.033000
 10.1 0.033000
 10.2 0.033000
 10.3 0.033000
 10.4 0.033000
 10.5 0.033000
 10.6 0.033000
 10.7 0.033000
 10.8 0.033000
 10.9 0.033000
 11.0 0.038500
 11.1 0.038500
 11.2 0.038500
 11.3 0.038500
 11.4 0.038500
 11.5 0.038500
 11.6 0.038500
 11.7 0.038500
 11.8 0.038500
 11.9 0.040000

ALA 21
 0.0 1.000000
 0.1 1.000000
 0.2 1.000000
 0.3 1.000000
 0.4 1.000000
 0.5 1.000000
 0.6 1.000000
 0.7 1.000000
 0.8 1.000000
 0.9 1.000000
 1.0 1.000000
 1.1 1.000000
 1.2 1.000000
 1.3 1.000000
 1.4 1.000000
 1.5 1.000000
 1.6 1.000000
 1.7 1.000000
 1.8 1.000000
 1.9 1.000000
 2.0 1.000000
 2.1 1.000000
 2.2 1.000000
 2.3 1.000000
 2.4 1.000000
 2.5 1.000000
 2.6 1.000000
 2.7 1.000000
 2.8 1.000000
 2.9 1.000000
 3.0 1.000000
 3.1 1.000000
 3.2 1.000000
 3.3 1.000000
 3.4 1.000000
 3.5 1.000000
 3.6 1.000000
 3.7 1.000000
 3.8 0.333333
 3.9 0.333333
 4.0 -0.666667
 4.1 -0.666667
 4.2 -0.666667
 4.3 -0.666667
 4.4 -0.666667
 4.5 -0.666667
 4.6 -0.666667
 4.7 -0.666667
 4.8 -0.666667
 4.9 -0.666667
 5.0 -0.666667
 5.1 -0.666667
 5.2 -0.166500
 5.3 -0.166500
 5.4 -0.166500
 5.5 -0.166500
 5.6 -0.166500
 5.7 0.070750
 5.8 0.000000
 5.9 0.000000
 6.0 0.000000
 6.1 0.000000
 6.2 0.000000
 6.3 0.000000
 6.4 0.000000
 6.5 0.000000
 6.6 0.000000
 6.7 0.000000
 6.8 0.000000
 6.9 0.000000
 7.0 0.000000
 7.1 0.000000
 7.2 0.000000
 7.3 0.000000
 7.4 0.000000
 7.5 0.000000
 7.6 0.000000
 7.7 0.000000
 7.8 0.000000
 7.9 0.019333
 8.0 0.035500
 8.1 0.035500
 8.2 0.035500
 8.3 0.039000
 8.4 0.039000
 8.5 0.039000
 8.6 0.039000
 8.7 0.039000
 8.8 0.039000
 8.9 0.039000
 9.0 0.039000
 9.1 0.045500
 9.2 0.045500
 9.3 0.045500
 9.4 0.045500
 9.5 0.045500
 9.6 0.045500
 9.7 0.045500
 9.8 0.045500
 9.9 0.045500
 10.0 0.045500
 10.1 0.045500
 10.2 0.045500
 10.3 0.045500
 10.4 0.045500
 10.5 0.045500
 10.6 0.045500
 10.7 0.045500
 10.8 0.045500
 10.9 0.045500
 11.0 0.043000
 11.1 0.043000
 11.2 0.043000
 11.3 0.043000
 11.4 0.043000
 11.5 0.043000
 11.6 0.043000
 11.7 0.043000
 11.8 0.043000
 11.9 0.043500

ALA 22
 0.0 1.000000
 0.1 1.000000
 0.2 1.000000
 0.3 1.000000
 0.4 1.000000
 0.5 1.000000
 0.6 1.000000
 0.7 1.000000
 0.8 1.000000
 0.9 1.000000
 1.0 1.000000
 1.1 1.000000
 1.2 1.000000
 1.3 1.000000
 1.4 1.000000
 1.5 1.000000
 1.6 1.000000
 1.7 1.000000
 1.8 1.000000
 1.9 1.000000
 2.0 1.000000
 2.1 1.000000
 2.2 1.000000
 2.3 1.000000
 2.4 1.000000
 2.5 1.000000
 2.6 1.000000
 2.7 1.000000
 2.8 1.000000
 2.9 1.000000
 3.0 1.000000
 3.1 1.000000
 3.2 1.000000
 3.3 1.000000
 3.4 1.000000
 3.5 1.000000
 3.6 1.000000
 3.7 1.000000
 3.8 0.333333
 3.9 0.333333
 4.0 -0.666667
 4.1 -0.666667
 4.2 -0.666667
 4.3 -0.666667
 4.4 -0.666667
 4.5 -0.666667
 4.6 -0.666667
 4.7 -0.666667
 4.8 -0.666667
 4.9 -0.666667
 5.0 -0.666667
 5.1 -0.666667
 5.2 -0.083500
 5.3 -0.083500
 5.4 -0.083500
 5.5 -0.083500
 5.6 -0.083500
 5.7 0.070750
 5.8 0.033000
 5.9 0.033000
 6.0 0.033000
 6.1 0.033000
 6.2 0.033000
 6.3 0.033000
 6.4 0.033000
 6.5 0.033000
 6.6 0.033000
 6.7 0.033000
 6.8 0.033000
 6.9 0.033000
 7.0 0.033000
 7.1 0.033000
 7.2 0.033000
 7.3 0.033000
 7.4 0.033000
 7.5 0.033000
 7.6 0.033000
 7.7 0.033000
 7.8 0.033000
 7.9 0.035333
 8.0 0.042500
 8.1 0.042500
 8.2 0.042500
 8.3 0.060500
 8.4 0.060500
 8.5 0.060500
 8.6 0.060500
 8.7 0.060500
 8.8 0.060500
 8.9 0.060500
 9.0 0.060500
 9.1 0.058500
 9.2 0.058500
 9.3 0.058500
 9.4 0.058500
 9.5 0.058500
 9.6 0.058500
 9.7 0.058500
 9.8 0.058500
 9.9 0.058500
 10.0 0.058500
 10.1 0.058500
 10.2 0.058500
 10.3 0.058500
 10.4 0.058500
 10.5 0.058500
 10.6 0.058500
 10.7 0.058500
 10.8 0.058500
 10.9 0.058500
 11.0 0.058500
 11.1 0.058500
 11.2 0.058500
 11.3 0.058500
 11.4 0.058500
 11.5 0.058500
 11.6 0.058500
 11.7 0.058500
 11.8 0.058500
 11.9 0.051500

ALA 23
 0.0 1.000000
 0.1 1.000000
 0.2 1.000000
 0.3 1.000000
 0.4 1.000000
 0.5 1.000000
 0.6 1.000000
 0.7 1.000000
 0.8 1.000000
 0.9 1.000000
 1.0 1.000000
 1.1 1.000000
 1.2 1.000000
 1.3 1.000000
 1.4 1.000000
 1.5 1.000000
 1.6 1.000000
 1.7 1.000000
 1.8 1.000000
 1.9 1.000000
 2.0 1.000000
 2.1 1.000000
 2.2 1.000000
 2.3 1.000000
 2.4 1.000000
 2.5 1.000000
 2.6 1.000000
 2.7 1.000000
 2.8 1.000000
 2.9 1.000000
 3.0 1.000000
 3.1 1.000000
 3.2 1.000000
 3.3 1.000000
 3.4 1.000000
 3.5 1.000000
 3.6 1.000000
 3.7 1.000000
 3.8 0.500000
 3.9 0.500000
 4.0 -0.333333
 4.1 -0.333333
 4.2 -0.333333
 4.3 -0.333333
 4.4 -0.333333
 4.5 -0.333333
 4.6 -0.333333
 4.7 -0.333333
 4.8 -0.333333
 4.9 -0.333333
 5.0 -0.333333
 5.1 -0.333333
 5.2 -0.250000
 5.3 -0.250000
 5.4 -0.250000
 5.5 -0.250000
 5.6 -0.250000
 5.7 -0.062750
 5.8 0.067000
 5.9 0.067000
 6.0 0.067000
 6.1 0.067000
 6.2 0.067000
 6.3 0.067000
 6.4 0.067000
 6.5 0.067000
 6.6 0.067000
 6.7 0.067000
 6.8 0.067000
 6.9 0.067000
 7.0 0.067000
 7.1 0.067000
 7.2 0.067000
 7.3 0.067000
 7.4 0.067000
 7.5 0.067000
 7.6 0.067000
 7.7 0.067000
 7.8 0.067000
 7.9 0.069667
 8.0 0.069000
 8.1 0.069000
 8.2 0.069000
 8.3 0.067000
 8.4 0.067000
 8.5 0.067000
 8.6 0.067000
 8.7 0.067000
 8.8 0.067000
 8.9 0.067000
 9.0 0.067000
 9.1 0.064000
 9.2 0.064000
 9.3 0.064000
 9.4 0.064000
 9.5 0.064000
 9.6 0.064000
 9.7 0.064000
 9.8 0.064000
 9.9 0.064000
 10.0 0.064000
 10.1 0.064000
 10.2 0.064000
 10.3 0.064000
 10.4 0.064000
 10.5 0.064000
 10.6 0.064000
 10.7 0.064000
 10.8 0.064000
 10.9 0.064000
 11.0 0.068500
 11.1 0.068500
 11.2 0.068500
 11.3 0.068500
 11.4 0.068500
 11.5 0.068500
 11.6 0.068500
 11.7 0.068500
 11.8 0.068500
 11.9 0.064000

ALA 24
 0.0 1.000000
 0.1 1.000000
 0.2 1.000000
 0.3 1.000000
 0.4 1.000000
 0.5 1.000000
 0.6 1.000000
 0.7 1.000000
 0.8 1.000000
 0.9 1.000000
 1.0 1.000000
 1.1 1.000000
 1.2 1.000000
 1.3 1.000000
 1.4 1.000000
 1.5 1.000000
 1.6 1.000000
 1.7 1.000000
 1.8 1.000000
 1.9 1.000000
 2.0 1.000000
 2.1 1.000000
 2.2 1.000000
 2.3 1.000000
 2.4 1.000000
 2.5 1.000000
 2.6 1.000000
 2.7 1.000000
 2.8 1.000000
 2.9 1.000000
 3.0 1.000000
 3.1 1.000000
 3.2 1.000000
 3.3 1.000000
 3.4 1.000000
 3.5 1.000000
 3.6 1.000000
 3.7 1.000000
 3.8 0.500000
 3.9 0.500000
 4.0 -0.333333
 4.1 -0.333333
 4.2 -0.333333
 4.3 -0.333333
 4.4 -0.333333
 4.5 -0.333333
 4.6 -0.333333
 4.7 -0.333333
 4.8 -0.333333
 4.9 -0.333333
 5.0 -0.333333
 5.1 -0.333333
 5.2 -0.166500
 5.3 -0.166500
 5.4 -0.166500
 5.5 -0.166500
 5.6 -0.166500
 5.7 0.083250
 5.8 0.100000
 5.9 0.100000
 6.0 0.100000
 6.1 0.100000
 6.2 0.100000
 6.3 0.100000
 6.4 0.100000
 6.5 0.100000
 6.6 0.100000
 6.7 0.100000
 6.8 0.100000
 6.9 0.100000
 7.0 0.100000
 7.1 0.100000
 7.2 0.100000
 7.3 0.100000
 7.4 0.100000
 7.5 0.100000
 7.6 0.100000
 7.7 0.100000
 7.8 0.100000
 7.9 0.096667
 8.0 0.076000
 8.1 0.076000
 8.2 0.076000
 8.3 0.083000
 8.4 0.083000
 8.5 0.083000
 8.6 0.083000
 8.7 0.083000
 8.8 0.083000
 8.9 0.083000
 9.0 0.083000
 9.1 0.082000
 9.2 0.082000
 9.3 0.082000
 9.4 0.082000
 9.5 0.082000
 9.6 0.082000
 9.7 0.082000
 9.8 0.082000
 9.9 0.082000
 10.0 0.082000
 10.1 0.082000
 10.2 0.082000
 10.3 0.082000
 10.4 0.082000
 10.5 0.082000
 10.6 0.082000
 10.7 0.082000
 10.8 0.082000
 10.9 0.082000
 11.0 0.073000
 11.1 0.073000
 11.2 0.073000
 11.3 0.073000
 11.4 0.073000
 11.5 0.073000
 11.6 0.073000
 11.7 0.073000
 11.8 0.073000
 11.9 0.072000

ALA 25
 0.0 1.000000
 0.1 1.000000
 0.2 1.000000
 0.3 1.000000
 0.4 1.000000
 0.5 1.000000
 0.6 1.000000
 0.7 1.000000
 0.8 1.000000
 0.9 1.000000
 1.0 1.000000
 1.1 1.000000
 1.2 1.000000
 1.3 1.000000
 1.4 1.000000
 1.5 1.000000
 1.6 1.000000
 1.7 1.000000
 1.8 1.000000
 1.9 1.000000
 2.0 1.000000
 2.1 1.000000
 2.2 1.000000
 2.3 1.000000
 2.4 1.000000
 2.5 1.000000
 2.6 1.000000
 2.7 1.000000
 2.8 1.000000
 2.9 1.000000
 3.0 1.000000
 3.1 1.000000
 3.2 1.000000
 3.3 1.000000
 3.4 1.000000
 3.5 1.000000
 3.6 1.000000
 3.7 1.000000
 3.8 0.500000
 3.9 0.500000
 4.0 -0.333333
 4.1 -0.333333
 4.2 -0.333333
 4.3 -0.333333
 4.4 -0.333333
 4.5 -0.333333
 4.6 -0.333333
 4.7 -0.333333
 4.8 -0.333333
 4.9 -0.333333
 5.0 -0.333333
 5.1 -0.333333
 5.2 -0.083500
 5.3 -0.083500
 5.4 -0.083500
 5.5 -0.083500
 5.6 -0.083500
 5.7 0.020750
 5.8 0.133000
 5.9 0.133000
 6.0 0.133000
 6.1 0.133000
 6.2 0.133000
 6.3 0.133000
 6.4 0.133000
 6.5 0.133000
 6.6 0.133000
 6.7 0.133000
 6.8 0.133000
 6.9 0.133000
 7.0 0.133000
 7.1 0.133000
 7.2 0.133000
 7.3 0.133000
 7.4 0.133000
 7.5 0.133000
 7.6 0.133000
 7.7 0.133000
 7.8 0.133000
 7.9 0.123667
 8.0 0.107000
 8.1 0.107000
 8.2 0.107000
 8.3 0.097000
 8.4 0.097000
 8.5 0.097000
 8.6 0.097000
 8.7 0.097000
 8.8 0.097000
 8.9 0.097000
 9.0 0.097000
 9.1 0.087500
 9.2 0.087500
 9.3 0.087500
 9.4 0.087500
 9.5 0.087500
 9.6 0.087500
 9.7 0.087500
 9.8 0.087500
 9.9 0.087500
 10.0 0.087500
 10.1 0.087500
 10.2 0.087500
 10.3 0.087500
 10.4 0.087500
 10.5 0.087500
 10.6 0.087500
 10.7 0.087500
 10.8 0.087500
 10.9 0.087500
 11.0 0.082000
 11.1 0.082000
 11.2 0.082000
 11.3 0.082000
 11.4 0.082000
 11.5 0.082000
 11.6 0.082000
 11.7 0.082000
 11.8 0.082000
 11.9 0.076000

ALA 26
 0.0 1.000000
 0.1 1.000000
 0.2 1.000000
 0.3 1.000000
 0.4 1.000000
 0.5 1.000000
 0.6 1.000000
 0.7 1.000000
 0.8 1.000000
 0.9 1.000000
 1.0 1.000000
 1.1 1.000000
 1.2 1.000000
 1.3 1.000000
 1.4 1.000000
 1.5 1.000000
 1.6 1.000000
 1.7 1.000000
 1.8 1.000000
 1.9 1.000000
 2.0 1.000000
 2.1 1.000000
 2.2 1.000000
 2.3 1.000000
 2.4 1.000000
 2.5 1.000000
 2.6 1.000000
 2.7 1.000000
 2.8 1.000000
 2.9 1.000000
 3.0 1.000000
 3.1 1.000000
 3.2 1.000000
 3.3 1.000000
 3.4 1.000000
 3.5 1.000000
 3.6 1.000000
 3.7 1.000000
 3.8 0.833333
 3.9 0.833333
 4.0 0.166667
 4.1 0.166667
 4.2 0.166667
 4.3 0.166667
 4.4 0.166667
 4.5 0.166667
 4.6 0.166667
 4.7 0.166667
 4.8 0.166667
 4.9 0.166667
 5.0 0.166667
 5.1 0.166667
 5.2 0.000000
 5.3 0.000000
 5.4 0.000000
 5.5 0.000000
 5.6 0.000000
 5.7 0.166500
 5.8 0.167000
 5.9 0.167000
 6.0 0.167000
 6.1 0.167000
 6.2 0.167000
 6.3 0.167000
 6.4 0.167000
 6.5 0.167000
 6.6 0.167000
 6.7 0.167000
 6.8 0.167000
 6.9 0.167000
 7.0 0.167000
 7.1 0.167000
 7.2 0.167000
 7.3 0.167000
 7.4 0.167000
 7.5 0.167000
 7.6 0.167000
 7.7 0.167000
 7.8 0.167000
 7.9 0.151000
 8.0 0.131000
 8.1 0.131000
 8.2 0.131000
 8.3 0.111000
 8.4 0.111000
 8.5 0.111000
 8.6 0.111000
 8.7 0.111000
 8.8 0.111000
 8.9 0.111000
 9.0 0.111000
 9.1 0.105500
 9.2 0.105500
 9.3 0.105500
 9.4 0.105500
 9.5 0.105500
 9.6 0.105500
 9.7 0.105500
 9.8 0.105500
 9.9 0.105500
 10.0 0.105500
 10.1 0.105500
 10.2 0.105500
 10.3 0.105500
 10.4 0.105500
 10.5 0.105500
 10.6 0.105500
 10.7 0.105500
 10.8 0.105500
 10.9 0.105500
 11.0 0.091000
 11.1 0.091000
 11.2 0.091000
 11.3 0.091000
 11.4 0.091000
 11.5 0.091000
 11.6 0.091000
 11.7 0.091000
 11.8 0.091000
 11.9 0.083000

