ATOMS
CA -10.789 -11.650 -11.484

CA -10.414 -7.994 -12.455

CA -11.990 -6.905 -9.171

CA -9.593 -9.123 -7.224

CA -6.625 -7.626 -9.068

CA -7.826 -4.111 -8.261

CA -8.154 -5.010 -4.581

CA -4.615 -6.398 -4.550

CA -3.290 -3.201 -6.125

CA -5.064 -1.106 -3.496

CA -3.550 -3.213 -0.717

CA -0.076 -2.761 -2.195

CA -0.571 1.005 -2.346

CA -1.649 1.064 1.299

CA 1.444 -0.907 2.302

CA 3.674 1.534 0.424

CA 2.032 4.475 2.188

CA 2.596 2.831 5.569

CA 6.266 2.276 4.747

CA 6.654 5.929 3.766

CA 5.073 7.033 7.043

CA 7.458 4.814 9.003

CA 10.436 6.295 7.162

CA 9.243 9.817 7.955

CA 8.903 8.930 11.636

CA 12.438 7.532 11.681

EDGES
1 2 3.801290
1 3 5.413630
1 4 5.095463
1 5 6.274434
1 6 8.718005
1 7 9.933994
1 8 10.666871
2 3 3.801888
2 4 5.414060
2 5 5.095460
2 6 6.274159
2 7 8.718471
2 8 9.933008
2 9 10.667386
3 4 3.802097
3 5 5.414210
3 6 5.096414
3 7 6.274872
3 8 8.717873
3 9 9.934170
3 10 10.667872
4 5 3.801364
4 6 5.414592
4 7 5.096365
4 8 6.273467
4 9 8.718124
4 10 9.933887
4 11 10.667099
5 6 3.801168
5 7 5.414284
5 8 5.095136
5 9 6.274082
5 10 8.717471
5 11 9.933247
5 12 10.667509
6 7 3.802392
6 8 5.414094
6 9 5.095674
6 10 6.274065
6 11 8.717942
6 12 9.933849
6 13 10.667507
7 8 3.801582
7 9 5.414325
7 10 5.095738
7 11 6.273478
7 12 8.718089
7 13 9.933647
7 14 10.666907
8 9 3.802244
8 10 5.414590
8 11 5.096110
8 12 6.275055
8 13 8.718713
8 14 9.934254
8 15 10.668293
9 10 3.801019
9 11 5.414260
9 12 5.095910
9 13 6.274093
9 14 8.717734
9 15 9.934159
9 16 10.668033
10 11 3.801906
10 12 5.414035
10 13 5.095672
10 14 6.274006
10 15 8.718398
10 16 9.934216
10 17 10.668113
11 12 3.802297
11 13 5.414758
11 14 5.096154
11 15 6.274714
11 16 8.719063
11 17 9.934943
11 18 10.668507
12 13 3.801392
12 14 5.414147
12 15 5.096148
12 16 6.274447
12 17 8.718604
12 18 9.934271
12 19 10.666944
13 14 3.801525
13 15 5.414783
13 16 5.096348
13 17 6.274844
13 18 8.718451
13 19 9.933311
13 20 10.667846
14 15 3.802302
14 16 5.414873
14 17 5.096568
14 18 6.274967
14 19 8.718077
14 20 9.934492
14 21 10.668073
15 16 3.802403
15 17 5.415225
15 18 5.096375
15 19 6.273850
15 20 8.718847
15 21 9.934300
15 22 10.667776
16 17 3.802281
16 18 5.414362
16 19 5.094836
16 20 6.274184
16 21 8.718220
16 22 9.933594
16 23 10.667352
17 18 3.801578
17 19 5.413948
17 20 5.095791
17 21 6.273920
17 22 8.717834
17 23 9.933795
17 24 10.667416
18 19 3.801659
18 20 5.414405
18 21 5.095587
18 22 6.274049
18 23 8.717944
18 24 9.933771
18 25 10.666984
19 20 3.802277
19 21 5.415156
19 22 5.096650
19 23 6.274830
19 24 8.718972
19 25 9.934174
19 26 10.667684
20 21 3.802250
20 22 5.414408
20 23 5.096106
20 24 6.274328
20 25 8.717850
20 26 9.933352
21 22 3.801814
21 23 5.414848
21 24 5.096204
21 25 6.274007
21 26 8.717985
22 23 3.801464
22 24 5.414290
22 25 5.095309
22 26 6.273724
23 24 3.802181
23 25 5.413870
23 26 5.095050
24 25 3.801596
24 26 5.414086
25 26 3.801665

RESIDUES
ALA 1
 0.0 1.000000
 0.1 1.000000
 0.2 1.000000
 0.3 1.000000
 0.4 1.000000
 0.5 1.000000
 0.6 1.000000
 0.7 1.000000
 0.8 1.000000
 0.9 1.000000
 1.0 1.000000
 1.1 1.000000
 1.2 1.000000
 1.3 1.000000
 1.4 1.000000
 1.5 1.000000
 1.6 1.000000
 1.7 1.000000
 1.8 1.000000
 1.9 1.000000
 2.0 1.000000
 2.1 1.000000
 2.2 1.000000
 2.3 1.000000
 2.4 1.000000
 2.5 1.000000
 2.6 1.000000
 2.7 1.000000
 2.8 1.000000
 2.9 1.000000
 3.0 1.000000
 3.1 1.000000
 3.2 1.000000
 3.3 1.000000
 3.4 1.000000
 3.5 1.000000
 3.6 1.000000
 3.7 1.000000
 3.8 0.500000
 3.9 0.500000
 4.0 0.500000
 4.1 0.500000
 4.2 0.500000
 4.3 0.500000
 4.4 0.500000
 4.5 0.500000
 4.6 0.500000
 4.7 0.500000
 4.8 0.500000
 4.9 0.500000
 5.0 0.500000
 5.1 0.000000
 5.2 0.000000
 5.3 0.000000
 5.4 0.250000
 5.5 0.250000
 5.6 0.250000
 5.7 0.250000
 5.8 0.250000
 5.9 0.250000
 6.0 0.250000
 6.1 0.250000
 6.2 0.250000
 6.3 0.216667
 6.4 0.216667
 6.5 0.216667
 6.6 0.216667
 6.7 0.216667
 6.8 0.216667
 6.9 0.216667
 7.0 0.216667
 7.1 0.216667
 7.2 0.216667
 7.3 0.216667
 7.4 0.216667
 7.5 0.216667
 7.6 0.216667
 7.7 0.216667
 7.8 0.216667
 7.9 0.216667
 8.0 0.216667
 8.1 0.216667
 8.2 0.216667
 8.3 0.216667
 8.4 0.216667
 8.5 0.216667
 8.6 0.216667
 8.7 0.178000
 8.8 0.178000
 8.9 0.178000
 9.0 0.178000
 9.1 0.178000
 9.2 0.178000
 9.3 0.178000
 9.4 0.178000
 9.5 0.178000
 9.6 0.178000
 9.7 0.178000
 9.8 0.178000
 9.9 0.151000
 10.0 0.151000
 10.1 0.151000
 10.2 0.151000
 10.3 0.151000
 10.4 0.151000
 10.5 0.151000
 10.6 0.151000

ALA 2
 0.0 1.000000
 0.1 1.000000
 0.2 1.000000
 0.3 1.000000
 0.4 1.000000
 0.5 1.000000
 0.6 1.000000
 0.7 1.000000
 0.8 1.000000
 0.9 1.000000
 1.0 1.000000
 1.1 1.000000
 1.2 1.000000
 1.3 1.000000
 1.4 1.000000
 1.5 1.000000
 1.6 1.000000
 1.7 1.000000
 1.8 1.000000
 1.9 1.000000
 2.0 1.000000
 2.1 1.000000
 2.2 1.000000
 2.3 1.000000
 2.4 1.000000
 2.5 1.000000
 2.6 1.000000
 2.7 1.000000
 2.8 1.000000
 2.9 1.000000
 3.0 1.000000
 3.1 1.000000
 3.2 1.000000
 3.3 1.000000
 3.4 1.000000
 3.5 1.000000
 3.6 1.000000
 3.7 1.000000
 3.8 0.250000
 3.9 0.250000
 4.0 0.250000
 4.1 0.250000
 4.2 0.250000
 4.3 0.250000
 4.4 0.250000
 4.5 0.250000
 4.6 0.250000
 4.7 0.250000
 4.8 0.250000
 4.9 0.250000
 5.0 0.250000
 5.1 -0.500000
 5.2 -0.500000
 5.3 -0.500000
 5.4 0.167000
 5.5 0.167000
 5.6 0.167000
 5.7 0.167000
 5.8 0.167000
 5.9 0.167000
 6.0 0.167000
 6.1 0.167000
 6.2 0.167000
 6.3 0.155667
 6.4 0.155667
 6.5 0.155667
 6.6 0.155667
 6.7 0.155667
 6.8 0.155667
 6.9 0.155667
 7.0 0.155667
 7.1 0.155667
 7.2 0.155667
 7.3 0.155667
 7.4 0.155667
 7.5 0.155667
 7.6 0.155667
 7.7 0.155667
 7.8 0.155667
 7.9 0.155667
 8.0 0.155667
 8.1 0.155667
 8.2 0.155667
 8.3 0.155667
 8.4 0.155667
 8.5 0.155667
 8.6 0.155667
 8.7 0.138667
 8.8 0.138667
 8.9 0.138667
 9.0 0.138667
 9.1 0.138667
 9.2 0.138667
 9.3 0.138667
 9.4 0.138667
 9.5 0.138667
 9.6 0.138667
 9.7 0.138667
 9.8 0.138667
 9.9 0.116000
 10.0 0.116000
 10.1 0.116000
 10.2 0.116000
 10.3 0.116000
 10.4 0.116000
 10.5 0.116000
 10.6 0.116000

ALA 3
 0.0 1.000000
 0.1 1.000000
 0.2 1.000000
 0.3 1.000000
 0.4 1.000000
 0.5 1.000000
 0.6 1.000000
 0.7 1.000000
 0.8 1.000000
 0.9 1.000000
 1.0 1.000000
 1.1 1.000000
 1.2 1.000000
 1.3 1.000000
 1.4 1.000000
 1.5 1.000000
 1.6 1.000000
 1.7 1.000000
 1.8 1.000000
 1.9 1.000000
 2.0 1.000000
 2.1 1.000000
 2.2 1.000000
 2.3 1.000000
 2.4 1.000000
 2.5 1.000000
 2.6 1.000000
 2.7 1.000000
 2.8 1.000000
 2.9 1.000000
 3.0 1.000000
 3.1 1.000000
 3.2 1.000000
 3.3 1.000000
 3.4 1.000000
 3.5 1.000000
 3.6 1.000000
 3.7 1.000000
 3.8 0.500000
 3.9 0.500000
 4.0 0.500000
 4.1 0.500000
 4.2 0.500000
 4.3 0.500000
 4.4 0.500000
 4.5 0.500000
 4.6 0.500000
 4.7 0.500000
 4.8 0.500000
 4.9 0.500000
 5.0 0.500000
 5.1 -0.333333
 5.2 -0.333333
 5.3 -0.333333
 5.4 0.041500
 5.5 0.041500
 5.6 0.041500
 5.7 0.041500
 5.8 0.041500
 5.9 0.041500
 6.0 0.041500
 6.1 0.041500
 6.2 0.041500
 6.3 0.111000
 6.4 0.111000
 6.5 0.111000
 6.6 0.111000
 6.7 0.111000
 6.8 0.111000
 6.9 0.111000
 7.0 0.111000
 7.1 0.111000
 7.2 0.111000
 7.3 0.111000
 7.4 0.111000
 7.5 0.111000
 7.6 0.111000
 7.7 0.111000
 7.8 0.111000
 7.9 0.111000
 8.0 0.111000
 8.1 0.111000
 8.2 0.111000
 8.3 0.111000
 8.4 0.111000
 8.5 0.111000
 8.6 0.111000
 8.7 0.100000
 8.8 0.100000
 8.9 0.100000
 9.0 0.100000
 9.1 0.100000
 9.2 0.100000
 9.3 0.100000
 9.4 0.100000
 9.5 0.100000
 9.6 0.100000
 9.7 0.100000
 9.8 0.100000
 9.9 0.100000
 10.0 0.100000
 10.1 0.100000
 10.2 0.100000
 10.3 0.100000
 10.4 0.100000
 10.5 0.100000
 10.6 0.100000

ALA 4
 0.0 1.000000
 0.1 1.000000
 0.2 1.000000
 0.3 1.000000
 0.4 1.000000
 0.5 1.000000
 0.6 1.000000
 0.7 1.000000
 0.8 1.000000
 0.9 1.000000
 1.0 1.000000
 1.1 1.000000
 1.2 1.000000
 1.3 1.000000
 1.4 1.000000
 1.5 1.000000
 1.6 1.000000
 1.7 1.000000
 1.8 1.000000
 1.9 1.000000
 2.0 1.000000
 2.1 1.000000
 2.2 1.000000
 2.3 1.000000
 2.4 1.000000
 2.5 1.000000
 2.6 1.000000
 2.7 1.000000
 2.8 1.000000
 2.9 1.000000
 3.0 1.000000
 3.1 1.000000
 3.2 1.000000
 3.3 1.000000
 3.4 1.000000
 3.5 1.000000
 3.6 1.000000
 3.7 1.000000
 3.8 0.250000
 3.9 0.250000
 4.0 0.250000
 4.1 0.250000
 4.2 0.250000
 4.3 0.250000
 4.4 0.250000
 4.5 0.250000
 4.6 0.250000
 4.7 0.250000
 4.8 0.250000
 4.9 0.250000
 5.0 0.250000
 5.1 -0.833333
 5.2 -0.833333
 5.3 -0.833333
 5.4 0.000000
 5.5 0.000000
 5.6 0.000000
 5.7 0.000000
 5.8 0.000000
 5.9 0.000000
 6.0 0.000000
 6.1 0.000000
 6.2 0.000000
 6.3 0.005667
 6.4 0.005667
 6.5 0.005667
 6.6 0.005667
 6.7 0.005667
 6.8 0.005667
 6.9 0.005667
 7.0 0.005667
 7.1 0.005667
 7.2 0.005667
 7.3 0.005667
 7.4 0.005667
 7.5 0.005667
 7.6 0.005667
 7.7 0.005667
 7.8 0.005667
 7.9 0.005667
 8.0 0.005667
 8.1 0.005667
 8.2 0.005667
 8.3 0.005667
 8.4 0.005667
 8.5 0.005667
 8.6 0.005667
 8.7 0.061333
 8.8 0.061333
 8.9 0.061333
 9.0 0.061333
 9.1 0.061333
 9.2 0.061333
 9.3 0.061333
 9.4 0.061333
 9.5 0.061333
 9.6 0.061333
 9.7 0.061333
 9.8 0.061333
 9.9 0.072667
 10.0 0.072667
 10.1 0.072667
 10.2 0.072667
 10.3 0.072667
 10.4 0.072667
 10.5 0.072667
 10.6 0.072667

ALA 5
 0.0 1.000000
 0.1 1.000000
 0.2 1.000000
 0.3 1.000000
 0.4 1.000000
 0.5 1.000000
 0.6 1.000000
 0.7 1.000000
 0.8 1.000000
 0.9 1.000000
 1.0 1.000000
 1.1 1.000000
 1.2 1.000000
 1.3 1.000000
 1.4 1.000000
 1.5 1.000000
 1.6 1.000000
 1.7 1.000000
 1.8 1.000000
 1.9 1.000000
 2.0 1.000000
 2.1 1.000000
 2.2 1.000000
 2.3 1.000000
 2.4 1.000000
 2.5 1.000000
 2.6 1.000000
 2.7 1.000000
 2.8 1.000000
 2.9 1.000000
 3.0 1.000000
 3.1 1.000000
 3.2 1.000000
 3.3 1.000000
 3.4 1.000000
 3.5 1.000000
 3.6 1.000000
 3.7 1.000000
 3.8 0.000000
 3.9 0.000000
 4.0 0.000000
 4.1 0.000000
 4.2 0.000000
 4.3 0.000000
 4.4 0.000000
 4.5 0.000000
 4.6 0.000000
 4.7 0.000000
 4.8 0.000000
 4.9 0.000000
 5.0 0.000000
 5.1 -1.000000
 5.2 -1.000000
 5.3 -1.000000
 5.4 0.083500
 5.5 0.083500
 5.6 0.083500
 5.7 0.083500
 5.8 0.083500
 5.9 0.083500
 6.0 0.083500
 6.1 0.083500
 6.2 0.083500
 6.3 0.000000
 6.4 0.000000
 6.5 0.000000
 6.6 0.000000
 6.7 0.000000
 6.8 0.000000
 6.9 0.000000
 7.0 0.000000
 7.1 0.000000
 7.2 0.000000
 7.3 0.000000
 7.4 0.000000
 7.5 0.000000
 7.6 0.000000
 7.7 0.000000
 7.8 0.000000
 7.9 0.000000
 8.0 0.000000
 8.1 0.000000
 8.2 0.000000
 8.3 0.000000
 8.4 0.000000
 8.5 0.000000
 8.6 0.000000
 8.7 0.011000
 8.8 0.011000
 8.9 0.011000
 9.0 0.011000
 9.1 0.011000
 9.2 0.011000
 9.3 0.011000
 9.4 0.011000
 9.5 0.011000
 9.6 0.011000
 9.7 0.011000
 9.8 0.011000
 9.9 0.038333
 10.0 0.038333
 10.1 0.038333
 10.2 0.038333
 10.3 0.038333
 10.4 0.038333
 10.5 0.038333
 10.6 0.038333

ALA 6
 0.0 1.000000
 0.1 1.000000
 0.2 1.000000
 0.3 1.000000
 0.4 1.000000
 0.5 1.000000
 0.6 1.000000
 0.7 1.000000
 0.8 1.000000
 0.9 1.000000
 1.0 1.000000
 1.1 1.000000
 1.2 1.000000
 1.3 1.000000
 1.4 1.000000
 1.5 1.000000
 1.6 1.000000
 1.7 1.000000
 1.8 1.000000
 1.9 1.000000
 2.0 1.000000
 2.1 1.000000
 2.2 1.000000
 2.3 1.000000
 2.4 1.000000
 2.5 1.000000
 2.6 1.000000
 2.7 1.000000
 2.8 1.000000
 2.9 1.000000
 3.0 1.000000
 3.1 1.000000
 3.2 1.000000
 3.3 1.000000
 3.4 1.000000
 3.5 1.000000
 3.6 1.000000
 3.7 1.000000
 3.8 0.250000
 3.9 0.250000
 4.0 0.250000
 4.1 0.250000
 4.2 0.250000
 4.3 0.250000
 4.4 0.250000
 4.5 0.250000
 4.6 0.250000
 4.7 0.250000
 4.8 0.250000
 4.9 0.250000
 5.0 0.250000
 5.1 -0.666667
 5.2 -0.666667
 5.3 -0.666667
 5.4 0.000000
 5.5 0.000000
 5.6 0.000000
 5.7 0.000000
 5.8 0.000000
 5.9 0.000000
 6.0 0.000000
 6.1 0.000000
 6.2 0.000000
 6.3 0.000000
 6.4 0.000000
 6.5 0.000000
 6.6 0.000000
 6.7 0.000000
 6.8 0.000000
 6.9 0.000000
 7.0 0.000000
 7.1 0.000000
 7.2 0.000000
 7.3 0.000000
 7.4 0.000000
 7.5 0.000000
 7.6 0.000000
 7.7 0.000000
 7.8 0.000000
 7.9 0.000000
 8.0 0.000000
 8.1 0.000000
 8.2 0.000000
 8.3 0.000000
 8.4 0.000000
 8.5 0.000000
 8.6 0.000000
 8.7 0.005667
 8.8 0.005667
 8.9 0.005667
 9.0 0.005667
 9.1 0.005667
 9.2 0.005667
 9.3 0.005667
 9.4 0.005667
 9.5 0.005667
 9.6 0.005667
 9.7 0.005667
 9.8 0.005667
 9.9 0.022333
 10.0 0.022333
 10.1 0.022333
 10.2 0.022333
 10.3 0.022333
 10.4 0.022333
 10.5 0.022333
 10.6 0.022333

ALA 7
 0.0 1.000000
 0.1 1.000000
 0.2 1.000000
 0.3 1.000000
 0.4 1.000000
 0.5 1.000000
 0.6 1.000000
 0.7 1.000000
 0.8 1.000000
 0.9 1.000000
 1.0 1.000000
 1.1 1.000000
 1.2 1.000000
 1.3 1.000000
 1.4 1.000000
 1.5 1.000000
 1.6 1.000000
 1.7 1.000000
 1.8 1.000000
 1.9 1.000000
 2.0 1.000000
 2.1 1.000000
 2.2 1.000000
 2.3 1.000000
 2.4 1.000000
 2.5 1.000000
 2.6 1.000000
 2.7 1.000000
 2.8 1.000000
 2.9 1.000000
 3.0 1.000000
 3.1 1.000000
 3.2 1.000000
 3.3 1.000000
 3.4 1.000000
 3.5 1.000000
 3.6 1.000000
 3.7 1.000000
 3.8 0.500000
 3.9 0.500000
 4.0 0.500000
 4.1 0.500000
 4.2 0.500000
 4.3 0.500000
 4.4 0.500000
 4.5 0.500000
 4.6 0.500000
 4.7 0.500000
 4.8 0.500000
 4.9 0.500000
 5.0 0.500000
 5.1 -0.666667
 5.2 -0.666667
 5.3 -0.666667
 5.4 -0.083500
 5.5 -0.083500
 5.6 -0.083500
 5.7 -0.083500
 5.8 -0.083500
 5.9 -0.083500
 6.0 -0.083500
 6.1 -0.083500
 6.2 -0.083500
 6.3 0.011000
 6.4 0.011000
 6.5 0.011000
 6.6 0.011000
 6.7 0.011000
 6.8 0.011000
 6.9 0.011000
 7.0 0.011000
 7.1 0.011000
 7.2 0.011000
 7.3 0.011000
 7.4 0.011000
 7.5 0.011000
 7.6 0.011000
 7.7 0.011000
 7.8 0.011000
 7.9 0.011000
 8.0 0.011000
 8.1 0.011000
 8.2 0.011000
 8.3 0.011000
 8.4 0.011000
 8.5 0.011000
 8.6 0.011000
 8.7 0.005667
 8.8 0.005667
 8.9 0.005667
 9.0 0.005667
 9.1 0.005667
 9.2 0.005667
 9.3 0.005667
 9.4 0.005667
 9.5 0.005667
 9.6 0.005667
 9.7 0.005667
 9.8 0.005667
 9.9 0.006333
 10.0 0.006333
 10.1 0.006333
 10.2 0.006333
 10.3 0.006333
 10.4 0.006333
 10.5 0.006333
 10.6 0.006333

ALA 8
 0.0 1.000000
 0.1 1.000000
 0.2 1.000000
 0.3 1.000000
 0.4 1.000000
 0.5 1.000000
 0.6 1.000000
 0.7 1.000000
 0.8 1.000000
 0.9 1.000000
 1.0 1.000000
 1.1 1.000000
 1.2 1.000000
 1.3 1.000000
 1.4 1.000000
 1.5 1.000000
 1.6 1.000000
 1.7 1.000000
 1.8 1.000000
 1.9 1.000000
 2.0 1.000000
 2.1 1.000000
 2.2 1.000000
 2.3 1.000000
 2.4 1.000000
 2.5 1.000000
 2.6 1.000000
 2.7 1.000000
 2.8 1.000000
 2.9 1.000000
 3.0 1.000000
 3.1 1.000000
 3.2 1.000000
 3.3 1.000000
 3.4 1.000000
 3.5 1.000000
 3.6 1.000000
 3.7 1.000000
 3.8 0.500000
 3.9 0.500000
 4.0 0.500000
 4.1 0.500000
 4.2 0.500000
 4.3 0.500000
 4.4 0.500000
 4.5 0.500000
 4.6 0.500000
 4.7 0.500000
 4.8 0.500000
 4.9 0.500000
 5.0 0.500000
 5.1 -0.833333
 5.2 -0.833333
 5.3 -0.833333
 5.4 0.000000
 5.5 0.000000
 5.6 0.000000
 5.7 0.000000
 5.8 0.000000
 5.9 0.000000
 6.0 0.000000
 6.1 0.000000
 6.2 0.000000
 6.3 0.011000
 6.4 0.011000
 6.5 0.011000
 6.6 0.011000
 6.7 0.011000
 6.8 0.011000
 6.9 0.011000
 7.0 0.011000
 7.1 0.011000
 7.2 0.011000
 7.3 0.011000
 7.4 0.011000
 7.5 0.011000
 7.6 0.011000
 7.7 0.011000
 7.8 0.011000
 7.9 0.011000
 8.0 0.011000
 8.1 0.011000
 8.2 0.011000
 8.3 0.011000
 8.4 0.011000
 8.5 0.011000
 8.6 0.011000
 8.7 0.016667
 8.8 0.016667
 8.9 0.016667
 9.0 0.016667
 9.1 0.016667
 9.2 0.016667
 9.3 0.016667
 9.4 0.016667
 9.5 0.016667
 9.6 0.016667
 9.7 0.016667
 9.8 0.016667
 9.9 -0.004667
 10.0 -0.004667
 10.1 -0.004667
 10.2 -0.004667
 10.3 -0.004667
 10.4 -0.004667
 10.5 -0.004667
 10.6 -0.004667

ALA 9
 0.0 1.000000
 0.1 1.000000
 0.2 1.000000
 0.3 1.000000
 0.4 1.000000
 0.5 1.000000
 0.6 1.000000
 0.7 1.000000
 0.8 1.000000
 0.9 1.000000
 1.0 1.000000
 1.1 1.000000
 1.2 1.000000
 1.3 1.000000
 1.4 1.000000
 1.5 1.000000
 1.6 1.000000
 1.7 1.000000
 1.8 1.000000
 1.9 1.000000
 2.0 1.000000
 2.1 1.000000
 2.2 1.000000
 2.3 1.000000
 2.4 1.000000
 2.5 1.000000
 2.6 1.000000
 2.7 1.000000
 2.8 1.000000
 2.9 1.000000
 3.0 1.000000
 3.1 1.000000
 3.2 1.000000
 3.3 1.000000
 3.4 1.000000
 3.5 1.000000
 3.6 1.000000
 3.7 1.000000
 3.8 0.250000
 3.9 0.250000
 4.0 0.250000
 4.1 0.250000
 4.2 0.250000
 4.3 0.250000
 4.4 0.250000
 4.5 0.250000
 4.6 0.250000
 4.7 0.250000
 4.8 0.250000
 4.9 0.250000
 5.0 0.250000
 5.1 -0.666667
 5.2 -0.666667
 5.3 -0.666667
 5.4 0.083500
 5.5 0.083500
 5.6 0.083500
 5.7 0.083500
 5.8 0.083500
 5.9 0.083500
 6.0 0.083500
 6.1 0.083500
 6.2 0.083500
 6.3 0.000000
 6.4 0.000000
 6.5 0.000000
 6.6 0.000000
 6.7 0.000000
 6.8 0.000000
 6.9 0.000000
 7.0 0.000000
 7.1 0.000000
 7.2 0.000000
 7.3 0.000000
 7.4 0.000000
 7.5 0.000000
 7.6 0.000000
 7.7 0.000000
 7.8 0.000000
 7.9 0.000000
 8.0 0.000000
 8.1 0.000000
 8.2 0.000000
 8.3 0.000000
 8.4 0.000000
 8.5 0.000000
 8.6 0.000000
 8.7 0.000000
 8.8 0.000000
 8.9 0.000000
 9.0 0.000000
 9.1 0.000000
 9.2 0.000000
 9.3 0.000000
 9.4 0.000000
 9.5 0.000000
 9.6 0.000000
 9.7 0.000000
 9.8 0.000000
 9.9 0.003333
 10.0 0.003333
 10.1 0.003333
 10.2 0.003333
 10.3 0.003333
 10.4 0.003333
 10.5 0.003333
 10.6 0.003333

ALA 10
 0.0 1.000000
 0.1 1.000000
 0.2 1.000000
 0.3 1.000000
 0.4 1.000000
 0.5 1.000000
 0.6 1.000000
 0.7 1.000000
 0.8 1.000000
 0.9 1.000000
 1.0 1.000000
 1.1 1.000000
 1.2 1.000000
 1.3 1.000000
 1.4 1.000000
 1.5 1.000000
 1.6 1.000000
 1.7 1.000000
 1.8 1.000000
 1.9 1.000000
 2.0 1.000000
 2.1 1.000000
 2.2 1.000000
 2.3 1.000000
 2.4 1.000000
 2.5 1.000000
 2.6 1.000000
 2.7 1.000000
 2.8 1.000000
 2.9 1.000000
 3.0 1.000000
 3.1 1.000000
 3.2 1.000000
 3.3 1.000000
 3.4 1.000000
 3.5 1.000000
 3.6 1.000000
 3.7 1.000000
 3.8 0.250000
 3.9 0.250000
 4.0 0.250000
 4.1 0.250000
 4.2 0.250000
 4.3 0.250000
 4.4 0.250000
 4.5 0.250000
 4.6 0.250000
 4.7 0.250000
 4.8 0.250000
 4.9 0.250000
 5.0 0.250000
 5.1 -0.666667
 5.2 -0.666667
 5.3 -0.666667
 5.4 -0.041500
 5.5 -0.041500
 5.6 -0.041500
 5.7 -0.041500
 5.8 -0.041500
 5.9 -0.041500
 6.0 -0.041500
 6.1 -0.041500
 6.2 -0.041500
 6.3 0.000000
 6.4 0.000000
 6.5 0.000000
 6.6 0.000000
 6.7 0.000000
 6.8 0.000000
 6.9 0.000000
 7.0 0.000000
 7.1 0.000000
 7.2 0.000000
 7.3 0.000000
 7.4 0.000000
 7.5 0.000000
 7.6 0.000000
 7.7 0.000000
 7.8 0.000000
 7.9 0.000000
 8.0 0.000000
 8.1 0.000000
 8.2 0.000000
 8.3 0.000000
 8.4 0.000000
 8.5 0.000000
 8.6 0.000000
 8.7 -0.016667
 8.8 -0.016667
 8.9 -0.016667
 9.0 -0.016667
 9.1 -0.016667
 9.2 -0.016667
 9.3 -0.016667
 9.4 -0.016667
 9.5 -0.016667
 9.6 -0.016667
 9.7 -0.016667
 9.8 -0.016667
 9.9 0.003333
 10.0 0.003333
 10.1 0.003333
 10.2 0.003333
 10.3 0.003333
 10.4 0.003333
 10.5 0.003333
 10.6 0.003333

ALA 11
 0.0 1.000000
 0.1 1.000000
 0.2 1.000000
 0.3 1.000000
 0.4 1.000000
 0.5 1.000000
 0.6 1.000000
 0.7 1.000000
 0.8 1.000000
 0.9 1.000000
 1.0 1.000000
 1.1 1.000000
 1.2 1.000000
 1.3 1.000000
 1.4 1.000000
 1.5 1.000000
 1.6 1.000000
 1.7 1.000000
 1.8 1.000000
 1.9 1.000000
 2.0 1.000000
 2.1 1.000000
 2.2 1.000000
 2.3 1.000000
 2.4 1.000000
 2.5 1.000000
 2.6 1.000000
 2.7 1.000000
 2.8 1.000000
 2.9 1.000000
 3.0 1.000000
 3.1 1.000000
 3.2 1.000000
 3.3 1.000000
 3.4 1.000000
 3.5 1.000000
 3.6 1.000000
 3.7 1.000000
 3.8 0.500000
 3.9 0.500000
 4.0 0.500000
 4.1 0.500000
 4.2 0.500000
 4.3 0.500000
 4.4 0.500000
 4.5 0.500000
 4.6 0.500000
 4.7 0.500000
 4.8 0.500000
 4.9 0.500000
 5.0 0.500000
 5.1 -0.666667
 5.2 -0.666667
 5.3 -0.666667
 5.4 -0.041500
 5.5 -0.041500
 5.6 -0.041500
 5.7 -0.041500
 5.8 -0.041500
 5.9 -0.041500
 6.0 -0.041500
 6.1 -0.041500
 6.2 -0.041500
 6.3 -0.011000
 6.4 -0.011000
 6.5 -0.011000
 6.6 -0.011000
 6.7 -0.011000
 6.8 -0.011000
 6.9 -0.011000
 7.0 -0.011000
 7.1 -0.011000
 7.2 -0.011000
 7.3 -0.011000
 7.4 -0.011000
 7.5 -0.011000
 7.6 -0.011000
 7.7 -0.011000
 7.8 -0.011000
 7.9 -0.011000
 8.0 -0.011000
 8.1 -0.011000
 8.2 -0.011000
 8.3 -0.011000
 8.4 -0.011000
 8.5 -0.011000
 8.6 -0.011000
 8.7 0.005667
 8.8 0.005667
 8.9 0.005667
 9.0 0.005667
 9.1 0.005667
 9.2 0.005667
 9.3 0.005667
 9.4 0.005667
 9.5 0.005667
 9.6 0.005667
 9.7 0.005667
 9.8 0.005667
 9.9 0.000000
 10.0 0.000000
 10.1 0.000000
 10.2 0.000000
 10.3 0.000000
 10.4 0.000000
 10.5 0.000000
 10.6 0.000000

ALA 12
 0.0 1.000000
 0.1 1.000000
 0.2 1.000000
 0.3 1.000000
 0.4 1.000000
 0.5 1.000000
 0.6 1.000000
 0.7 1.000000
 0.8 1.000000
 0.9 1.000000
 1.0 1.000000
 1.1 1.000000
 1.2 1.000000
 1.3 1.000000
 1.4 1.000000
 1.5 1.000000
 1.6 1.000000
 1.7 1.000000
 1.8 1.000000
 1.9 1.000000
 2.0 1.000000
 2.1 1.000000
 2.2 1.000000
 2.3 1.000000
 2.4 1.000000
 2.5 1.000000
 2.6 1.000000
 2.7 1.000000
 2.8 1.000000
 2.9 1.000000
 3.0 1.000000
 3.1 1.000000
 3.2 1.000000
 3.3 1.000000
 3.4 1.000000
 3.5 1.000000
 3.6 1.000000
 3.7 1.000000
 3.8 0.250000
 3.9 0.250000
 4.0 0.250000
 4.1 0.250000
 4.2 0.250000
 4.3 0.250000
 4.4 0.250000
 4.5 0.250000
 4.6 0.250000
 4.7 0.250000
 4.8 0.250000
 4.9 0.250000
 5.0 0.250000
 5.1 -0.666667
 5.2 -0.666667
 5.3 -0.666667
 5.4 0.041500
 5.5 0.041500
 5.6 0.041500
 5.7 0.041500
 5.8 0.041500
 5.9 0.041500
 6.0 0.041500
 6.1 0.041500
 6.2 0.041500
 6.3 0.005667
 6.4 0.005667
 6.5 0.005667
 6.6 0.005667
 6.7 0.005667
 6.8 0.005667
 6.9 0.005667
 7.0 0.005667
 7.1 0.005667
 7.2 0.005667
 7.3 0.005667
 7.4 0.005667
 7.5 0.005667
 7.6 0.005667
 7.7 0.005667
 7.8 0.005667
 7.9 0.005667
 8.0 0.005667
 8.1 0.005667
 8.2 0.005667
 8.3 0.005667
 8.4 0.005667
 8.5 0.005667
 8.6 0.005667
 8.7 0.000000
 8.8 0.000000
 8.9 0.000000
 9.0 0.000000
 9.1 0.000000
 9.2 0.000000
 9.3 0.000000
 9.4 0.000000
 9.5 0.000000
 9.6 0.000000
 9.7 0.000000
 9.8 0.000000
 9.9 -0.003333
 10.0 -0.003333
 10.1 -0.003333
 10.2 -0.003333
 10.3 -0.003333
 10.4 -0.003333
 10.5 -0.003333
 10.6 -0.003333

ALA 13
 0.0 1.000000
 0.1 1.000000
 0.2 1.000000
 0.3 1.000000
 0.4 1.000000
 0.5 1.000000
 0.6 1.000000
 0.7 1.000000
 0.8 1.000000
 0.9 1.000000
 1.0 1.000000
 1.1 1.000000
 1.2 1.000000
 1.3 1.000000
 1.4 1.000000
 1.5 1.000000
 1.6 1.000000
 1.7 1.000000
 1.8 1.000000
 1.9 1.000000
 2.0 1.000000
 2.1 1.000000
 2.2 1.000000
 2.3 1.000000
 2.4 1.000000
 2.5 1.000000
 2.6 1.000000
 2.7 1.000000
 2.8 1.000000
 2.9 1.000000
 3.0 1.000000
 3.1 1.000000
 3.2 1.000000
 3.3 1.000000
 3.4 1.000000
 3.5 1.000000
 3.6 1.000000
 3.7 1.000000
 3.8 0.250000
 3.9 0.250000
 4.0 0.250000
 4.1 0.250000
 4.2 0.250000
 4.3 0.250000
 4.4 0.250000
 4.5 0.250000
 4.6 0.250000
 4.7 0.250000
 4.8 0.250000
 4.9 0.250000
 5.0 0.250000
 5.1 -0.666667
 5.2 -0.666667
 5.3 -0.666667
 5.4 -0.166500
 5.5 -0.166500
 5.6 -0.166500
 5.7 -0.166500
 5.8 -0.166500
 5.9 -0.166500
 6.0 -0.166500
 6.1 -0.166500
 6.2 -0.166500
 6.3 0.005667
 6.4 0.005667
 6.5 0.005667
 6.6 0.005667
 6.7 0.005667
 6.8 0.005667
 6.9 0.005667
 7.0 0.005667
 7.1 0.005667
 7.2 0.005667
 7.3 0.005667
 7.4 0.005667
 7.5 0.005667
 7.6 0.005667
 7.7 0.005667
 7.8 0.005667
 7.9 0.005667
 8.0 0.005667
 8.1 0.005667
 8.2 0.005667
 8.3 0.005667
 8.4 0.005667
 8.5 0.005667
 8.6 0.005667
 8.7 0.000000
 8.8 0.000000
 8.9 0.000000
 9.0 0.000000
 9.1 0.000000
 9.2 0.000000
 9.3 0.000000
 9.4 0.000000
 9.5 0.000000
 9.6 0.000000
 9.7 0.000000
 9.8 0.000000
 9.9 -0.011333
 10.0 -0.011333
 10.1 -0.011333
 10.2 -0.011333
 10.3 -0.011333
 10.4 -0.011333
 10.5 -0.011333
 10.6 -0.011333

ALA 14
 0.0 1.000000
 0.1 1.000000
 0.2 1.000000
 0.3 1.000000
 0.4 1.000000
 0.5 1.000000
 0.6 1.000000
 0.7 1.000000
 0.8 1.000000
 0.9 1.000000
 1.0 1.000000
 1.1 1.000000
 1.2 1.000000
 1.3 1.000000
 1.4 1.000000
 1.5 1.000000
 1.6 1.000000
 1.7 1.000000
 1.8 1.000000
 1.9 1.000000
 2.0 1.000000
 2.1 1.000000
 2.2 1.000000
 2.3 1.000000
 2.4 1.000000
 2.5 1.000000
 2.6 1.000000
 2.7 1.000000
 2.8 1.000000
 2.9 1.000000
 3.0 1.000000
 3.1 1.000000
 3.2 1.000000
 3.3 1.000000
 3.4 1.000000
 3.5 1.000000
 3.6 1.000000
 3.7 1.000000
 3.8 0.500000
 3.9 0.500000
 4.0 0.500000
 4.1 0.500000
 4.2 0.500000
 4.3 0.500000
 4.4 0.500000
 4.5 0.500000
 4.6 0.500000
 4.7 0.500000
 4.8 0.500000
 4.9 0.500000
 5.0 0.500000
 5.1 -0.500000
 5.2 -0.500000
 5.3 -0.500000
 5.4 -0.250000
 5.5 -0.250000
 5.6 -0.250000
 5.7 -0.250000
 5.8 -0.250000
 5.9 -0.250000
 6.0 -0.250000
 6.1 -0.250000
 6.2 -0.250000
 6.3 -0.005667
 6.4 -0.005667
 6.5 -0.005667
 6.6 -0.005667
 6.7 -0.005667
 6.8 -0.005667
 6.9 -0.005667
 7.0 -0.005667
 7.1 -0.005667
 7.2 -0.005667
 7.3 -0.005667
 7.4 -0.005667
 7.5 -0.005667
 7.6 -0.005667
 7.7 -0.005667
 7.8 -0.005667
 7.9 -0.005667
 8.0 -0.005667
 8.1 -0.005667
 8.2 -0.005667
 8.3 -0.005667
 8.4 -0.005667
 8.5 -0.005667
 8.6 -0.005667
 8.7 -0.011000
 8.8 -0.011000
 8.9 -0.011000
 9.0 -0.011000
 9.1 -0.011000
 9.2 -0.011000
 9.3 -0.011000
 9.4 -0.011000
 9.5 -0.011000
 9.6 -0.011000
 9.7 -0.011000
 9.8 -0.011000
 9.9 0.000000
 10.0 0.000000
 10.1 0.000000
 10.2 0.000000
 10.3 0.000000
 10.4 0.000000
 10.5 0.000000
 10.6 0.000000

ALA 15
 0.0 1.000000
 0.1 1.000000
 0.2 1.000000
 0.3 1.000000
 0.4 1.000000
 0.5 1.000000
 0.6 1.000000
 0.7 1.000000
 0.8 1.000000
 0.9 1.000000
 1.0 1.000000
 1.1 1.000000
 1.2 1.000000
 1.3 1.000000
 1.4 1.000000
 1.5 1.000000
 1.6 1.000000
 1.7 1.000000
 1.8 1.000000
 1.9 1.000000
 2.0 1.000000
 2.1 1.000000
 2.2 1.000000
 2.3 1.000000
 2.4 1.000000
 2.5 1.000000
 2.6 1.000000
 2.7 1.000000
 2.8 1.000000
 2.9 1.000000
 3.0 1.000000
 3.1 1.000000
 3.2 1.000000
 3.3 1.000000
 3.4 1.000000
 3.5 1.000000
 3.6 1.000000
 3.7 1.000000
 3.8 0.500000
 3.9 0.500000
 4.0 0.500000
 4.1 0.500000
 4.2 0.500000
 4.3 0.500000
 4.4 0.500000
 4.5 0.500000
 4.6 0.500000
 4.7 0.500000
 4.8 0.500000
 4.9 0.500000
 5.0 0.500000
 5.1 -0.666667
 5.2 -0.666667
 5.3 -0.666667
 5.4 -0.166500
 5.5 -0.166500
 5.6 -0.166500
 5.7 -0.166500
 5.8 -0.166500
 5.9 -0.166500
 6.0 -0.166500
 6.1 -0.166500
 6.2 -0.166500
 6.3 -0.005667
 6.4 -0.005667
 6.5 -0.005667
 6.6 -0.005667
 6.7 -0.005667
 6.8 -0.005667
 6.9 -0.005667
 7.0 -0.005667
 7.1 -0.005667
 7.2 -0.005667
 7.3 -0.005667
 7.4 -0.005667
 7.5 -0.005667
 7.6 -0.005667
 7.7 -0.005667
 7.8 -0.005667
 7.9 -0.005667
 8.0 -0.005667
 8.1 -0.005667
 8.2 -0.005667
 8.3 -0.005667
 8.4 -0.005667
 8.5 -0.005667
 8.6 -0.005667
 8.7 0.000000
 8.8 0.000000
 8.9 0.000000
 9.0 0.000000
 9.1 0.000000
 9.2 0.000000
 9.3 0.000000
 9.4 0.000000
 9.5 0.000000
 9.6 0.000000
 9.7 0.000000
 9.8 0.000000
 9.9 0.000000
 10.0 0.000000
 10.1 0.000000
 10.2 0.000000
 10.3 0.000000
 10.4 0.000000
 10.5 0.000000
 10.6 0.000000

ALA 16
 0.0 1.000000
 0.1 1.000000
 0.2 1.000000
 0.3 1.000000
 0.4 1.000000
 0.5 1.000000
 0.6 1.000000
 0.7 1.000000
 0.8 1.000000
 0.9 1.000000
 1.0 1.000000
 1.1 1.000000
 1.2 1.000000
 1.3 1.000000
 1.4 1.000000
 1.5 1.000000
 1.6 1.000000
 1.7 1.000000
 1.8 1.000000
 1.9 1.000000
 2.0 1.000000
 2.1 1.000000
 2.2 1.000000
 2.3 1.000000
 2.4 1.000000
 2.5 1.000000
 2.6 1.000000
 2.7 1.000000
 2.8 1.000000
 2.9 1.000000
 3.0 1.000000
 3.1 1.000000
 3.2 1.000000
 3.3 1.000000
 3.4 1.000000
 3.5 1.000000
 3.6 1.000000
 3.7 1.000000
 3.8 0.500000
 3.9 0.500000
 4.0 0.500000
 4.1 0.500000
 4.2 0.500000
 4.3 0.500000
 4.4 0.500000
 4.5 0.500000
 4.6 0.500000
 4.7 0.500000
 4.8 0.500000
 4.9 0.500000
 5.0 0.500000
 5.1 -0.833333
 5.2 -0.833333
 5.3 -0.833333
 5.4 -0.208500
 5.5 -0.208500
 5.6 -0.208500
 5.7 -0.208500
 5.8 -0.208500
 5.9 -0.208500
 6.0 -0.208500
 6.1 -0.208500
 6.2 -0.208500
 6.3 -0.022333
 6.4 -0.022333
 6.5 -0.022333
 6.6 -0.022333
 6.7 -0.022333
 6.8 -0.022333
 6.9 -0.022333
 7.0 -0.022333
 7.1 -0.022333
 7.2 -0.022333
 7.3 -0.022333
 7.4 -0.022333
 7.5 -0.022333
 7.6 -0.022333
 7.7 -0.022333
 7.8 -0.022333
 7.9 -0.022333
 8.0 -0.022333
 8.1 -0.022333
 8.2 -0.022333
 8.3 -0.022333
 8.4 -0.022333
 8.5 -0.022333
 8.6 -0.022333
 8.7 0.000000
 8.8 0.000000
 8.9 0.000000
 9.0 0.000000
 9.1 0.000000
 9.2 0.000000
 9.3 0.000000
 9.4 0.000000
 9.5 0.000000
 9.6 0.000000
 9.7 0.000000
 9.8 0.000000
 9.9 0.000000
 10.0 0.000000
 10.1 0.000000
 10.2 0.000000
 10.3 0.000000
 10.4 0.000000
 10.5 0.000000
 10.6 0.000000

ALA 17
 0.0 1.000000
 0.1 1.000000
 0.2 1.000000
 0.3 1.000000
 0.4 1.000000
 0.5 1.000000
 0.6 1.000000
 0.7 1.000000
 0.8 1.000000
 0.9 1.000000
 1.0 1.000000
 1.1 1.000000
 1.2 1.000000
 1.3 1.000000
 1.4 1.000000
 1.5 1.000000
 1.6 1.000000
 1.7 1.000000
 1.8 1.000000
 1.9 1.000000
 2.0 1.000000
 2.1 1.000000
 2.2 1.000000
 2.3 1.000000
 2.4 1.000000
 2.5 1.000000
 2.6 1.000000
 2.7 1.000000
 2.8 1.000000
 2.9 1.000000
 3.0 1.000000
 3.1 1.000000
 3.2 1.000000
 3.3 1.000000
 3.4 1.000000
 3.5 1.000000
 3.6 1.000000
 3.7 1.000000
 3.8 0.500000
 3.9 0.500000
 4.0 0.500000
 4.1 0.500000
 4.2 0.500000
 4.3 0.500000
 4.4 0.500000
 4.5 0.500000
 4.6 0.500000
 4.7 0.500000
 4.8 0.500000
 4.9 0.500000
 5.0 0.500000
 5.1 -0.500000
 5.2 -0.500000
 5.3 -0.500000
 5.4 -0.166500
 5.5 -0.166500
 5.6 -0.166500
 5.7 -0.166500
 5.8 -0.166500
 5.9 -0.166500
 6.0 -0.166500
 6.1 -0.166500
 6.2 -0.166500
 6.3 0.005667
 6.4 0.005667
 6.5 0.005667
 6.6 0.005667
 6.7 0.005667
 6.8 0.005667
 6.9 0.005667
 7.0 0.005667
 7.1 0.005667
 7.2 0.005667
 7.3 0.005667
 7.4 0.005667
 7.5 0.005667
 7.6 0.005667
 7.7 0.005667
 7.8 0.005667
 7.9 0.005667
 8.0 0.005667
 8.1 0.005667
 8.2 0.005667
 8.3 0.005667
 8.4 0.005667
 8.5 0.005667
 8.6 0.005667
 8.7 0.005667
 8.8 0.005667
 8.9 0.005667
 9.0 0.005667
 9.1 0.005667
 9.2 0.005667
 9.3 0.005667
 9.4 0.005667
 9.5 0.005667
 9.6 0.005667
 9.7 0.005667
 9.8 0.005667
 9.9 0.011333
 10.0 0.011333
 10.1 0.011333
 10.2 0.011333
 10.3 0.011333
 10.4 0.011333
 10.5 0.011333
 10.6 0.011333

ALA 18
 0.0 1.000000
 0.1 1.000000
 0.2 1.000000
 0.3 1.000000
 0.4 1.000000
 0.5 1.000000
 0.6 1.000000
 0.7 1.000000
 0.8 1.000000
 0.9 1.000000
 1.0 1.000000
 1.1 1.000000
 1.2 1.000000
 1.3 1.000000
 1.4 1.000000
 1.5 1.000000
 1.6 1.000000
 1.7 1.000000
 1.8 1.000000
 1.9 1.000000
 2.0 1.000000
 2.1 1.000000
 2.2 1.000000
 2.3 1.000000
 2.4 1.000000
 2.5 1.000000
 2.6 1.000000
 2.7 1.000000
 2.8 1.000000
 2.9 1.000000
 3.0 1.000000
 3.1 1.000000
 3.2 1.000000
 3.3 1.000000
 3.4 1.000000
 3.5 1.000000
 3.6 1.000000
 3.7 1.000000
 3.8 0.500000
 3.9 0.500000
 4.0 0.500000
 4.1 0.500000
 4.2 0.500000
 4.3 0.500000
 4.4 0.500000
 4.5 0.500000
 4.6 0.500000
 4.7 0.500000
 4.8 0.500000
 4.9 0.500000
 5.0 0.500000
 5.1 -0.666667
 5.2 -0.666667
 5.3 -0.666667
 5.4 -0.083500
 5.5 -0.083500
 5.6 -0.083500
 5.7 -0.083500
 5.8 -0.083500
 5.9 -0.083500
 6.0 -0.083500
 6.1 -0.083500
 6.2 -0.083500
 6.3 0.016667
 6.4 0.016667
 6.5 0.016667
 6.6 0.016667
 6.7 0.016667
 6.8 0.016667
 6.9 0.016667
 7.0 0.016667
 7.1 0.016667
 7.2 0.016667
 7.3 0.016667
 7.4 0.016667
 7.5 0.016667
 7.6 0.016667
 7.7 0.016667
 7.8 0.016667
 7.9 0.016667
 8.0 0.016667
 8.1 0.016667
 8.2 0.016667
 8.3 0.016667
 8.4 0.016667
 8.5 0.016667
 8.6 0.016667
 8.7 -0.005667
 8.8 -0.005667
 8.9 -0.005667
 9.0 -0.005667
 9.1 -0.005667
 9.2 -0.005667
 9.3 -0.005667
 9.4 -0.005667
 9.5 -0.005667
 9.6 -0.005667
 9.7 -0.005667
 9.8 -0.005667
 9.9 0.003333
 10.0 0.003333
 10.1 0.003333
 10.2 0.003333
 10.3 0.003333
 10.4 0.003333
 10.5 0.003333
 10.6 0.003333

ALA 19
 0.0 1.000000
 0.1 1.000000
 0.2 1.000000
 0.3 1.000000
 0.4 1.000000
 0.5 1.000000
 0.6 1.000000
 0.7 1.000000
 0.8 1.000000
 0.9 1.000000
 1.0 1.000000
 1.1 1.000000
 1.2 1.000000
 1.3 1.000000
 1.4 1.000000
 1.5 1.000000
 1.6 1.000000
 1.7 1.000000
 1.8 1.000000
 1.9 1.000000
 2.0 1.000000
 2.1 1.000000
 2.2 1.000000
 2.3 1.000000
 2.4 1.000000
 2.5 1.000000
 2.6 1.000000
 2.7 1.000000
 2.8 1.000000
 2.9 1.000000
 3.0 1.000000
 3.1 1.000000
 3.2 1.000000
 3.3 1.000000
 3.4 1.000000
 3.5 1.000000
 3.6 1.000000
 3.7 1.000000
 3.8 0.500000
 3.9 0.500000
 4.0 0.500000
 4.1 0.500000
 4.2 0.500000
 4.3 0.500000
 4.4 0.500000
 4.5 0.500000
 4.6 0.500000
 4.7 0.500000
 4.8 0.500000
 4.9 0.500000
 5.0 0.500000
 5.1 -0.666667
 5.2 -0.666667
 5.3 -0.666667
 5.4 0.000000
 5.5 0.000000
 5.6 0.000000
 5.7 0.000000
 5.8 0.000000
 5.9 0.000000
 6.0 0.000000
 6.1 0.000000
 6.2 0.000000
 6.3 0.016667
 6.4 0.016667
 6.5 0.016667
 6.6 0.016667
 6.7 0.016667
 6.8 0.016667
 6.9 0.016667
 7.0 0.016667
 7.1 0.016667
 7.2 0.016667
 7.3 0.016667
 7.4 0.016667
 7.5 0.016667
 7.6 0.016667
 7.7 0.016667
 7.8 0.016667
 7.9 0.016667
 8.0 0.016667
 8.1 0.016667
 8.2 0.016667
 8.3 0.016667
 8.4 0.016667
 8.5 0.016667
 8.6 0.016667
 8.7 0.005667
 8.8 0.005667
 8.9 0.005667
 9.0 0.005667
 9.1 0.005667
 9.2 0.005667
 9.3 0.005667
 9.4 0.005667
 9.5 0.005667
 9.6 0.005667
 9.7 0.005667
 9.8 0.005667
 9.9 -0.008000
 10.0 -0.008000
 10.1 -0.008000
 10.2 -0.008000
 10.3 -0.008000
 10.4 -0.008000
 10.5 -0.008000
 10.6 -0.008000

ALA 20
 0.0 1.000000
 0.1 1.000000
 0.2 1.000000
 0.3 1.000000
 0.4 1.000000
 0.5 1.000000
 0.6 1.000000
 0.7 1.000000
 0.8 1.000000
 0.9 1.000000
 1.0 1.000000
 1.1 1.000000
 1.2 1.000000
 1.3 1.000000
 1.4 1.000000
 1.5 1.000000
 1.6 1.000000
 1.7 1.000000
 1.8 1.000000
 1.9 1.000000
 2.0 1.000000
 2.1 1.000000
 2.2 1.000000
 2.3 1.000000
 2.4 1.000000
 2.5 1.000000
 2.6 1.000000
 2.7 1.000000
 2.8 1.000000
 2.9 1.000000
 3.0 1.000000
 3.1 1.000000
 3.2 1.000000
 3.3 1.000000
 3.4 1.000000
 3.5 1.000000
 3.6 1.000000
 3.7 1.000000
 3.8 0.500000
 3.9 0.500000
 4.0 0.500000
 4.1 0.500000
 4.2 0.500000
 4.3 0.500000
 4.4 0.500000
 4.5 0.500000
 4.6 0.500000
 4.7 0.500000
 4.8 0.500000
 4.9 0.500000
 5.0 0.500000
 5.1 -0.666667
 5.2 -0.666667
 5.3 -0.666667
 5.4 0.041500
 5.5 0.041500
 5.6 0.041500
 5.7 0.041500
 5.8 0.041500
 5.9 0.041500
 6.0 0.041500
 6.1 0.041500
 6.2 0.041500
 6.3 -0.011000
 6.4 -0.011000
 6.5 -0.011000
 6.6 -0.011000
 6.7 -0.011000
 6.8 -0.011000
 6.9 -0.011000
 7.0 -0.011000
 7.1 -0.011000
 7.2 -0.011000
 7.3 -0.011000
 7.4 -0.011000
 7.5 -0.011000
 7.6 -0.011000
 7.7 -0.011000
 7.8 -0.011000
 7.9 -0.011000
 8.0 -0.011000
 8.1 -0.011000
 8.2 -0.011000
 8.3 -0.011000
 8.4 -0.011000
 8.5 -0.011000
 8.6 -0.011000
 8.7 0.005667
 8.8 0.005667
 8.9 0.005667
 9.0 0.005667
 9.1 0.005667
 9.2 0.005667
 9.3 0.005667
 9.4 0.005667
 9.5 0.005667
 9.6 0.005667
 9.7 0.005667
 9.8 0.005667
 9.9 -0.008000
 10.0 -0.008000
 10.1 -0.008000
 10.2 -0.008000
 10.3 -0.008000
 10.4 -0.008000
 10.5 -0.008000
 10.6 -0.008000

ALA 21
 0.0 1.000000
 0.1 1.000000
 0.2 1.000000
 0.3 1.000000
 0.4 1.000000
 0.5 1.000000
 0.6 1.000000
 0.7 1.000000
 0.8 1.000000
 0.9 1.000000
 1.0 1.000000
 1.1 1.000000
 1.2 1.000000
 1.3 1.000000
 1.4 1.000000
 1.5 1.000000
 1.6 1.000000
 1.7 1.000000
 1.8 1.000000
 1.9 1.000000
 2.0 1.000000
 2.1 1.000000
 2.2 1.000000
 2.3 1.000000
 2.4 1.000000
 2.5 1.000000
 2.6 1.000000
 2.7 1.000000
 2.8 1.000000
 2.9 1.000000
 3.0 1.000000
 3.1 1.000000
 3.2 1.000000
 3.3 1.000000
 3.4 1.000000
 3.5 1.000000
 3.6 1.000000
 3.7 1.000000
 3.8 0.500000
 3.9 0.500000
 4.0 0.500000
 4.1 0.500000
 4.2 0.500000
 4.3 0.500000
 4.4 0.500000
 4.5 0.500000
 4.6 0.500000
 4.7 0.500000
 4.8 0.500000
 4.9 0.500000
 5.0 0.500000
 5.1 -0.666667
 5.2 -0.666667
 5.3 -0.666667
 5.4 0.000000
 5.5 0.000000
 5.6 0.000000
 5.7 0.000000
 5.8 0.000000
 5.9 0.000000
 6.0 0.000000
 6.1 0.000000
 6.2 0.000000
 6.3 -0.011000
 6.4 -0.011000
 6.5 -0.011000
 6.6 -0.011000
 6.7 -0.011000
 6.8 -0.011000
 6.9 -0.011000
 7.0 -0.011000
 7.1 -0.011000
 7.2 -0.011000
 7.3 -0.011000
 7.4 -0.011000
 7.5 -0.011000
 7.6 -0.011000
 7.7 -0.011000
 7.8 -0.011000
 7.9 -0.011000
 8.0 -0.011000
 8.1 -0.011000
 8.2 -0.011000
 8.3 -0.011000
 8.4 -0.011000
 8.5 -0.011000
 8.6 -0.011000
 8.7 -0.005667
 8.8 -0.005667
 8.9 -0.005667
 9.0 -0.005667
 9.1 -0.005667
 9.2 -0.005667
 9.3 -0.005667
 9.4 -0.005667
 9.5 -0.005667
 9.6 -0.005667
 9.7 -0.005667
 9.8 -0.005667
 9.9 0.019333
 10.0 0.019333
 10.1 0.019333
 10.2 0.019333
 10.3 0.019333
 10.4 0.019333
 10.5 0.019333
 10.6 0.019333

ALA 22
 0.0 1.000000
 0.1 1.000000
 0.2 1.000000
 0.3 1.000000
 0.4 1.000000
 0.5 1.000000
 0.6 1.000000
 0.7 1.000000
 0.8 1.000000
 0.9 1.000000
 1.0 1.000000
 1.1 1.000000
 1.2 1.000000
 1.3 1.000000
 1.4 1.000000
 1.5 1.000000
 1.6 1.000000
 1.7 1.000000
 1.8 1.000000
 1.9 1.000000
 2.0 1.000000
 2.1 1.000000
 2.2 1.000000
 2.3 1.000000
 2.4 1.000000
 2.5 1.000000
 2.6 1.000000
 2.7 1.000000
 2.8 1.000000
 2.9 1.000000
 3.0 1.000000
 3.1 1.000000
 3.2 1.000000
 3.3 1.000000
 3.4 1.000000
 3.5 1.000000
 3.6 1.000000
 3.7 1.000000
 3.8 0.250000
 3.9 0.250000
 4.0 0.250000
 4.1 0.250000
 4.2 0.250000
 4.3 0.250000
 4.4 0.250000
 4.5 0.250000
 4.6 0.250000
 4.7 0.250000
 4.8 0.250000
 4.9 0.250000
 5.0 0.250000
 5.1 -0.666667
 5.2 -0.666667
 5.3 -0.666667
 5.4 0.041500
 5.5 0.041500
 5.6 0.041500
 5.7 0.041500
 5.8 0.041500
 5.9 0.041500
 6.0 0.041500
 6.1 0.041500
 6.2 0.041500
 6.3 -0.011000
 6.4 -0.011000
 6.5 -0.011000
 6.6 -0.011000
 6.7 -0.011000
 6.8 -0.011000
 6.9 -0.011000
 7.0 -0.011000
 7.1 -0.011000
 7.2 -0.011000
 7.3 -0.011000
 7.4 -0.011000
 7.5 -0.011000
 7.6 -0.011000
 7.7 -0.011000
 7.8 -0.011000
 7.9 -0.011000
 8.0 -0.011000
 8.1 -0.011000
 8.2 -0.011000
 8.3 -0.011000
 8.4 -0.011000
 8.5 -0.011000
 8.6 -0.011000
 8.7 0.016667
 8.8 0.016667
 8.9 0.016667
 9.0 0.016667
 9.1 0.016667
 9.2 0.016667
 9.3 0.016667
 9.4 0.016667
 9.5 0.016667
 9.6 0.016667
 9.7 0.016667
 9.8 0.016667
 9.9 0.046333
 10.0 0.046333
 10.1 0.046333
 10.2 0.046333
 10.3 0.046333
 10.4 0.046333
 10.5 0.046333
 10.6 0.046333

ALA 23
 0.0 1.000000
 0.1 1.000000
 0.2 1.000000
 0.3 1.000000
 0.4 1.000000
 0.5 1.000000
 0.6 1.000000
 0.7 1.000000
 0.8 1.000000
 0.9 1.000000
 1.0 1.000000
 1.1 1.000000
 1.2 1.000000
 1.3 1.000000
 1.4 1.000000
 1.5 1.000000
 1.6 1.000000
 1.7 1.000000
 1.8 1.000000
 1.9 1.000000
 2.0 1.000000
 2.1 1.000000
 2.2 1.000000
 2.3 1.000000
 2.4 1.000000
 2.5 1.000000
 2.6 1.000000
 2.7 1.000000
 2.8 1.000000
 2.9 1.000000
 3.0 1.000000
 3.1 1.000000
 3.2 1.000000
 3.3 1.000000
 3.4 1.000000
 3.5 1.000000
 3.6 1.000000
 3.7 1.000000
 3.8 0.250000
 3.9 0.250000
 4.0 0.250000
 4.1 0.250000
 4.2 0.250000
 4.3 0.250000
 4.4 0.250000
 4.5 0.250000
 4.6 0.250000
 4.7 0.250000
 4.8 0.250000
 4.9 0.250000
 5.0 0.250000
 5.1 -0.833333
 5.2 -0.833333
 5.3 -0.833333
 5.4 0.000000
 5.5 0.000000
 5.6 0.000000
 5.7 0.000000
 5.8 0.000000
 5.9 0.000000
 6.0 0.000000
 6.1 0.000000
 6.2 0.000000
 6.3 0.050000
 6.4 0.050000
 6.5 0.050000
 6.6 0.050000
 6.7 0.050000
 6.8 0.050000
 6.9 0.050000
 7.0 0.050000
 7.1 0.050000
 7.2 0.050000
 7.3 0.050000
 7.4 0.050000
 7.5 0.050000
 7.6 0.050000
 7.7 0.050000
 7.8 0.050000
 7.9 0.050000
 8.0 0.050000
 8.1 0.050000
 8.2 0.050000
 8.3 0.050000
 8.4 0.050000
 8.5 0.050000
 8.6 0.050000
 8.7 0.055667
 8.8 0.055667
 8.9 0.055667
 9.0 0.055667
 9.1 0.055667
 9.2 0.055667
 9.3 0.055667
 9.4 0.055667
 9.5 0.055667
 9.6 0.055667
 9.7 0.055667
 9.8 0.055667
 9.9 0.072667
 10.0 0.072667
 10.1 0.072667
 10.2 0.072667
 10.3 0.072667
 10.4 0.072667
 10.5 0.072667
 10.6 0.072667

ALA 24
 0.0 1.000000
 0.1 1.000000
 0.2 1.000000
 0.3 1.000000
 0.4 1.000000
 0.5 1.000000
 0.6 1.000000
 0.7 1.000000
 0.8 1.000000
 0.9 1.000000
 1.0 1.000000
 1.1 1.000000
 1.2 1.000000
 1.3 1.000000
 1.4 1.000000
 1.5 1.000000
 1.6 1.000000
 1.7 1.000000
 1.8 1.000000
 1.9 1.000000
 2.0 1.000000
 2.1 1.000000
 2.2 1.000000
 2.3 1.000000
 2.4 1.000000
 2.5 1.000000
 2.6 1.000000
 2.7 1.000000
 2.8 1.000000
 2.9 1.000000
 3.0 1.000000
 3.1 1.000000
 3.2 1.000000
 3.3 1.000000
 3.4 1.000000
 3.5 1.000000
 3.6 1.000000
 3.7 1.000000
 3.8 0.500000
 3.9 0.500000
 4.0 0.500000
 4.1 0.500000
 4.2 0.500000
 4.3 0.500000
 4.4 0.500000
 4.5 0.500000
 4.6 0.500000
 4.7 0.500000
 4.8 0.500000
 4.9 0.500000
 5.0 0.500000
 5.1 -0.333333
 5.2 -0.333333
 5.3 -0.333333
 5.4 0.041500
 5.5 0.041500
 5.6 0.041500
 5.7 0.041500
 5.8 0.041500
 5.9 0.041500
 6.0 0.041500
 6.1 0.041500
 6.2 0.041500
 6.3 0.094333
 6.4 0.094333
 6.5 0.094333
 6.6 0.094333
 6.7 0.094333
 6.8 0.094333
 6.9 0.094333
 7.0 0.094333
 7.1 0.094333
 7.2 0.094333
 7.3 0.094333
 7.4 0.094333
 7.5 0.094333
 7.6 0.094333
 7.7 0.094333
 7.8 0.094333
 7.9 0.094333
 8.0 0.094333
 8.1 0.094333
 8.2 0.094333
 8.3 0.094333
 8.4 0.094333
 8.5 0.094333
 8.6 0.094333
 8.7 0.111000
 8.8 0.111000
 8.9 0.111000
 9.0 0.111000
 9.1 0.111000
 9.2 0.111000
 9.3 0.111000
 9.4 0.111000
 9.5 0.111000
 9.6 0.111000
 9.7 0.111000
 9.8 0.111000
 9.9 0.100000
 10.0 0.100000
 10.1 0.100000
 10.2 0.100000
 10.3 0.100000
 10.4 0.100000
 10.5 0.100000
 10.6 0.100000

ALA 25
 0.0 1.000000
 0.1 1.000000
 0.2 1.000000
 0.3 1.000000
 0.4 1.000000
 0.5 1.000000
 0.6 1.000000
 0.7 1.000000
 0.8 1.000000
 0.9 1.000000
 1.0 1.000000
 1.1 1.000000
 1.2 1.000000
 1.3 1.000000
 1.4 1.000000
 1.5 1.000000
 1.6 1.000000
 1.7 1.000000
 1.8 1.000000
 1.9 1.000000
 2.0 1.000000
 2.1 1.000000
 2.2 1.000000
 2.3 1.000000
 2.4 1.000000
 2.5 1.000000
 2.6 1.000000
 2.7 1.000000
 2.8 1.000000
 2.9 1.000000
 3.0 1.000000
 3.1 1.000000
 3.2 1.000000
 3.3 1.000000
 3.4 1.000000
 3.5 1.000000
 3.6 1.000000
 3.7 1.000000
 3.8 0.500000
 3.9 0.500000
 4.0 0.500000
 4.1 0.500000
 4.2 0.500000
 4.3 0.500000
 4.4 0.500000
 4.5 0.500000
 4.6 0.500000
 4.7 0.500000
 4.8 0.500000
 4.9 0.500000
 5.0 0.500000
 5.1 -0.500000
 5.2 -0.500000
 5.3 -0.500000
 5.4 0.167000
 5.5 0.167000
 5.6 0.167000
 5.7 0.167000
 5.8 0.167000
 5.9 0.167000
 6.0 0.167000
 6.1 0.167000
 6.2 0.167000
 6.3 0.155667
 6.4 0.155667
 6.5 0.155667
 6.6 0.155667
 6.7 0.155667
 6.8 0.155667
 6.9 0.155667
 7.0 0.155667
 7.1 0.155667
 7.2 0.155667
 7.3 0.155667
 7.4 0.155667
 7.5 0.155667
 7.6 0.155667
 7.7 0.155667
 7.8 0.155667
 7.9 0.155667
 8.0 0.155667
 8.1 0.155667
 8.2 0.155667
 8.3 0.155667
 8.4 0.155667
 8.5 0.155667
 8.6 0.155667
 8.7 0.138667
 8.8 0.138667
 8.9 0.138667
 9.0 0.138667
 9.1 0.138667
 9.2 0.138667
 9.3 0.138667
 9.4 0.138667
 9.5 0.138667
 9.6 0.138667
 9.7 0.138667
 9.8 0.138667
 9.9 0.127000
 10.0 0.127000
 10.1 0.127000
 10.2 0.127000
 10.3 0.127000
 10.4 0.127000
 10.5 0.127000
 10.6 0.127000

ALA 26
 0.0 1.000000
 0.1 1.000000
 0.2 1.000000
 0.3 1.000000
 0.4 1.000000
 0.5 1.000000
 0.6 1.000000
 0.7 1.000000
 0.8 1.000000
 0.9 1.000000
 1.0 1.000000
 1.1 1.000000
 1.2 1.000000
 1.3 1.000000
 1.4 1.000000
 1.5 1.000000
 1.6 1.000000
 1.7 1.000000
 1.8 1.000000
 1.9 1.000000
 2.0 1.000000
 2.1 1.000000
 2.2 1.000000
 2.3 1.000000
 2.4 1.000000
 2.5 1.000000
 2.6 1.000000
 2.7 1.000000
 2.8 1.000000
 2.9 1.000000
 3.0 1.000000
 3.1 1.000000
 3.2 1.000000
 3.3 1.000000
 3.4 1.000000
 3.5 1.000000
 3.6 1.000000
 3.7 1.000000
 3.8 0.750000
 3.9 0.750000
 4.0 0.750000
 4.1 0.750000
 4.2 0.750000
 4.3 0.750000
 4.4 0.750000
 4.5 0.750000
 4.6 0.750000
 4.7 0.750000
 4.8 0.750000
 4.9 0.750000
 5.0 0.750000
 5.1 0.000000
 5.2 0.000000
 5.3 0.000000
 5.4 0.250000
 5.5 0.250000
 5.6 0.250000
 5.7 0.250000
 5.8 0.250000
 5.9 0.250000
 6.0 0.250000
 6.1 0.250000
 6.2 0.250000
 6.3 0.216667
 6.4 0.216667
 6.5 0.216667
 6.6 0.216667
 6.7 0.216667
 6.8 0.216667
 6.9 0.216667
 7.0 0.216667
 7.1 0.216667
 7.2 0.216667
 7.3 0.216667
 7.4 0.216667
 7.5 0.216667
 7.6 0.216667
 7.7 0.216667
 7.8 0.216667
 7.9 0.216667
 8.0 0.216667
 8.1 0.216667
 8.2 0.216667
 8.3 0.216667
 8.4 0.216667
 8.5 0.216667
 8.6 0.216667
 8.7 0.178000
 8.8 0.178000
 8.9 0.178000
 9.0 0.178000
 9.1 0.178000
 9.2 0.178000
 9.3 0.178000
 9.4 0.178000
 9.5 0.178000
 9.6 0.178000
 9.7 0.178000
 9.8 0.178000
 9.9 0.143000
 10.0 0.143000
 10.1 0.143000
 10.2 0.143000
 10.3 0.143000
 10.4 0.143000
 10.5 0.143000
 10.6 0.143000

