ATOMS
N -18.076 -16.552 -10.791
CA -16.627 -16.552 -10.791
C -16.104 -15.123 -10.791
O -14.995 -14.866 -10.326
CB -16.078 -17.263 -12.023
HA -16.270 -17.062 -9.896
HB1 -14.988 -17.248 -11.997
HB2 -16.427 -16.754 -12.922
HB3 -16.427 -18.296 -12.032
H1 -18.413 -17.428 -10.417
H2 -18.412 -16.438 -11.736
H3 -18.413 -15.790 -10.220

N -16.906 -14.193 -11.314
CA -16.523 -12.796 -11.373
C -16.011 -12.337 -10.015
O -15.219 -11.400 -9.933
CB -17.708 -11.918 -11.761
H -17.806 -14.471 -11.679
HA -15.732 -12.674 -12.112
HB1 -17.392 -10.875 -11.798
HB2 -18.501 -12.031 -11.022
HB3 -18.079 -12.220 -12.741

N -16.465 -13.000 -8.949
CA -16.053 -12.659 -7.602
C -14.538 -12.540 -7.533
O -14.008 -11.829 -6.683
CB -16.497 -13.725 -6.606
H -17.114 -13.761 -9.085
HA -16.499 -11.704 -7.324
HB1 -16.175 -13.443 -5.604
HB2 -17.583 -13.812 -6.627
HB3 -16.051 -14.682 -6.876

N -13.842 -13.241 -8.432
CA -12.393 -13.212 -8.470
C -11.898 -11.773 -8.435
O -10.782 -11.511 -7.991
CB -11.865 -13.871 -9.740
H -14.339 -13.807 -9.104
HA -12.003 -13.745 -7.603
HB1 -10.776 -13.835 -9.743
HB2 -12.194 -14.909 -9.774
HB3 -12.248 -13.340 -10.611

N -12.731 -10.842 -8.905
CA -12.376 -9.438 -8.926
C -11.837 -9.014 -7.567
O -11.061 -8.065 -7.475
CB -13.588 -8.570 -9.252
H -13.635 -11.125 -9.256
HA -11.607 -9.276 -9.681
HB1 -13.292 -7.521 -9.261
HB2 -13.979 -8.845 -10.231
HB3 -14.359 -8.724 -8.497

N -12.250 -9.721 -6.513
CA -11.808 -9.418 -5.167
C -10.293 -9.272 -5.134
O -9.754 -8.579 -4.274
CB -12.204 -10.525 -4.196
H -12.889 -10.489 -6.658
HA -12.263 -8.482 -4.845
HB1 -11.859 -10.270 -3.194
HB2 -11.747 -11.464 -4.510
HB3 -13.289 -10.633 -4.191

N -9.609 -9.927 -6.074
CA -8.163 -9.869 -6.149
C -7.694 -8.423 -6.078
O -6.572 -8.153 -5.655
CB -7.656 -10.474 -7.454
H -10.114 -10.479 -6.753
HA -7.740 -10.423 -5.311
HB1 -6.568 -10.417 -7.483
HB2 -8.071 -9.920 -8.296
HB3 -7.967 -11.517 -7.516

N -8.557 -7.493 -6.494
CA -8.230 -6.082 -6.476
C -7.661 -5.693 -5.118
O -6.902 -4.733 -5.014
CB -9.465 -5.228 -6.740
H -9.464 -7.782 -6.831
HA -7.485 -5.879 -7.246
HB1 -9.189 -4.174 -6.721
HB2 -9.877 -5.478 -7.718
HB3 -10.212 -5.422 -5.971

N -8.032 -6.444 -4.078
CA -7.560 -6.177 -2.735
C -6.048 -6.002 -2.736
O -5.499 -5.328 -1.868
CB -7.909 -7.324 -1.792
H -8.660 -7.220 -4.232
HA -8.025 -5.261 -2.369
HB1 -7.543 -7.096 -0.791
HB2 -8.991 -7.453 -1.762
HB3 -7.443 -8.243 -2.149

N -5.377 -6.612 -3.716
CA -3.935 -6.522 -3.827
C -3.492 -5.070 -3.719
O -2.364 -4.793 -3.317
CB -3.453 -7.073 -5.165
H -5.889 -7.151 -4.399
HA -3.479 -7.095 -3.020
HB1 -2.367 -6.993 -5.222
HB2 -3.745 -8.119 -5.253
HB3 -3.902 -6.501 -5.977

N -4.383 -4.145 -4.080
CA -4.082 -2.728 -4.023
C -3.485 -2.375 -2.668
O -2.741 -1.403 -2.551
CB -5.341 -1.891 -4.225
H -5.293 -4.440 -4.402
HA -3.362 -2.484 -4.804
HB1 -5.086 -0.832 -4.177
HB2 -5.774 -2.117 -5.199
HB3 -6.063 -2.126 -3.443

N -3.813 -3.167 -1.645
CA -3.310 -2.936 -0.306
C -1.803 -2.731 -0.342
O -1.243 -2.076 0.535
CB -3.612 -4.121 0.605
H -4.430 -3.950 -1.809
HA -3.782 -2.043 0.103
HB1 -3.223 -3.921 1.603
HB2 -3.138 -5.017 0.204
HB3 -4.690 -4.273 0.658

N -1.147 -3.295 -1.359
CA 0.290 -3.173 -1.505
C 0.709 -1.717 -1.359
O 1.841 -1.431 -0.978
CB 0.746 -3.668 -2.873
H -1.667 -3.822 -2.046
HA 0.779 -3.764 -0.731
HB1 1.828 -3.565 -2.955
HB2 0.265 -3.077 -3.652
HB3 0.471 -4.716 -2.990

N -0.210 -0.797 -1.665
CA 0.066 0.622 -1.567
C 0.693 0.942 -0.218
O 1.421 1.923 -0.087
CB -1.213 1.441 -1.708
H -1.123 -1.099 -1.973
HA 0.760 0.906 -2.359
HB1 -0.976 2.502 -1.631
HB2 -1.910 1.166 -0.916
HB3 -1.668 1.240 -2.678

N 0.407 0.109 0.786
CA 0.942 0.305 2.119
C 2.444 0.540 2.050
O 3.014 1.177 2.934
CB 0.687 -0.916 2.997
H -0.199 -0.680 0.612
HA 0.465 1.175 2.570
HB1 1.099 -0.742 3.991
HB2 1.166 -1.789 2.553
HB3 -0.386 -1.091 3.074

N 3.082 0.024 0.998
CA 4.512 0.180 0.818
C 4.907 1.638 1.002
O 6.044 1.933 1.363
CB 4.941 -0.260 -0.578
H 2.554 -0.490 0.307
HA 5.033 -0.427 1.559
HB1 6.018 -0.132 -0.685
HB2 4.684 -1.309 -0.723
HB3 4.427 0.346 -1.324

N 3.963 2.549 0.753
CA 4.215 3.969 0.891
C 4.872 4.256 2.234
O 5.585 5.246 2.379
CB 2.923 4.777 0.823
H 3.047 2.239 0.460
HA 4.881 4.293 0.091
HB1 2.428 4.592 -0.130
HB2 2.264 4.478 1.638
HB3 3.153 5.839 0.913

N 4.629 3.384 3.216
CA 5.196 3.545 4.540
C 6.691 3.813 4.440
O 7.273 4.431 5.329
CB 4.988 2.291 5.382
H 4.033 2.590 3.031
HA 4.715 4.389 5.033
HB1 5.423 2.440 6.370
HB2 5.471 1.443 4.896
HB3 3.921 2.093 5.481

N 7.310 3.346 3.354
CA 8.731 3.535 3.142
C 9.103 4.994 3.366
O 10.244 5.299 3.706
CB 9.130 3.151 1.721
H 6.773 2.846 2.660
HA 9.283 2.914 3.848
HB1 10.201 3.303 1.590
HB2 8.586 3.773 1.010
HB3 8.888 2.103 1.546

N 8.136 5.894 3.172
CA 8.365 7.313 3.353
C 9.052 7.567 4.687
O 9.750 8.566 4.847
CB 7.051 8.087 3.335
H 7.219 5.577 2.891
HA 9.004 7.676 2.548
HB1 7.253 9.149 3.473
HB2 6.409 7.732 4.141
HB3 6.552 7.933 2.378

N 8.852 6.659 5.644
CA 9.451 6.787 6.958
C 10.938 7.087 6.828
O 11.532 7.686 7.721
CB 9.291 5.501 7.762
H 8.267 5.860 5.447
HA 8.967 7.605 7.493
HB1 9.749 5.626 8.743
HB2 9.778 4.680 7.235
HB3 8.231 5.277 7.882

N 11.537 6.669 5.710
CA 12.947 6.893 5.467
C 13.298 8.351 5.731
O 14.441 8.667 6.052
CB 13.315 6.565 4.024
H 10.991 6.182 5.014
HA 13.529 6.259 6.136
HB1 14.379 6.743 3.871
HB2 13.088 5.518 3.820
HB3 12.740 7.199 3.349

N 12.309 9.237 5.594
CA 12.515 10.654 5.816
C 13.234 10.877 7.140
O 13.917 11.883 7.315
CB 11.187 11.402 5.860
H 11.391 8.910 5.328
HA 13.124 11.057 5.007
HB1 11.372 12.463 6.028
HB2 10.664 11.270 4.913
HB3 10.574 11.008 6.671

N 13.077 9.933 8.071
CA 13.709 10.028 9.371
C 15.185 10.362 9.213
O 15.792 10.942 10.110
CB 13.594 8.713 10.135
H 12.501 9.130 7.863
HA 13.225 10.817 9.946
HB1 14.077 8.813 11.107
HB2 12.542 8.466 10.276
HB3 14.081 7.920 9.568

N 15.762 9.994 8.066
CA 17.161 10.254 7.794
C 17.491 11.708 8.097
O 18.636 12.037 8.399
CB 17.496 9.982 6.331
H 15.207 9.521 7.368
HA 17.773 9.610 8.426
HB1 18.552 10.186 6.156
HB2 16.891 10.627 5.694
HB3 17.283 8.939 6.097

N 16.482 12.580 8.017
CA 16.668 13.992 8.283
C 17.417 14.184 9.593
O 18.066 15.220 9.718
OXT 17.318 13.288 10.429
CB 15.327 14.711 8.387
H 15.563 12.245 7.764
HA 17.248 14.434 7.473
HB1 14.774 14.585 7.456
HB2 15.497 15.772 8.568
HB3 14.752 14.290 9.211

EDGES
1 13 2.684643
1 14 4.105858
1 15 4.757376
1 17 4.748714
1 18 2.278597
1 19 4.719985
1 21 4.546804
1 22 4.750656
1 23 4.313350
1 24 5.423809
1 27 5.291445
1 28 3.409628
1 31 5.008946
1 32 4.787980
1 38 4.934183
2 13 2.432334
2 14 3.802246
2 15 4.329880
2 16 5.409411
2 17 4.856276
2 18 2.551303
2 19 4.193441
2 21 4.899457
2 22 4.967598
2 23 4.004486
2 24 5.065042
2 25 5.574462
2 27 5.052035
2 28 3.307157
2 31 5.075474
2 32 4.376745
2 33 4.927862
2 37 5.564980
2 38 3.951701
2 41 4.835827
2 42 5.433690
3 13 1.334778
3 14 2.434998
3 15 2.893548
3 16 3.921749
3 17 3.712915
3 18 2.027425
3 19 2.807317
3 20 4.551758
3 21 3.919111
3 22 4.016284
3 23 2.833799
3 24 4.030337
3 25 4.442838
3 26 5.667391
3 27 4.429794
3 28 2.405323
3 29 4.885251
3 30 5.452743
3 31 4.609236
3 32 3.940116
3 33 3.771399
3 34 4.776032
3 37 4.543262
3 38 2.773635
3 39 5.374051
3 40 5.580756
3 41 4.045761
3 42 4.252085
3 43 5.767242
3 48 4.943297
4 13 2.254106
4 14 2.777750
4 15 2.743140
4 16 3.495394
4 17 4.255620
4 18 3.144575
4 19 2.921956
4 20 4.882671
4 21 4.562201
4 22 4.727007
4 23 2.745721
4 24 3.662020
4 25 3.663328
4 26 4.844480
4 27 4.170885
4 28 2.692818
4 29 4.612186
4 30 5.070958
4 31 4.635867
4 32 3.612685
4 33 2.749049
4 34 3.598730
4 35 4.768012
4 37 3.336214
4 38 1.745022
4 39 4.198027
4 40 4.382101
4 41 2.855198
4 42 3.155299
4 43 4.830892
4 48 4.121842
5 13 3.257785
5 14 4.535925
5 15 5.319965
5 17 5.594155
5 18 3.301452
5 19 4.602886
5 22 5.472785
5 23 5.269954
5 28 4.687125
5 32 5.757942
5 38 4.846506
5 41 5.068015
5 42 5.661499
6 13 3.262879
6 14 4.521537
6 15 4.733589
6 16 5.758838
6 17 5.657456
6 18 3.500238
6 19 4.945164
6 21 5.617490
6 23 4.175485
6 24 4.969500
6 25 5.388142
6 27 4.691609
6 28 3.502379
6 30 5.614931
6 31 4.792998
6 32 3.851332
6 33 4.757995
6 34 5.646867
6 37 5.441585
6 38 3.866659
6 41 4.611298
6 42 5.526391
7 13 3.671272
7 14 4.750358
7 15 5.393772
7 18 3.969128
7 19 4.635541
7 23 5.432986
7 28 5.015854
7 33 5.484395
7 37 5.123603
7 38 4.542150
7 41 4.268382
7 42 4.970016
8 13 3.061670
8 14 4.251398
8 15 5.304111
8 17 5.135735
8 18 2.942580
8 19 4.217289
8 21 5.497109
8 22 4.828977
8 23 5.466140
8 28 4.914528
8 38 5.255633
8 41 5.588579
9 13 4.192800
9 14 5.540171
9 18 4.081283
9 19 5.665360
9 28 5.451881
9 38 5.751874
10 13 3.679794
10 14 5.093276
10 15 5.643535
10 17 5.715196
10 18 3.271841
10 19 5.715007
10 21 5.431517
10 22 5.712775
10 23 5.055384
10 27 5.648627
10 28 4.111996
10 31 5.303627
10 32 5.065396
10 38 5.606522
11 13 2.736082
11 14 4.118769
11 15 5.054191
11 17 4.574565
11 18 2.059023
11 19 4.635890
11 20 5.656078
11 21 4.465352
11 22 4.348843
11 23 4.835082
11 28 3.984838
11 32 5.681325
11 38 5.517147
12 13 2.453221
12 14 3.723647
12 15 4.211275
12 16 5.436553
12 17 4.226593
12 18 2.058371
12 19 4.525139
12 20 5.262105
12 21 3.844610
12 22 4.383138
12 23 3.632388
12 24 4.714519
12 25 5.726962
12 27 4.582169
12 28 2.663169
12 29 5.361493
12 30 5.641322
12 31 4.184619
12 32 4.241349
12 33 5.530677
12 38 4.666393
13 23 2.685322
13 24 4.106058
13 25 4.757709
13 27 4.748849
13 28 2.279984
13 29 4.720262
13 31 4.750943
13 32 4.545986
13 33 4.312809
13 34 5.423824
13 37 5.290826
13 38 3.409191
13 41 5.008712
13 42 4.787356
13 48 4.934311
14 23 2.433260
14 24 3.802645
14 25 4.330284
14 26 5.408920
14 27 4.856749
14 28 2.552538
14 29 4.193738
14 31 4.967934
14 32 4.899264
14 33 4.004406
14 34 5.065310
14 35 5.573957
14 37 5.051661
14 38 3.307618
14 41 5.075609
14 42 4.376323
14 43 4.928327
14 47 5.565244
14 48 3.951515
14 51 4.835959
14 52 5.434653
15 23 1.334931
15 24 2.434752
15 25 2.893313
15 26 3.920752
15 27 3.712684
15 28 2.027137
15 29 2.807190
15 30 4.550500
15 31 4.015639
15 32 3.918411
15 33 2.833314
15 34 4.030208
15 35 4.441989
15 36 5.667565
15 37 4.429232
15 38 2.405495
15 39 4.885107
15 40 5.451900
15 41 4.608986
15 42 3.939720
15 43 3.771674
15 44 4.775285
15 47 4.543499
15 48 2.773157
15 49 5.373685
15 50 5.581696
15 51 4.045954
15 52 4.252905
15 53 5.766505
15 58 4.942817
16 23 2.254057
16 24 2.777445
16 25 2.742875
16 26 3.494719
16 27 4.255331
16 28 3.143955
16 29 2.921934
16 30 4.881396
16 31 4.726085
16 32 4.561688
16 33 2.745617
16 34 3.661965
16 35 3.662264
16 36 4.844652
16 37 4.170420
16 38 2.693565
16 39 4.612004
16 40 5.070066
16 41 4.635622
16 42 3.612496
16 43 2.749235
16 44 3.598075
16 45 4.767481
16 47 3.336588
16 48 1.744423
16 49 4.197788
16 50 4.383099
16 51 2.855596
16 52 3.156370
16 53 4.830155
16 58 4.121219
17 23 3.259312
17 24 4.537112
17 25 5.320880
17 27 5.595158
17 28 3.303099
17 29 4.603743
17 31 5.473648
17 33 5.270534
17 38 4.688084
17 42 5.758141
17 48 4.846979
17 51 5.068498
17 52 5.663138
18 23 3.378612
18 24 4.793567
18 25 5.621201
18 27 5.292006
18 28 2.777013
18 29 5.322646
18 31 5.099678
18 32 5.117944
18 33 5.269649
18 38 4.369395
18 42 5.771581
19 23 3.263148
19 24 4.521434
19 25 4.734008
19 26 5.758493
19 27 5.657372
19 28 3.500603
19 29 4.945112
19 32 5.616896
19 33 4.175642
19 34 4.970164
19 35 5.388106
19 37 4.691789
19 38 3.503170
19 40 5.614447
19 41 4.793633
19 42 3.851599
19 43 4.758894
19 44 5.646683
19 47 5.442348
19 48 3.866982
19 51 4.612202
19 52 5.527735
20 23 3.673112
20 24 4.752051
20 25 5.395161
20 28 3.970724
20 29 4.636957
20 33 5.434189
20 38 5.017476
20 43 5.485933
20 47 5.124993
20 48 4.543051
20 51 4.269070
20 52 4.972172
21 23 3.062937
21 24 4.252468
21 25 5.304486
21 27 5.136799
21 28 2.944255
21 29 4.217836
21 31 4.830187
21 32 5.497237
21 33 5.466121
21 38 4.914788
21 48 5.255240
21 51 5.587912
22 23 4.194360
22 24 5.541364
22 28 4.083166
22 29 5.666264
22 38 5.452883
22 48 5.752685
23 33 2.684306
23 34 4.105553
23 35 4.756807
23 37 4.748086
23 38 2.279287
23 39 4.719765
23 41 4.750405
23 42 4.545430
23 43 4.312964
23 44 5.422941
23 47 5.290920
23 48 3.408632
23 51 5.008767
23 52 4.787872
23 58 4.933718
24 33 2.432313
24 34 3.801951
24 35 4.329308
24 36 5.408573
24 37 4.855855
24 38 2.551804
24 39 4.193077
24 41 4.967088
24 42 4.898558
24 43 4.004370
24 44 5.064400
24 45 5.573321
24 47 5.051598
24 48 3.306901
24 51 5.075403
24 52 4.376630
24 53 4.927532
24 57 5.565033
24 58 3.951067
24 61 5.434163
24 62 4.835214
25 33 1.335671
25 34 2.435278
25 35 2.893353
25 36 3.921242
25 37 3.713131
25 38 2.028036
25 39 2.807695
25 40 4.551238
25 41 4.016040
25 42 3.918952
25 43 2.833873
25 44 4.029528
25 45 4.441760
25 46 5.667320
25 47 4.429262
25 48 2.405486
25 49 4.884502
25 50 5.452418
25 51 4.609198
25 52 3.939948
25 53 3.771221
25 54 4.774698
25 57 4.543495
25 58 2.773342
25 59 5.372926
25 60 5.581833
25 61 4.252762
25 62 4.045444
25 63 5.766411
25 68 4.942459
26 33 2.253952
26 34 2.777460
26 35 2.743126
26 36 3.495578
26 37 4.255286
26 38 3.143769
26 39 2.921897
26 40 4.881952
26 41 4.725598
26 42 4.561787
26 43 2.746303
26 44 3.662152
26 45 3.663185
26 46 4.845593
26 47 4.171000
26 48 2.693524
26 49 4.612008
26 50 5.071253
26 51 4.636098
26 52 3.613146
26 53 2.750114
26 54 3.598774
26 55 4.768530
26 57 3.337664
26 58 1.745963
26 59 4.198295
26 60 4.384268
26 61 3.157099
26 62 2.856123
26 63 4.831116
26 68 4.121970
27 33 3.258459
27 34 4.536572
27 35 5.320371
27 37 5.594524
27 38 3.302074
27 39 4.603308
27 41 5.473015
27 43 5.270659
27 48 4.687595
27 52 5.758205
27 58 4.846861
27 61 5.662847
27 62 5.067934
28 33 3.376802
28 34 4.792439
28 35 5.619724
28 37 5.290853
28 38 2.775446
28 39 5.321551
28 41 5.098924
28 42 5.117018
28 43 5.269122
28 48 4.368201
28 52 5.771234
29 33 3.263385
29 34 4.521793
29 35 4.733739
29 36 5.759013
29 37 5.657464
29 38 3.500944
29 39 4.945456
29 42 5.617105
29 43 4.176174
29 44 4.969939
29 45 5.387893
29 47 4.691808
29 48 3.502908
29 50 5.615542
29 51 4.793217
29 52 3.851744
29 53 4.758572
29 54 5.646585
29 57 5.442559
29 58 3.866766
29 61 5.527902
29 62 4.611597
30 33 3.671686
30 34 4.750878
30 35 5.394088
30 38 3.969054
30 39 4.636032
30 43 5.433501
30 48 5.016157
30 53 5.484997
30 57 5.125039
30 58 4.542557
30 61 4.971968
30 62 4.268684
31 33 4.192749
31 34 5.540104
31 38 4.081555
31 39 5.665109
31 48 5.451451
31 58 5.751254
32 33 3.062237
32 34 4.252376
32 35 5.304731
32 37 5.136420
32 38 2.942882
32 39 4.218151
32 41 4.829739
32 42 5.496726
32 43 5.466703
32 48 4.914642
32 58 5.256141
32 62 5.588584
33 43 2.685750
33 44 4.105606
33 45 4.757707
33 47 4.749227
33 48 2.280193
33 49 4.719794
33 51 4.751840
33 52 4.546955
33 53 4.313632
33 54 5.423349
33 57 5.291824
33 58 3.410101
33 61 4.788407
33 62 5.009347
33 68 4.934133
34 43 2.433181
34 44 3.801487
34 45 4.329867
34 46 5.408868
34 47 4.856718
34 48 2.552632
34 49 4.192423
34 51 4.968622
34 52 4.899799
34 53 4.004670
34 54 5.064234
34 55 5.573374
34 57 5.052006
34 58 3.308185
34 61 4.376576
34 62 5.075815
34 63 4.927748
34 67 5.564896
34 68 3.951104
34 71 5.435736
34 72 4.834523
35 43 1.334747
35 44 2.433473
35 45 2.892961
35 46 3.920642
35 47 3.712519
35 48 2.027588
35 49 2.805745
35 50 4.550276
35 51 4.016138
35 52 3.918771
35 53 2.833495
35 54 4.029138
35 55 4.441579
35 56 5.666771
35 57 4.429476
35 58 2.405923
35 59 4.883852
35 60 5.452395
35 61 3.940039
35 62 4.609340
35 63 3.771148
35 64 4.775064
35 67 4.543603
35 68 2.772403
35 69 5.373159
35 70 5.581571
35 71 4.254275
35 72 4.045103
35 73 5.766122
35 78 4.942191
36 43 2.254231
36 44 2.777119
36 45 2.743685
36 46 3.495570
36 47 4.255965
36 48 3.144651
36 49 2.920950
36 50 4.881916
36 51 4.727152
36 52 4.562711
36 53 2.746563
36 54 3.661735
36 55 3.662607
36 56 4.844533
36 57 4.170888
36 58 2.694591
36 59 4.611455
36 60 5.070623
36 61 3.612588
36 62 4.636371
36 63 2.749523
36 64 3.598373
36 65 4.767710
36 67 3.337007
36 68 1.744675
36 69 4.197607
36 70 4.383229
36 71 3.158137
36 72 2.854801
36 73 4.830731
36 78 4.121670
37 43 3.259144
37 44 4.535990
37 45 5.321011
37 47 5.595308
37 48 3.302676
37 49 4.602616
37 51 5.474555
37 53 5.271077
37 58 4.688840
37 61 5.758513
37 68 4.847044
37 71 5.664801
37 72 5.067731
38 43 3.378830
38 44 4.793038
38 45 5.620963
38 47 5.292643
38 48 2.777021
38 49 5.322285
38 51 5.101095
38 52 5.119154
38 53 5.269971
38 58 4.369730
38 61 5.771737
39 43 3.263832
39 44 4.521029
39 45 4.734048
39 46 5.759006
39 47 5.657919
39 48 3.501462
39 49 4.944377
39 52 5.617866
39 53 4.176324
39 54 4.969411
39 55 5.387744
39 57 4.692169
39 58 3.504220
39 60 5.615660
39 61 3.851642
39 62 4.793755
39 63 4.758802
39 64 5.646511
39 67 5.442247
39 68 3.867503
39 71 5.529150
39 72 4.610949
40 43 3.671828
40 44 4.749852
40 45 5.394695
40 48 3.969276
40 49 4.634532
40 53 5.434204
40 58 5.017740
40 63 5.485974
40 67 5.125450
40 68 4.543246
40 71 4.973737
40 72 4.268856
41 43 4.193330
41 44 5.539320
41 48 4.082090
41 49 5.664266
41 58 5.452420
41 68 5.751325
42 43 3.063287
42 44 4.252201
42 45 5.305576
42 47 5.137644
42 48 2.943810
42 49 4.218042
42 51 4.831748
42 52 5.498434
42 53 5.467245
42 58 4.915820
42 68 5.255801
42 72 5.588320
43 53 2.685082
43 54 4.105161
43 55 4.757014
43 57 4.748989
43 58 2.280040
43 59 4.719346
43 61 4.546555
43 62 4.751509
43 63 4.312618
43 64 5.422996
43 67 5.291167
43 68 3.407574
43 71 4.789213
43 72 5.008058
43 78 4.933393
44 53 2.432804
44 54 3.801724
44 55 4.329632
44 56 5.408685
44 57 4.856342
44 58 2.551783
44 59 4.193002
44 61 4.899120
44 62 4.968080
44 63 4.003663
44 64 5.064273
44 65 5.573370
44 67 5.051582
44 68 3.304883
44 71 4.377471
44 72 5.074409
44 73 4.927719
44 77 5.565664
44 78 3.951089
44 81 4.835893
44 82 5.435364
45 53 1.334666
45 54 2.433939
45 55 2.893093
45 56 3.920710
45 57 3.712338
45 58 2.026971
45 59 2.806026
45 60 4.549852
45 61 3.918654
45 62 4.015824
45 63 2.833126
45 64 4.029891
45 65 4.441942
45 66 5.667212
45 67 4.430026
45 68 2.403653
45 69 4.884693
45 70 5.453240
45 71 3.941451
45 72 4.609177
45 73 3.771362
45 74 4.774657
45 77 4.543579
45 78 2.773202
45 79 5.373190
45 80 5.581507
45 81 4.045701
45 82 4.253270
45 83 5.766806
45 88 4.943075
46 53 2.254218
46 54 2.777676
46 55 2.743529
46 56 3.495547
46 57 4.255572
46 58 3.144018
46 59 2.921574
46 60 4.881167
46 61 4.562348
46 62 4.726866
46 63 2.745569
46 64 3.662116
46 65 3.662849
46 66 4.844715
46 67 4.171061
46 68 2.691745
46 69 4.612169
46 70 5.071392
46 71 3.613193
46 72 4.635819
46 73 2.749466
46 74 3.597895
46 75 4.768840
46 77 3.337066
46 78 1.745060
46 79 4.197477
46 80 4.383239
46 81 2.855429
46 82 3.157256
46 83 4.831365
46 88 4.122605
47 53 3.258399
47 54 4.535937
47 55 5.320503
47 57 5.594695
47 58 3.301515
47 59 4.602719
47 62 5.473490
47 63 5.270064
47 68 4.685932
47 71 5.759664
47 78 4.846603
47 81 5.068051
47 82 5.663236
48 53 3.378386
48 54 4.792880
48 55 5.620806
48 57 5.292576
48 58 2.776800
48 59 5.322101
48 61 5.118982
48 62 5.100589
48 63 5.269630
48 68 4.368039
48 71 5.773363
49 53 3.263081
49 54 4.520704
49 55 4.733056
49 56 5.758044
49 57 5.656999
49 58 3.500489
49 59 4.944458
49 61 5.616599
49 63 4.174476
49 64 4.968683
49 65 5.387094
49 67 4.690963
49 68 3.499920
49 70 5.614678
49 71 3.851786
49 72 4.791545
49 73 4.757999
49 74 5.646042
49 77 5.442789
49 78 3.866133
49 81 4.612057
49 82 5.528421
50 53 3.671140
50 54 4.749916
50 55 5.393712
50 58 3.968254
50 59 4.635021
50 63 5.432338
50 68 5.013932
50 73 5.484277
50 77 5.124375
50 78 4.541652
50 81 4.268129
50 82 4.971549
51 53 4.192892
51 54 5.539464
51 58 4.081319
51 59 5.664399
51 68 5.450199
51 78 5.751104
52 53 3.062376
52 54 4.251839
52 55 5.304944
52 57 5.136753
52 58 2.942456
52 59 4.217687
52 61 5.497846
52 62 4.830198
52 63 5.466319
52 68 4.913409
52 78 5.255849
52 81 5.588531
53 63 2.685151
53 64 4.105846
53 65 4.757222
53 67 4.749455
53 68 2.279180
53 69 4.719927
53 71 4.547827
53 72 4.751391
53 73 4.313072
53 74 5.422554
53 77 5.291012
53 78 3.409199
53 81 5.008613
53 82 4.788383
53 88 4.934173
54 63 2.432556
54 64 3.801809
54 65 4.329543
54 66 5.408703
54 67 4.856399
54 68 2.551618
54 69 4.192778
54 71 4.899777
54 72 4.967583
54 73 4.004442
54 74 5.064036
54 75 5.574552
54 77 5.051740
54 78 3.307526
54 81 5.075427
54 82 4.377402
54 83 4.928364
54 87 5.565758
54 88 3.951624
54 91 4.836397
54 92 5.435271
55 63 1.334347
55 64 2.433831
55 65 2.892531
55 66 3.920388
55 67 3.712273
55 68 2.027326
55 69 2.806054
55 70 4.550214
55 71 3.918601
55 72 4.015498
55 73 2.833397
55 74 4.029024
55 75 4.442625
55 76 5.667081
55 77 4.429306
55 78 2.405650
55 79 4.884451
55 80 5.452246
55 81 4.609181
55 82 3.940765
55 83 3.771583
55 84 4.775303
55 87 4.543911
55 88 2.773265
55 89 5.373748
55 90 5.582036
55 91 4.046523
55 92 4.253418
55 93 5.766574
55 98 4.943084
56 63 2.253470
56 64 2.776870
56 65 2.742691
56 66 3.494819
56 67 4.255000
56 68 3.144049
56 69 2.920942
56 70 4.881242
56 71 4.561497
56 72 4.726074
56 73 2.746016
56 74 3.661474
56 75 3.663602
56 76 4.844917
56 77 4.170597
56 78 2.693986
56 79 4.612065
56 80 5.070607
56 81 4.635997
56 82 3.613339
56 83 2.749895
56 84 3.598856
56 85 4.768732
56 87 3.337570
56 88 1.745131
56 89 4.198522
56 90 4.383959
56 91 2.856604
56 92 3.157411
56 93 4.831002
56 98 4.122261
57 63 3.258606
57 64 4.535882
57 65 5.319815
57 67 5.594772
57 68 3.302797
57 69 4.602274
57 72 5.473448
57 73 5.270146
57 78 4.687737
57 82 5.758411
57 88 4.846056
57 91 5.068028
57 92 5.662584
58 63 3.378654
58 64 4.793595
58 65 5.620746
58 67 5.293215
58 68 2.776644
58 69 5.322684
58 71 5.120540
58 72 5.100885
58 73 5.269643
58 78 4.369028
58 82 5.771723
59 63 3.262236
59 64 4.520419
59 65 4.732814
59 66 5.757762
59 67 5.656801
59 68 3.499525
59 69 4.943902
59 71 5.616948
59 73 4.175136
59 74 4.968425
59 75 5.388084
59 77 4.691305
59 78 3.502656
59 80 5.614955
59 81 4.792822
59 82 3.852022
59 83 4.758476
59 84 5.646533
59 87 5.442342
59 88 3.866526
59 91 4.611910
59 92 5.527923
60 63 3.670770
60 64 4.749025
60 65 5.392225
60 68 3.969280
60 69 4.633709
60 73 5.431844
60 78 5.015370
60 83 5.483216
60 87 5.123185
60 88 4.540214
60 91 4.267498
60 92 4.970092
61 63 3.062598
61 64 4.251518
61 65 5.304066
61 67 5.136489
61 68 2.944140
61 69 4.216792
61 71 5.498246
61 72 4.829829
61 73 5.466370
61 78 4.914901
61 88 5.255320
61 91 5.588843
62 63 4.193629
62 64 5.540157
62 68 4.082669
62 69 5.664795
62 78 5.452378
62 88 5.751338
63 73 2.684671
63 74 4.104543
63 75 4.757667
63 77 4.748146
63 78 2.279276
63 79 4.719244
63 81 4.750596
63 82 4.546344
63 83 4.313031
63 84 5.423082
63 87 5.291610
63 88 3.409020
63 91 5.009585
63 92 4.788845
63 98 4.934592
64 73 2.433030
64 74 3.801682
64 75 4.330582
64 76 5.408959
64 77 4.856271
64 78 2.552116
64 79 4.193232
64 81 4.967941
64 82 4.899581
64 83 4.004601
64 84 5.064570
64 85 5.574539
64 87 5.052226
64 88 3.307431
64 91 5.076259
64 92 4.377474
64 93 4.928421
64 97 5.565067
64 98 3.952354
64 101 4.835705
64 102 5.434071
65 73 1.335187
65 74 2.434334
65 75 2.894061
65 76 3.921155
65 77 3.712507
65 78 2.027508
65 79 2.807105
65 80 4.549997
65 81 4.015982
65 82 3.918900
65 83 2.833846
65 84 4.029655
65 85 4.442918
65 86 5.667552
65 87 4.429878
65 88 2.405843
65 89 4.885129
65 90 5.453082
65 91 4.609877
65 92 3.941122
65 93 3.771903
65 94 4.776074
65 97 4.543363
65 98 2.773995
65 99 5.374121
65 100 5.581627
65 101 4.045694
65 102 4.252476
65 103 5.766802
65 108 4.943487
66 73 2.253829
66 74 2.777057
66 75 2.743336
66 76 3.495165
66 77 4.254680
66 78 3.143928
66 79 2.921631
66 80 4.880316
66 81 4.725952
66 82 4.561559
66 83 2.745762
66 84 3.661573
66 85 3.663596
66 86 4.844928
66 87 4.171041
66 88 2.693541
66 89 4.612230
66 90 5.071350
66 91 4.636487
66 92 3.613693
66 93 2.749987
66 94 3.599377
66 95 4.768583
66 97 3.336864
66 98 1.745861
66 99 4.198719
66 100 4.383505
66 101 2.855642
66 102 3.156214
66 103 4.830777
66 108 4.122162
67 73 3.258798
67 74 4.536036
67 75 5.321173
67 77 5.594890
67 78 3.302099
67 79 4.602883
67 81 5.473806
67 83 5.270641
67 88 4.688050
67 92 5.758972
67 98 4.847437
67 101 5.068170
67 102 5.662047
68 73 3.377503
68 74 4.791638
68 75 5.621052
68 77 5.290971
68 78 2.775319
68 79 5.321155
68 81 5.098764
68 82 5.118044
68 83 5.269874
68 88 4.369283
68 92 5.773279
69 73 3.263721
69 74 4.521239
69 75 4.734595
69 76 5.759041
69 77 5.657357
69 78 3.501065
69 79 4.945421
69 82 5.617507
69 83 4.175882
69 84 4.969577
69 85 5.388760
69 87 4.692092
69 88 3.502835
69 90 5.615883
69 91 4.793882
69 92 3.852123
69 93 4.759361
69 94 5.647839
69 97 5.442627
69 98 3.868324
69 101 4.612137
69 102 5.527738
70 73 3.672059
70 74 4.750633
70 75 5.394817
70 78 3.969275
70 79 4.635785
70 83 5.433420
70 88 5.016600
70 93 5.485143
70 97 5.124323
70 98 4.543000
70 101 4.268844
70 102 4.970981
71 73 3.061655
71 74 4.250638
71 75 5.304273
71 77 5.136072
71 78 2.942400
71 79 4.216109
71 81 4.829812
71 82 5.497409
71 83 5.465860
71 88 4.914572
71 98 5.255007
71 101 5.587283
72 73 4.193466
72 74 5.539855
72 78 4.081723
72 79 5.665004
72 88 5.452441
72 98 5.752889
73 83 2.685718
73 84 4.105599
73 85 4.758227
73 87 4.749449
73 88 2.280742
73 89 4.720220
73 91 4.752029
73 92 4.547804
73 93 4.313449
73 94 5.423893
73 97 5.290884
73 98 3.409430
73 101 5.008722
73 102 4.787523
73 108 4.934670
74 83 2.433239
74 84 3.801711
74 85 4.330719
74 86 5.409301
74 87 4.856486
74 88 2.552544
74 89 4.193270
74 91 4.967953
74 92 4.900226
74 93 4.004761
74 94 5.065355
74 95 5.574391
74 97 5.051785
74 98 3.307109
74 101 5.075463
74 102 4.376773
74 103 4.928711
74 107 5.565771
74 108 3.952671
74 111 4.835689
74 112 5.435523
75 83 1.335381
75 84 2.433751
75 85 2.893298
75 86 3.920455
75 87 3.712673
75 88 2.028479
75 89 2.806443
75 90 4.550304
75 91 4.016122
75 92 3.919820
75 93 2.833164
75 94 4.029516
75 95 4.441384
75 96 5.666728
75 97 4.428755
75 98 2.404726
75 99 4.884294
75 100 5.452270
75 101 4.608553
75 102 3.939648
75 103 3.770813
75 104 4.774881
75 107 4.542582
75 108 2.773101
75 109 5.373795
75 110 5.580809
75 111 4.044145
75 112 4.252378
75 113 5.766239
75 118 4.942357
76 83 2.254000
76 84 2.777038
76 85 2.743895
76 86 3.495676
76 87 4.255422
76 88 3.144401
76 89 2.921633
76 90 4.881432
76 91 4.726291
76 92 4.563004
76 93 2.746101
76 94 3.662319
76 95 3.663154
76 96 4.845292
76 97 4.170612
76 98 2.692790
76 99 4.612159
76 100 5.071202
76 101 4.635598
76 102 3.612920
76 103 2.750175
76 104 3.599237
76 105 4.768623
76 107 3.337095
76 108 1.746217
76 109 4.199250
76 110 4.383632
76 111 2.854832
76 112 3.157279
76 113 4.831608
76 118 4.122608
77 83 3.258587
77 84 4.535378
77 85 5.320431
77 87 5.594377
77 88 3.302447
77 89 4.602209
77 91 5.473188
77 93 5.269893
77 98 4.686788
77 102 5.757575
77 108 4.846934
77 111 5.067197
77 112 5.662704
78 83 3.379331
78 84 4.793585
78 85 5.621964
78 87 5.293327
78 88 2.777960
78 89 5.323120
78 91 5.101640
78 92 5.120360
78 93 5.270265
78 98 4.369601
78 102 5.771146
79 83 3.264147
79 84 4.521454
79 85 4.734997
79 86 5.759399
79 87 5.658084
79 88 3.501871
79 89 4.945569
79 92 5.618689
79 93 4.176344
79 94 4.970464
79 95 5.388716
79 97 4.691825
79 98 3.502943
79 100 5.615291
79 101 4.793459
79 102 3.851640
79 103 4.759487
79 104 5.647738
79 107 5.443098
79 108 3.868323
79 111 4.611982
79 112 5.529006
80 83 3.671103
80 84 4.749089
80 85 5.393300
80 88 3.969015
80 89 4.634260
80 93 5.431870
80 98 5.014401
80 103 5.483918
80 107 5.123398
80 108 4.541732
80 111 4.267313
80 112 4.971063
81 83 4.193660
81 84 5.539619
81 88 4.082628
81 89 5.664697
81 98 5.451498
81 108 5.752074
82 83 3.062733
82 84 4.251450
82 85 5.304764
82 87 5.136677
82 88 2.943744
82 89 4.217024
82 91 4.830267
82 92 5.498462
82 93 5.466109
82 98 4.914159
82 108 5.255725
82 111 5.587025
83 93 2.684826
83 94 4.105423
83 95 4.756927
83 97 4.748100
83 98 2.279329
83 99 4.719425
83 101 4.750223
83 102 4.546026
83 103 4.312842
83 104 5.423484
83 107 5.290832
83 108 3.409269
83 111 5.007807
83 112 4.788038
83 118 4.933842
84 93 2.432504
84 94 3.801594
84 95 4.329241
84 96 5.408567
84 97 4.855426
84 98 2.551434
84 99 4.192673
84 101 4.966479
84 102 4.898623
84 103 4.003920
84 104 5.064684
84 105 5.573627
84 107 5.051124
84 108 3.306864
84 111 5.073923
84 112 4.376400
84 113 4.928307
84 117 5.565019
84 118 3.951443
84 121 5.434833
84 122 4.834725
85 93 1.335193
85 94 2.434225
85 95 2.892758
85 96 3.920599
85 97 3.712291
85 98 2.027573
85 99 2.806255
85 100 4.551048
85 101 4.015070
85 102 3.918979
85 103 2.833198
85 104 4.029963
85 105 4.441703
85 106 5.667563
85 107 4.429141
85 108 2.405291
85 109 4.885442
85 110 5.452598
85 111 4.608109
85 112 3.939981
85 113 3.771304
85 114 4.775134
85 117 4.542526
85 118 2.772717
85 119 5.372928
85 120 5.580153
85 121 4.252285
85 122 4.043865
85 123 5.765742
85 128 4.941828
86 93 2.253585
86 94 2.776583
86 95 2.742410
86 96 3.494861
86 97 4.254568
86 98 3.143468
86 99 2.920581
86 100 4.881697
86 101 4.724873
86 102 4.561822
86 103 2.745522
86 104 3.662228
86 105 3.662841
86 106 4.845480
86 107 4.170537
86 108 2.692979
86 109 4.612505
86 110 5.071101
86 111 4.634836
86 112 3.612689
86 113 2.749954
86 114 3.599059
86 115 4.767966
86 117 3.336667
86 118 1.745029
86 119 4.198113
86 120 4.382655
86 121 3.156616
86 122 2.854502
86 123 4.830329
86 128 4.121158
87 93 3.258795
87 94 4.536199
87 95 5.320125
87 97 5.594289
87 98 3.302541
87 99 4.602752
87 101 5.472608
87 103 5.270072
87 108 4.687538
87 112 5.757840
87 118 4.846401
87 121 5.662924
87 122 5.066859
88 93 3.378463
88 94 4.793418
88 95 5.620845
88 97 5.291970
88 98 2.776885
88 99 5.322343
88 101 5.099791
88 102 5.118647
88 103 5.269863
88 108 4.369667
88 112 5.771981
89 93 3.263666
89 94 4.521503
89 95 4.733611
89 96 5.758876
89 97 5.657221
89 98 3.500785
89 99 4.945045
89 102 5.617330
89 103 4.175780
89 104 4.969814
89 105 5.387949
89 107 4.691001
89 108 3.502992
89 110 5.614501
89 111 4.791726
89 112 3.851123
89 113 4.759197
89 114 5.647373
89 117 5.442320
89 118 3.867344
89 121 5.528348
89 122 4.610976
90 93 3.671708
90 94 4.750204
90 95 5.393372
90 98 3.969434
90 99 4.635142
90 103 5.432451
90 108 5.015591
90 113 5.484456
90 117 5.123690
90 118 4.541410
90 121 4.971548
90 122 4.267146
91 93 4.193613
91 94 5.540228
91 98 4.082570
91 99 5.665057
91 108 5.451878
91 118 5.751168
92 93 3.063332
92 94 4.252480
92 95 5.305019
92 97 5.136658
92 98 2.944466
92 99 4.217800
92 101 4.829637
92 102 5.497893
92 103 5.466806
92 108 4.915416
92 118 5.255818
92 122 5.587411
93 103 2.684515
93 104 4.105695
93 105 4.757114
93 107 4.748496
93 108 2.279306
93 109 4.720631
93 111 4.749939
93 112 4.546352
93 113 4.313138
93 114 5.423427
93 117 5.290685
93 118 3.408768
93 121 4.787854
93 122 5.007471
93 128 4.933265
94 103 2.432045
94 104 3.801902
94 105 4.329364
94 106 5.409064
94 107 4.856068
94 108 2.551375
94 109 4.193841
94 111 4.966722
94 112 4.899046
94 113 4.004002
94 114 5.064332
94 115 5.573359
94 117 5.050916
94 118 3.306438
94 121 4.375979
94 122 5.073781
94 123 4.927220
94 127 5.564817
94 128 3.950416
94 131 5.434947
94 132 4.834774
95 103 1.334102
95 104 2.434231
95 105 2.892693
95 106 3.921111
95 107 3.712260
95 108 2.026571
95 109 2.807405
95 110 4.550961
95 111 4.014739
95 112 3.918335
95 113 2.833007
95 114 4.029348
95 115 4.441596
95 116 5.667323
95 117 4.428541
95 118 2.404650
95 119 4.884108
95 120 5.451261
95 121 3.939296
95 122 4.607444
95 123 3.770842
95 124 4.775346
95 127 4.543343
95 128 2.772554
95 129 5.373567
95 130 5.581319
95 131 4.253421
95 132 4.045012
95 133 5.766192
95 138 4.942623
96 103 2.253538
96 104 2.777442
96 105 2.743094
96 106 3.495853
96 107 4.255420
96 108 3.143386
96 109 2.922098
96 110 4.882459
96 111 4.725569
96 112 4.561948
96 113 2.745735
96 114 3.661897
96 115 3.662948
96 116 4.845269
96 117 4.170272
96 118 2.693152
96 119 4.611900
96 120 5.069977
96 121 3.612021
96 122 4.634792
96 123 2.749338
96 124 3.598814
96 125 4.768529
96 127 3.336894
96 128 1.744732
96 129 4.198177
96 130 4.383137
96 131 3.157297
96 132 2.854835
96 133 4.830821
96 138 4.122142
97 103 3.258114
97 104 4.536390
97 105 5.320455
97 107 5.594754
97 108 3.301584
97 109 4.604077
97 111 5.472671
97 113 5.270373
97 118 4.687259
97 121 5.757823
97 128 4.846334
97 131 5.663983
97 132 5.067924
98 103 3.377252
98 104 4.792656
98 105 5.620120
98 107 5.291331
98 108 2.775742
98 109 5.322654
98 111 5.098468
98 112 5.118089
98 113 5.269397
98 118 4.368430
98 121 5.771444
99 103 3.262410
99 104 4.521096
99 105 4.733111
99 106 5.758773
99 107 5.656915
99 108 3.499935
99 109 4.945469
99 112 5.616667
99 113 4.175089
99 114 4.969068
99 115 5.387500
99 117 4.690734
99 118 3.501706
99 120 5.613550
99 121 3.850784
99 122 4.791439
99 123 4.757851
99 124 5.646474
99 127 5.442110
99 128 3.865818
99 131 5.528226
99 132 4.611187
100 103 3.671447
100 104 4.750690
100 105 5.394327
100 108 3.968839
100 109 4.636360
100 113 5.433610
100 118 5.016412
100 123 5.485105
100 127 5.124860
100 128 4.542270
100 131 4.972663
100 132 4.268583
101 103 4.192332
101 104 5.539797
101 108 4.081121
101 109 5.665820
101 118 5.450773
101 128 5.750404
102 103 3.062794
102 104 4.252769
102 105 5.305398
102 107 5.137346
102 108 2.943336
102 109 4.219457
102 111 4.830023
102 112 5.498336
102 113 5.467147
102 118 4.915141
102 128 5.255952
102 132 5.588517
103 113 2.685258
103 114 4.105616
103 115 4.756936
103 117 4.748078
103 118 2.279841
103 119 4.719862
103 121 4.545664
103 122 4.749661
103 123 4.312544
103 124 5.423314
103 127 5.290654
103 128 3.408539
103 131 4.788289
103 132 5.007540
103 138 4.934082
104 113 2.433098
104 114 3.802017
104 115 4.329389
104 116 5.409287
104 117 4.855897
104 118 2.552682
104 119 4.193221
104 121 4.898794
104 122 4.966734
104 123 4.004074
104 124 5.064853
104 125 5.574289
104 127 5.051305
104 128 3.307203
104 131 4.376740
104 132 5.074351
104 133 4.927607
104 137 5.565155
104 138 3.951180
104 141 5.434544
104 142 4.835436
105 113 1.334682
105 114 2.434007
105 115 2.892427
105 116 3.921119
105 117 3.711762
105 118 2.027691
105 119 2.806577
105 120 4.549747
105 121 3.917774
105 122 4.014562
105 123 2.833042
105 124 4.029888
105 125 4.442531
105 126 5.666879
105 127 4.428909
105 128 2.405373
105 129 4.884976
105 130 5.452196
105 131 3.939995
105 132 4.608026
105 133 3.771169
105 134 4.775334
105 137 4.543725
105 138 2.773129
105 139 5.374055
105 140 5.581718
105 141 4.253094
105 142 4.045963
105 143 5.766111
105 148 4.942593
106 113 2.254266
106 114 2.777386
106 115 2.742829
106 116 3.495759
106 117 4.255173
106 118 3.144916
106 119 2.921814
106 120 4.881431
106 121 4.561648
106 122 4.725800
106 123 2.746154
106 124 3.662510
106 125 3.663599
106 126 4.844568
106 127 4.170501
106 128 2.694450
106 129 4.612713
106 130 5.070821
106 131 3.612549
106 132 4.635260
106 133 2.749217
106 134 3.598351
106 135 4.768047
106 137 3.336730
106 138 1.744828
106 139 4.198255
106 140 4.382996
106 141 3.156509
106 142 2.855330
106 143 4.830281
106 148 4.121779
107 113 3.258736
107 114 4.536028
107 115 5.319843
107 117 5.593857
107 118 3.302493
107 119 4.602735
107 122 5.471875
107 123 5.270181
107 128 4.687758
107 131 5.758660
107 138 4.846678
107 141 5.662728
107 142 5.068264
108 113 3.378162
108 114 4.792861
108 115 5.619998
108 117 5.291273
108 118 2.776422
108 119 5.322007
108 121 5.117831
108 122 5.098539
108 123 5.268794
108 128 4.368127
108 131 5.771623
109 113 3.263307
109 114 4.520953
109 115 4.732962
109 116 5.758606
109 117 5.656814
109 118 3.501400
109 119 4.944647
109 121 5.616612
109 123 4.175161
109 124 4.969429
109 125 5.387890
109 127 4.691085
109 128 3.502832
109 130 5.614576
109 131 3.851478
109 132 4.792109
109 133 4.757562
109 134 5.645936
109 137 5.441419
109 138 3.865994
109 141 5.526966
109 142 4.610606
110 113 3.672026
110 114 4.750330
110 115 5.393655
110 118 3.969847
110 119 4.635228
110 123 5.433527
110 128 5.017053
110 133 5.485139
110 137 5.124707
110 138 4.542496
110 141 4.971227
110 142 4.268830
111 113 4.192724
111 114 5.539269
111 118 4.081461
111 119 5.664340
111 128 5.451228
111 138 5.751104
112 113 3.062513
112 114 4.251574
112 115 5.303756
112 117 5.135536
112 118 2.943403
112 119 4.217104
112 121 5.496737
112 122 4.828347
112 123 5.465956
112 128 4.914554
112 138 5.255400
112 142 5.588489
113 123 2.684350
113 124 4.105392
113 125 4.757392
113 127 4.747996
113 128 2.279285
113 129 4.719986
113 131 4.546013
113 132 4.749851
113 133 4.312645
113 134 5.423029
113 137 5.291279
113 138 3.408857
113 141 4.788292
113 142 5.008968
113 148 4.933580
114 123 2.432336
114 124 3.801811
114 125 4.329796
114 126 5.408272
114 127 4.855559
114 128 2.551871
114 129 4.193582
114 131 4.898594
114 132 4.966711
114 133 4.004023
114 134 5.064273
114 135 5.574104
114 137 5.051845
114 138 3.307027
114 141 4.377043
114 142 5.075581
114 143 4.927533
114 147 5.564730
114 148 3.951023
114 151 5.433605
114 152 4.835101
115 123 1.335186
115 124 2.434868
115 125 2.893550
115 126 3.920871
115 127 3.712322
115 128 2.027904
115 129 2.808048
115 130 4.550548
115 131 3.918219
115 132 4.015371
115 133 2.833431
115 134 4.029441
115 135 4.442558
115 136 5.667355
115 137 4.429406
115 138 2.405407
115 139 4.885184
115 140 5.452498
115 141 3.940499
115 142 4.609117
115 143 3.771218
115 144 4.775860
115 147 4.543484
115 148 2.773001
115 149 5.374049
115 150 5.581453
115 151 4.252452
115 152 4.045559
115 153 5.766182
115 158 4.942341
116 123 2.254421
116 124 2.777607
116 125 2.743432
116 126 3.495175
116 127 4.255003
116 128 3.144814
116 129 2.922428
116 130 4.881420
116 131 4.561473
116 132 4.725783
116 133 2.746440
116 134 3.662115
116 135 3.663800
116 136 4.845181
116 137 4.171479
116 138 2.694252
116 139 4.612978
116 140 5.071581
116 141 3.613980
116 142 4.636793
116 143 2.749496
116 144 3.598950
116 145 4.767877
116 147 3.336457
116 148 1.744901
116 149 4.198510
116 150 4.382745
116 151 3.155626
116 152 2.855030
116 153 4.830113
116 158 4.121236
117 123 3.258189
117 124 4.536123
117 125 5.320484
117 127 5.594091
117 128 3.301549
117 129 4.603610
117 132 5.472562
117 133 5.270245
117 138 4.687610
117 141 5.758699
117 148 4.846555
117 151 5.662350
117 152 5.067932
118 123 3.377812
118 124 4.793177
118 125 5.621220
118 127 5.291748
118 128 2.776098
118 129 5.322627
118 131 5.118770
118 132 5.099149
118 133 5.269777
118 138 4.369364
118 141 5.772461
119 123 3.263154
119 124 4.521476
119 125 4.734216
119 126 5.758579
119 127 5.656853
119 128 3.500895
119 129 4.945717
119 131 5.616706
119 133 4.175826
119 134 4.969731
119 135 5.388775
119 137 4.692306
119 138 3.503026
119 140 5.615818
119 141 3.852327
119 142 4.793855
119 143 4.758709
119 144 5.647436
119 147 5.442180
119 148 3.867136
119 151 5.527180
119 152 4.611503
120 123 3.670844
120 124 4.749772
120 125 5.393671
120 128 3.968140
120 129 4.635538
120 133 5.432989
120 138 5.016120
120 143 5.485006
120 147 5.124584
120 148 4.542107
120 151 4.971041
120 152 4.268643
121 123 3.061427
121 124 4.251141
121 125 5.303996
121 127 5.135483
121 128 2.941830
121 129 4.217478
121 131 5.496612
121 132 4.828780
121 133 5.465779
121 138 4.914293
121 148 5.254879
121 152 5.587833
122 123 4.192567
122 124 5.539763
122 128 4.080876
122 129 5.665542
122 138 5.451598
122 148 5.751595
123 133 2.685444
123 134 4.105791
123 135 4.758114
123 137 4.749300
123 138 2.280348
123 139 4.720704
123 141 4.547410
123 142 4.751571
123 143 4.313138
123 144 5.424058
123 147 5.291307
123 148 3.409072
123 151 4.787666
123 152 5.008815
123 158 4.933658
124 133 2.433306
124 134 3.802111
124 135 4.330358
124 136 5.409168
124 137 4.856873
124 138 2.552855
124 139 4.193859
124 141 4.900392
124 142 4.968326
124 143 4.004235
124 144 5.065073
124 145 5.573519
124 147 5.051699
124 148 3.306941
124 151 4.376094
124 152 5.075327
124 153 4.927584
124 157 5.565671
124 158 3.950637
124 161 4.836658
124 162 5.434233
125 133 1.335888
125 134 2.434673
125 135 2.893513
125 136 3.921037
125 137 3.713334
125 138 2.028582
125 139 2.807620
125 140 4.551172
125 141 3.920089
125 142 4.016683
125 143 2.833109
125 144 4.029796
125 145 4.441346
125 146 5.667284
125 147 4.429088
125 148 2.405135
125 149 4.884695
125 150 5.452084
125 151 3.939261
125 152 4.608947
125 153 3.770631
125 154 4.775013
125 157 4.543417
125 158 2.772203
125 159 5.373621
125 160 5.581396
125 161 4.046182
125 162 4.252143
125 163 5.766092
125 168 4.942160
126 133 2.254002
126 134 2.777113
126 135 2.743471
126 136 3.495654
126 137 4.255373
126 138 3.144129
126 139 2.921864
126 140 4.881638
126 141 4.562702
126 142 4.726238
126 143 2.745843
126 144 3.662418
126 145 3.662954
126 146 4.845755
126 147 4.171039
126 148 2.693270
126 149 4.612257
126 150 5.071119
126 151 3.612721
126 152 4.636144
126 153 2.749851
126 154 3.599330
126 155 4.768597
126 157 3.337850
126 158 1.745014
126 159 4.199196
126 160 4.384128
126 161 2.857019
126 162 3.156714
126 163 4.831112
126 168 4.122036
127 133 3.258196
127 134 4.535652
127 135 5.320144
127 137 5.594353
127 138 3.301957
127 139 4.602811
127 142 5.473014
127 143 5.269623
127 148 4.686832
127 151 5.757475
127 158 4.845714
127 161 5.069046
127 162 5.662275
128 133 3.379147
128 134 4.793941
128 135 5.622000
128 137 5.293348
128 138 2.777768
128 139 5.323747
128 141 5.120165
128 142 5.101301
128 143 5.270148
128 148 4.369457
128 151 5.771462
129 133 3.263980
129 134 4.521533
129 135 4.734660
129 136 5.759242
129 137 5.658146
129 138 3.501770
129 139 4.945669
129 141 5.618705
129 143 4.176099
129 144 4.970496
129 145 5.388005
129 147 4.692286
129 148 3.503026
129 150 5.615351
129 151 3.851630
129 152 4.793765
129 153 4.758381
129 154 5.647108
129 157 5.442763
129 158 3.866154
129 161 4.612604
129 162 5.527355
130 133 3.671426
130 134 4.749964
130 135 5.393741
130 138 3.969116
130 139 4.635265
130 143 5.432550
130 148 5.015520
130 153 5.484491
130 157 5.124834
130 158 4.541293
130 161 4.269437
130 162 4.971004
131 133 3.061404
131 134 4.250815
131 135 5.303574
131 137 5.135752
131 138 2.942460
131 139 4.216772
131 141 5.497215
131 142 4.829250
131 143 5.465035
131 148 4.913512
131 158 5.254119
131 161 5.588598
132 133 4.192606
132 134 5.539242
132 138 4.081399
132 139 5.664677
132 148 5.450927
132 158 5.750493
133 143 2.684944
133 144 4.106113
133 145 4.757364
133 147 4.749001
133 148 2.280030
133 149 4.720131
133 151 4.546313
133 152 4.751372
133 153 4.313105
133 154 5.423753
133 157 5.291761
133 158 3.409212
133 161 5.010064
133 162 4.787954
133 168 4.933657
134 143 2.432295
134 144 3.801902
134 145 4.329468
134 146 5.409042
134 147 4.856046
134 148 2.552150
134 149 4.192825
134 151 4.898706
134 152 4.967651
134 153 4.004133
134 154 5.064633
134 155 5.573805
134 157 5.051898
134 158 3.307350
134 161 5.076123
134 162 4.376476
134 163 4.927711
134 167 5.580195
134 168 3.950921
134 170 4.837862
134 171 5.474666
135 143 1.335553
135 144 2.435023
135 145 2.893342
135 146 3.921399
135 147 3.713277
135 148 2.028657
135 149 2.806994
135 150 4.551524
135 151 3.919251
135 152 4.016789
135 153 2.833496
135 154 4.029727
135 155 4.441915
135 156 5.666996
135 157 4.429437
135 158 2.406153
135 159 4.885437
135 160 5.452265
135 161 4.609784
135 162 3.939696
135 163 3.770702
135 164 4.774630
135 167 4.556732
135 168 2.771860
135 169 5.372525
135 170 4.042335
135 171 4.291395
135 172 5.595656
135 173 5.766092
135 178 4.942419
136 143 2.254090
136 144 2.777373
136 145 2.743353
136 146 3.495798
136 147 4.255553
136 148 3.144616
136 149 2.921145
136 150 4.882212
136 151 4.562189
136 152 4.726665
136 153 2.746333
136 154 3.662152
136 155 3.663242
136 156 4.845073
136 157 4.170968
136 158 2.694716
136 159 4.612847
136 160 5.070803
136 161 4.636538
136 162 3.612912
136 163 2.749407
136 164 3.598477
136 165 4.768577
136 167 3.351033
136 168 1.744403
136 169 4.197640
136 170 2.852974
136 171 3.195982
136 172 4.397145
136 173 4.830693
136 178 4.121815
137 143 3.258629
137 144 4.536568
137 145 5.320528
137 147 5.594861
137 148 3.302913
137 149 4.603012
137 152 5.473799
137 153 5.270422
137 158 4.688206
137 162 5.758132
137 168 4.846094
137 170 5.067126
137 171 5.701633
138 143 3.378201
138 144 4.793736
138 145 5.620884
138 147 5.292494
138 148 2.776970
138 149 5.322750
138 151 5.118623
138 152 5.100534
138 153 5.269724
138 158 4.369166
138 162 5.771631
139 143 3.263563
139 144 4.521815
139 145 4.733824
139 146 5.759323
139 147 5.657893
139 148 3.501702
139 149 4.945142
139 151 5.617438
139 153 4.176010
139 154 4.969699
139 155 5.387927
139 157 4.691724
139 158 3.503542
139 160 5.614827
139 161 4.793798
139 162 3.851196
139 163 4.758487
139 164 5.646370
139 167 5.457869
139 168 3.867043
139 170 4.619227
139 171 5.567514
140 143 3.671652
140 144 4.750582
140 145 5.394034
140 148 3.969874
140 149 4.635279
140 153 5.433184
140 158 5.016852
140 163 5.484468
140 167 5.138087
140 168 4.541583
140 170 4.267120
140 171 5.008846
141 143 3.063094
141 144 4.252817
141 145 5.305313
141 147 5.137188
141 148 2.944490
141 149 4.218163
141 151 5.497978
141 152 4.830810
141 153 5.466957
141 158 4.915828
141 168 5.255145
141 170 5.583325
142 143 4.193338
142 144 5.540536
142 148 4.082703
142 149 5.665282
142 158 5.452376
142 168 5.751197
143 153 2.684734
143 154 4.105739
143 155 4.757573
143 157 4.749085
143 158 2.279880
143 159 4.720667
143 161 4.751898
143 162 4.546281
143 163 4.312751
143 164 5.423236
143 167 5.303004
143 168 3.407752
143 170 5.002078
143 171 4.823123
143 178 4.933889
144 153 2.432119
144 154 3.801727
144 155 4.329642
144 156 5.408542
144 157 4.856443
144 158 2.552237
144 159 4.193531
144 161 4.968352
144 162 4.899097
144 163 4.003490
144 164 5.064130
144 165 5.573915
144 167 5.059917
144 168 3.305096
144 170 5.064046
144 171 4.403745
144 173 4.927232
144 177 5.564304
144 178 3.950601
144 181 5.433104
144 182 4.834711
145 153 1.334168
145 154 2.433937
145 155 2.893143
145 156 3.920768
145 157 3.712330
145 158 2.027572
145 159 2.806972
145 160 4.550306
145 161 4.015710
145 162 3.918393
145 163 2.832958
145 164 4.029611
145 165 4.442713
145 166 5.667500
145 167 4.437019
145 168 2.403812
145 169 4.884840
145 170 4.601235
145 171 3.963583
145 172 5.465789
145 173 3.771222
145 174 4.775315
145 177 4.543144
145 178 2.773046
145 179 5.373130
145 180 5.580935
145 181 4.251806
145 182 4.045380
145 183 5.766455
145 188 4.942669
146 153 2.254358
146 154 2.777673
146 155 2.743828
146 156 3.495780
146 157 4.255871
146 158 3.145094
146 159 2.922294
146 160 4.882075
146 161 4.726811
146 162 4.562641
146 163 2.745860
146 164 3.662173
146 165 3.663660
146 166 4.845083
146 167 4.174279
146 168 2.692510
146 169 4.612786
146 170 4.625334
146 171 3.624737
146 172 5.083110
146 173 2.749290
146 174 3.598303
146 175 4.768318
146 177 3.336222
146 178 1.744803
146 179 4.197159
146 180 4.382299
146 181 3.155479
146 182 2.854630
146 183 4.830795
146 188 4.121980
147 153 3.258163
147 154 4.536505
147 155 5.320840
147 157 5.595308
147 158 3.302009
147 159 4.603768
147 161 5.474382
147 163 5.270098
147 168 4.686149
147 171 5.781786
147 178 4.846536
147 181 5.661955
147 182 5.067849
148 153 3.377806
148 154 4.793282
148 155 5.621073
148 157 5.292646
148 158 2.776353
148 159 5.323029
148 161 5.101133
148 162 5.118657
148 163 5.269589
148 168 4.368087
149 153 3.262618
149 154 4.520812
149 155 4.733324
149 156 5.758181
149 157 5.657182
149 158 3.501045
149 159 4.945215
149 162 5.616754
149 163 4.174370
149 164 4.968700
149 165 5.387681
149 167 4.697678
149 168 3.500131
149 170 4.776951
149 171 3.874898
149 172 5.632396
149 173 4.757719
149 174 5.646252
149 177 5.441537
149 178 3.865924
149 181 5.526494
149 182 4.610920
150 153 3.671116
150 154 4.750430
150 155 5.394385
150 158 3.968927
150 159 4.635753
150 163 5.433031
150 168 5.014880
150 173 5.485016
150 177 5.124284
150 178 4.542266
150 181 4.970677
150 182 4.268607
151 153 3.062034
151 154 4.252400
151 155 5.305187
151 157 5.137278
151 158 2.942526
151 159 4.218622
151 161 4.831035
151 162 5.497588
151 163 5.466393
151 168 4.913613
151 178 5.255836
151 182 5.588661
152 153 4.192854
152 154 5.540341
152 158 4.081800
152 159 5.665835
152 168 5.450448
152 178 5.751449
153 163 2.685482
153 164 4.105869
153 165 4.758321
153 167 4.758877
153 168 2.279670
153 169 4.720531
153 170 4.750445
153 171 4.573493
153 173 4.313042
153 174 5.423302
153 177 5.290707
153 178 3.409083
153 181 4.786991
153 182 5.008190
153 188 4.934512
154 163 2.432650
154 164 3.801323
154 165 4.329946
154 166 5.408549
154 167 4.863883
154 168 2.552228
154 169 4.193025
154 170 4.970664
154 171 4.919218
154 173 4.003712
154 174 5.064027
154 175 5.573654
154 177 5.051039
154 178 3.306798
154 181 4.375492
154 182 5.074684
154 183 4.927845
154 187 5.564906
154 188 3.951283
154 191 5.435438
154 192 4.835007
155 163 1.335312
155 164 2.434080
155 165 2.893609
155 166 3.920903
155 167 3.717744
155 168 2.028439
155 169 2.807066
155 170 4.019077
155 171 3.931354
155 172 4.553333
155 173 2.833301
155 174 4.029592
155 175 4.442198
155 176 5.667604
155 177 4.429150
155 178 2.405623
155 179 4.884038
155 180 5.452053
155 181 3.939462
155 182 4.608759
155 183 3.771416
155 184 4.775059
155 187 4.543111
155 188 2.773118
155 189 5.373757
155 190 5.580717
155 191 4.253626
155 192 4.044814
155 193 5.766184
155 198 4.942609
156 163 2.254355
156 164 2.777287
156 165 2.743821
156 166 3.495555
156 167 4.256827
156 168 3.145005
156 169 2.922354
156 170 4.730199
156 171 4.565200
156 172 4.880289
156 173 2.746131
156 174 3.662100
156 175 3.663460
156 176 4.845575
156 177 4.170811
156 178 2.694066
156 179 4.611624
156 180 5.070773
156 181 3.612550
156 182 4.635801
156 183 2.750165
156 184 3.598780
156 185 4.768565
156 187 3.336927
156 188 1.745629
156 189 4.198655
156 190 4.382816
156 191 3.157843
156 192 2.854947
156 193 4.830990
156 198 4.122396
157 163 3.258608
157 164 4.535359
157 165 5.320372
157 167 5.604150
157 168 3.302981
157 169 4.602279
157 170 5.482497
157 173 5.269774
157 178 4.687413
157 181 5.757238
157 188 4.846453
157 191 5.663290
157 192 5.066947
158 163 3.379307
158 164 4.794023
158 165 5.622363
158 167 5.305064
158 168 2.777391
158 169 5.323408
158 170 5.102310
158 171 5.151377
158 173 5.270273
158 178 4.369670
158 181 5.770988
159 163 3.263604
159 164 4.521080
159 165 4.734135
159 166 5.758475
159 167 5.663516
159 168 3.501364
159 169 4.945354
159 171 5.633172
159 173 4.175235
159 174 4.968875
159 175 5.387646
159 177 4.690936
159 178 3.502724
159 180 5.614046
159 181 3.850235
159 182 4.792601
159 183 4.758391
159 184 5.646108
159 187 5.441851
159 188 3.866824
159 191 5.528581
159 192 4.611084
160 163 3.671325
160 164 4.748977
160 165 5.393368
160 168 3.969825
160 169 4.634174
160 173 5.432253
160 178 5.015792
160 183 5.484457
160 187 5.123619
160 188 4.541755
160 191 4.971587
160 192 4.267257
161 163 4.193159
161 164 5.539155
161 168 4.082593
161 169 5.664257
161 178 5.451469
161 188 5.750881
162 163 3.063076
162 164 4.251741
162 165 5.305232
162 167 5.148338
162 168 2.944572
162 169 4.217481
162 170 4.842536
162 171 5.524983
162 173 5.466429
162 178 4.914956
162 188 5.256041
162 192 5.587886
163 173 2.684614
163 174 4.105323
163 175 4.757483
163 177 4.748140
163 178 2.279444
163 179 4.719058
163 181 4.545520
163 182 4.750125
163 183 4.313099
163 184 5.423407
163 187 5.291249
163 188 3.408953
163 191 4.789191
163 192 5.008332
163 198 4.933697
164 173 2.432950
164 174 3.802281
164 175 4.330163
164 176 5.409312
164 177 4.856160
164 178 2.552325
164 179 4.193157
164 181 4.898800
164 182 4.967284
164 183 4.004188
164 184 5.064545
164 185 5.573939
164 187 5.051262
164 188 3.306638
164 191 4.377010
164 192 5.074240
164 193 4.927761
164 197 5.565425
164 198 3.950909
164 201 5.434731
164 202 4.835911
165 173 1.335574
165 174 2.434776
165 175 2.893345
165 176 3.921027
165 177 3.712760
165 178 2.028469
165 179 2.806553
165 180 4.550599
165 181 3.918930
165 182 4.015716
165 183 2.833080
165 184 4.029415
165 185 4.441557
165 186 5.666835
165 187 4.428855
165 188 2.404865
165 189 4.884965
165 190 5.451714
165 191 3.940211
165 192 4.608363
165 193 3.770489
165 194 4.774773
165 197 4.542775
165 198 2.772201
165 199 5.372934
165 200 5.580836
165 201 4.252246
165 202 4.045178
165 203 5.765666
165 208 4.941883
166 173 2.254229
166 174 2.777525
166 175 2.743072
166 176 3.495149
166 177 4.255167
166 178 3.144542
166 179 2.921483
166 180 4.881389
166 181 4.561918
166 182 4.725750
166 183 2.745223
166 184 3.661558
166 185 3.662512
166 186 4.844587
166 187 4.170014
166 188 2.692639
166 189 4.612092
166 190 5.070032
166 191 3.612463
166 192 4.634884
166 193 2.748882
166 194 3.598550
166 195 4.768018
166 197 3.336821
166 198 1.744036
166 199 4.197978
166 200 4.383203
166 201 3.156551
166 202 2.855706
166 203 4.830122
166 208 4.121012
167 173 3.252281
167 174 4.527741
167 175 5.311291
167 177 5.588283
167 178 3.300050
167 179 4.591939
167 182 5.467799
167 183 5.263031
167 188 4.682503
167 191 5.754351
167 198 4.834484
167 201 5.647419
167 202 5.054503
168 173 3.377763
168 174 4.792728
168 175 5.621086
168 177 5.291150
168 178 2.775867
168 179 5.321377
168 181 5.117371
168 182 5.098591
168 183 5.270091
168 188 4.369385
168 191 5.773749
169 173 3.264263
169 174 4.522425
169 175 4.735008
169 176 5.759978
169 177 5.658103
169 178 3.501844
169 179 4.945719
169 181 5.617706
169 183 4.176604
169 184 4.970479
169 185 5.389092
169 187 4.692021
169 188 3.503318
169 190 5.615114
169 191 3.852530
169 192 4.792617
169 193 4.759284
169 194 5.647947
169 197 5.443057
169 198 3.867157
169 201 5.528472
169 202 4.612181
170 173 4.183226
170 174 5.528737
170 178 4.071357
170 179 5.650500
170 188 5.450839
170 198 5.748943
171 173 3.046333
171 174 4.229506
171 175 5.281265
171 177 5.120613
171 178 2.938427
171 179 4.188239
171 181 5.487316
171 182 4.816900
171 183 5.448688
171 188 4.902957
171 198 5.227794
171 202 5.556219
172 173 3.675515
172 174 4.753043
172 175 5.390904
172 178 3.976974
172 179 4.638614
172 183 5.427170
172 188 5.011433
172 193 5.471416
172 197 5.110185
172 198 4.529181
172 201 4.960340
172 202 4.252559
173 183 2.684818
173 184 4.105445
173 185 4.757234
173 187 4.748507
173 188 2.279324
173 189 4.720174
173 191 4.547044
173 192 4.750678
173 193 4.312898
173 194 5.423422
173 197 5.291357
173 198 3.409248
173 201 4.788437
173 202 5.009349
173 208 4.933861
174 183 2.432117
174 184 3.801411
174 185 4.329264
174 186 5.408731
174 187 4.855755
174 188 2.551456
174 189 4.192922
174 191 4.899488
174 192 4.967320
174 193 4.004101
174 194 5.064519
174 195 5.573763
174 197 5.052011
174 198 3.307681
174 201 4.377390
174 202 5.076172
174 203 4.927692
174 207 5.565631
174 208 3.951318
174 211 5.435621
174 212 4.835288
175 183 1.334408
175 184 2.433863
175 185 2.892401
175 186 3.920556
175 187 3.712132
175 188 2.027366
175 189 2.806622
175 190 4.550022
175 191 3.918868
175 192 4.015737
175 193 2.833092
175 194 4.029125
175 195 4.441604
175 196 5.666934
175 197 4.429187
175 198 2.406217
175 199 4.883892
175 200 5.451956
175 201 3.940493
175 202 4.609291
175 203 3.770842
175 204 4.775207
175 207 4.543680
175 208 2.772730
175 209 5.374035
175 210 5.581590
175 211 4.253620
175 212 4.045029
175 213 5.766572
175 218 4.942837
176 183 2.253712
176 184 2.776968
176 185 2.742123
176 186 3.494910
176 187 4.254940
176 188 3.144167
176 189 2.921429
176 190 4.881157
176 191 4.561874
176 192 4.726404
176 193 2.745503
176 194 3.661006
176 195 3.662172
176 196 4.844180
176 197 4.170330
176 198 2.694453
176 199 4.610894
176 200 5.069976
176 201 3.613093
176 202 4.635973
176 203 2.748900
176 204 3.598341
176 205 4.767973
176 207 3.337171
176 208 1.744707
176 209 4.198429
176 210 4.383377
176 211 3.157509
176 212 2.855046
176 213 4.830683
176 218 4.121741
177 183 3.258449
177 184 4.535988
177 185 5.320121
177 187 5.594523
177 188 3.302050
177 189 4.603076
177 192 5.473595
177 193 5.270257
177 198 4.688309
177 201 5.758802
177 208 4.847043
177 211 5.664365
177 212 5.067864
178 183 3.378549
178 184 4.793386
178 185 5.621062
178 187 5.292469
178 188 2.776829
178 189 5.323060
178 191 5.119935
178 192 5.100335
178 193 5.269811
178 198 4.369481
178 201 5.772143
179 183 3.262042
179 184 4.520338
179 185 4.732807
179 186 5.758374
179 187 5.656343
179 188 3.499620
179 189 4.944338
179 191 5.616816
179 193 4.175115
179 194 4.969374
179 195 5.387854
179 197 4.692047
179 198 3.502788
179 200 5.615393
179 201 3.852395
179 202 4.794114
179 203 4.758255
179 204 5.646745
179 207 5.442771
179 208 3.866774
179 211 5.528784
179 212 4.611681
180 183 3.671221
180 184 4.749934
180 185 5.393453
180 188 3.968808
180 189 4.635166
180 193 5.433018
180 198 5.016954
180 203 5.484987
180 207 5.125311
180 208 4.542760
180 211 4.973113
180 212 4.268440
181 183 3.062857
181 184 4.252127
181 185 5.304896
181 187 5.136747
181 188 2.943350
181 189 4.218233
181 191 5.498465
181 192 4.830527
181 193 5.466791
181 198 4.915840
181 208 5.256530
181 212 5.588681
182 183 4.192787
182 184 5.539529
182 188 4.081538
182 189 5.664960
182 198 5.451895
182 208 5.751449
183 193 2.684717
183 194 4.104889
183 195 4.756921
183 197 4.748107
183 198 2.280353
183 199 4.718916
183 201 4.546225
183 202 4.750548
183 203 4.312520
183 204 5.423392
183 207 5.291394
183 208 3.408327
183 211 4.788814
183 212 5.007972
183 218 4.934395
184 193 2.433065
184 194 3.801547
184 195 4.329791
184 196 5.408914
184 197 4.855961
184 198 2.553215
184 199 4.192284
184 201 4.899438
184 202 4.967307
184 203 4.004250
184 204 5.065152
184 205 5.574419
184 207 5.052045
184 208 3.306652
184 211 4.377200
184 212 5.074659
184 213 4.928511
184 217 5.565239
184 218 3.952037
184 221 4.834814
184 222 5.435055
185 193 1.335187
185 194 2.433634
185 195 2.892745
185 196 3.920606
185 197 3.711915
185 198 2.028539
185 199 2.805717
185 200 4.549503
185 201 3.918534
185 202 4.015155
185 203 2.832757
185 204 4.029692
185 205 4.442220
185 206 5.666827
185 207 4.429132
185 208 2.404041
185 209 4.885483
185 210 5.452419
185 211 3.939972
185 212 4.608116
185 213 3.771514
185 214 4.774593
185 217 4.543341
185 218 2.773408
185 219 5.372392
185 220 5.581237
185 221 4.044863
185 222 4.253244
185 223 5.765888
185 228 4.941603
186 193 2.254517
186 194 2.776949
186 195 2.743547
186 196 3.495598
186 197 4.255095
186 198 3.145176
186 199 2.920393
186 200 4.880868
186 201 4.562449
186 202 4.725717
186 203 2.746472
186 204 3.663127
186 205 3.664078
186 206 4.845301
186 207 4.171349
186 208 2.693387
186 209 4.614080
186 210 5.071817
186 211 3.613054
186 212 4.635906
186 213 2.750412
186 214 3.598356
186 215 4.768883
186 217 3.336903
186 218 1.746013
186 219 4.197347
186 220 4.382988
186 221 2.854697
186 222 3.157129
186 223 4.830798
186 228 4.121385
187 193 3.258448
187 194 4.535515
187 195 5.320178
187 197 5.593866
187 198 3.302468
187 199 4.601677
187 202 5.472226
187 203 5.270036
187 208 4.686846
187 211 5.758641
187 218 4.847074
187 221 5.066977
187 222 5.662931
188 193 3.377901
188 194 4.792578
188 195 5.620535
188 197 5.291596
188 198 2.776804
188 199 5.321542
188 201 5.118482
188 202 5.099601
188 203 5.269295
188 208 4.368478
188 211 5.772712
189 193 3.263891
189 194 4.520946
189 195 4.733676
189 196 5.758576
189 197 5.657289
189 198 3.502501
189 199 4.944136
189 201 5.617726
189 203 4.175692
189 204 4.969955
189 205 5.388261
189 207 4.691698
189 208 3.502567
189 210 5.615436
189 211 3.851694
189 212 4.792038
189 213 4.758948
189 214 5.646105
189 217 5.442224
189 218 3.867382
189 221 4.610816
189 222 5.528207
190 193 3.671543
190 194 4.749649
190 195 5.393821
190 198 3.969383
190 199 4.633973
190 203 5.432997
190 208 5.015481
190 213 5.485367
190 217 5.124646
190 218 4.542743
190 221 4.267774
190 222 4.971863
191 193 3.061925
191 194 4.250893
191 195 5.303953
191 197 5.135411
191 198 2.943003
191 199 4.215872
191 201 5.496924
191 202 4.828476
191 203 5.465685
191 208 4.913685
191 218 5.255409
191 221 5.586513
192 193 4.192978
192 194 5.539213
192 198 4.082066
192 199 5.663549
192 208 5.451467
192 218 5.752206
193 203 2.684896
193 204 4.106150
193 205 4.758234
193 207 4.749376
193 208 2.279022
193 209 4.721136
193 211 4.547299
193 212 4.751191
193 213 4.313800
193 214 5.423168
193 217 5.291331
193 218 3.409829
193 221 5.008351
193 222 4.788650
193 228 4.933520
194 203 2.431782
194 204 3.801591
194 205 4.329784
194 206 5.408183
194 207 4.855935
194 208 2.550617
194 209 4.193718
194 211 4.898896
194 212 4.967403
194 213 4.003969
194 214 5.063607
194 215 5.573761
194 217 5.050965
194 218 3.306654
194 221 5.074135
194 222 4.376487
194 223 4.927372
194 227 5.564949
194 228 3.950659
194 231 4.834961
194 232 5.435240
195 203 1.334284
195 204 2.434141
195 205 2.893316
195 206 3.920423
195 207 3.712291
195 208 2.026740
195 209 2.807544
195 210 4.550212
195 211 3.918437
195 212 4.015740
195 213 2.833400
195 214 4.029107
195 215 4.442196
195 216 5.666970
195 217 4.429079
195 218 2.405177
195 219 4.884055
195 220 5.451767
195 221 4.608621
195 222 3.940433
195 223 3.770888
195 224 4.774576
195 227 4.543278
195 228 2.772265
195 229 5.372493
195 230 5.581353
195 231 4.044976
195 232 4.253613
195 233 5.766285
195 238 4.942221
196 203 2.253500
196 204 2.776790
196 205 2.742835
196 206 3.494252
196 207 4.254660
196 208 3.143521
196 209 2.921973
196 210 4.880821
196 211 4.561176
196 212 4.726109
196 213 2.745314
196 214 3.661166
196 215 3.662784
196 216 4.844348
196 217 4.170198
196 218 2.692847
196 219 4.611357
196 220 5.069866
196 221 4.635437
196 222 3.612865
196 223 2.748951
196 224 3.597767
196 225 4.768315
196 227 3.336770
196 228 1.744299
196 229 4.196970
196 230 4.383179
196 231 2.855060
196 232 3.157422
196 233 4.830300
196 238 4.120965
197 203 3.257954
197 204 4.536092
197 205 5.320697
197 207 5.594937
197 208 3.301322
197 209 4.603514
197 212 5.473912
197 213 5.270251
197 218 4.687394
197 222 5.757904
197 228 4.846130
197 231 5.067084
197 232 5.663273
198 203 3.378820
198 204 4.794415
198 205 5.622369
198 207 5.293921
198 208 2.776964
198 209 5.324161
198 211 5.120881
198 212 5.101394
198 213 5.271086
198 218 4.370485
198 222 5.772529
199 203 3.262301
199 204 4.520866
199 205 4.733464
199 206 5.757674
199 207 5.656747
199 208 3.499318
199 209 4.945648
199 211 5.616321
199 213 4.174731
199 214 4.967987
199 215 5.387537
199 217 4.690162
199 218 3.501623
199 220 5.613505
199 221 4.791034
199 222 3.850562
199 223 4.757926
199 224 5.645833
199 227 5.442234
199 228 3.866384
199 231 4.611471
199 232 5.528676
200 203 3.670169
200 204 4.749260
200 205 5.393245
200 208 3.967668
200 209 4.634882
200 213 5.432055
200 218 5.015019
200 223 5.483568
200 227 5.123488
200 228 4.541056
200 231 4.266985
200 232 4.971129
201 203 3.062448
201 204 4.252326
201 205 5.305453
201 207 5.137599
201 208 2.943159
201 209 4.218459
201 211 5.498882
201 212 4.831334
201 213 5.467002
201 218 4.915216
201 228 5.255186
201 231 5.587348
202 203 4.192831
202 204 5.540209
202 208 4.081337
202 209 5.665954
202 218 5.451534
202 228 5.750909
203 213 2.685830
203 214 4.105498
203 215 4.757872
203 217 4.748853
203 218 2.280296
203 219 4.719787
203 221 4.751058
203 222 4.546996
203 223 4.312706
203 224 5.422839
203 227 5.291024
203 228 3.407841
203 231 5.007896
203 232 4.788926
203 238 4.934066
204 213 2.433685
204 214 3.802148
204 215 4.330246
204 216 5.408820
204 217 4.856762
204 218 2.552795
204 219 4.193394
204 221 4.968418
204 222 4.900219
204 223 4.003893
204 224 5.064183
204 225 5.574254
204 227 5.051487
204 228 3.305696
204 231 5.074513
204 232 4.377252
204 233 4.927876
204 237 5.564823
204 238 3.951098
204 241 4.835540
204 242 5.434399
205 213 1.335458
205 214 2.434345
205 215 2.893217
205 216 3.920406
205 217 3.712820
205 218 2.027913
205 219 2.806729
205 220 4.550018
205 221 4.016507
205 222 3.919590
205 223 2.832825
205 224 4.029214
205 225 4.442191
205 226 5.666853
205 227 4.429249
205 228 2.403859
205 229 4.884213
205 230 5.452498
205 231 4.608665
205 232 3.940988
205 233 3.770953
205 234 4.774387
205 237 4.542517
205 238 2.772732
205 239 5.372634
205 240 5.580523
205 241 4.045140
205 242 4.252051
205 243 5.766651
205 248 4.943715
206 213 2.253538
206 214 2.776975
206 215 2.742459
206 216 3.494310
206 217 4.254825
206 218 3.143652
206 219 2.921740
206 220 4.880283
206 221 4.726432
206 222 4.561887
206 223 2.744715
206 224 3.661194
206 225 3.662901
206 226 4.844365
206 227 4.170252
206 228 2.691562
206 229 4.611280
206 230 5.070659
206 231 4.635013
206 232 3.613302
206 233 2.749279
206 234 3.598165
206 235 4.767751
206 237 3.336760
206 238 1.744781
206 239 4.197623
206 240 4.383167
206 241 2.855963
206 242 3.156512
206 243 4.831024
206 248 4.122797
207 213 3.258749
207 214 4.535529
207 215 5.320104
207 217 5.594400
207 218 3.302312
207 219 4.602074
207 221 5.473286
207 223 5.269368
207 228 4.685684
207 232 5.758769
207 238 4.846023
207 241 5.067585
207 242 5.661916
208 213 3.378839
208 214 4.792691
208 215 5.621094
208 217 5.291905
208 218 2.776932
208 219 5.321895
208 221 5.099621
208 222 5.118814
208 223 5.269108
208 228 4.367612
208 232 5.772550
209 213 3.264979
209 214 4.522391
209 215 4.734841
209 216 5.759254
209 217 5.658680
209 218 3.502420
209 219 4.946212
209 222 5.618995
209 223 4.175954
209 224 4.969611
209 225 5.388681
209 227 4.691727
209 228 3.502289
209 230 5.615195
209 231 4.792539
209 232 3.852083
209 233 4.758757
209 234 5.646625
209 237 5.442146
209 238 3.866740
209 241 4.611620
209 242 5.527915
210 213 3.672041
210 214 4.750228
210 215 5.393808
210 218 3.969527
210 219 4.635250
210 223 5.432230
210 228 5.014284
210 233 5.484288
210 237 5.123598
210 238 4.541577
210 241 4.268084
210 242 4.970843
211 213 3.061997
211 214 4.250383
211 215 5.303646
211 217 5.135573
211 218 2.942824
211 219 4.215571
211 221 4.829138
211 222 5.497254
211 223 5.464896
211 228 4.912364
211 238 5.254675
211 241 5.587591
212 213 4.193433
212 214 5.539344
212 218 4.081917
212 219 5.664066
212 228 5.450432
212 238 5.751423
213 223 2.684039
213 224 4.104625
213 225 4.757307
213 227 4.748293
213 228 2.278008
213 229 4.718826
213 231 4.750425
213 232 4.547286
213 233 4.312727
213 234 5.422489
213 237 5.290540
213 238 3.408992
213 241 5.008751
213 242 4.787599
213 248 4.934751
214 223 2.432593
214 224 3.801782
214 225 4.330537
214 226 5.408891
214 227 4.856246
214 228 2.551224
214 229 4.193069
214 231 4.967608
214 232 4.900405
214 233 4.004911
214 234 5.064591
214 235 5.574506
214 237 5.051854
214 238 3.308157
214 241 5.075907
214 242 4.377086
214 243 4.929019
214 247 5.566131
214 248 3.953199
214 251 5.435938
214 252 4.835691
215 223 1.334873
215 224 2.433952
215 225 2.893104
215 226 3.920107
215 227 3.712353
215 228 2.027693
215 229 2.806579
215 230 4.550410
215 231 4.015923
215 232 3.919621
215 233 2.833225
215 234 4.028753
215 235 4.441758
215 236 5.666477
215 237 4.428756
215 238 2.405717
215 239 4.883924
215 240 5.451758
215 241 4.608881
215 242 3.939723
215 243 3.771335
215 244 4.774950
215 247 4.543497
215 248 2.773617
215 249 5.373428
215 250 5.581430
215 251 4.253374
215 252 4.044740
215 253 5.766116
215 259 4.942322
216 223 2.253905
216 224 2.777290
216 225 2.743117
216 226 3.494625
216 227 4.255068
216 228 3.144157
216 229 2.922091
216 230 4.881491
216 231 4.726379
216 232 4.562579
216 233 2.745836
216 234 3.661135
216 235 3.663125
216 236 4.844398
216 237 4.170182
216 238 2.694010
216 239 4.611333
216 240 5.070191
216 241 4.635599
216 242 3.612460
216 243 2.749939
216 244 3.598824
216 245 4.767830
216 247 3.337677
216 248 1.745832
216 249 4.198494
216 250 4.383891
216 251 3.157889
216 252 2.855341
216 253 4.830991
216 259 4.122125
217 223 3.258300
217 224 4.535547
217 225 5.320654
217 227 5.594269
217 228 3.301699
217 229 4.602264
217 231 5.473130
217 233 5.270510
217 238 4.688256
217 242 5.758361
217 248 4.847673
217 251 5.663614
217 252 5.067369
218 223 3.377358
218 224 4.792136
218 225 5.620850
218 227 5.291742
218 228 2.774992
218 229 5.321218
218 231 5.099497
218 232 5.119552
218 233 5.269407
218 238 4.368936
218 242 5.771279
219 223 3.263533
219 224 4.521794
219 225 4.735078
219 226 5.759337
219 227 5.657878
219 228 3.500244
219 229 4.945652
219 232 5.618830
219 233 4.176937
219 234 4.970210
219 235 5.389330
219 237 4.692371
219 238 3.504562
219 240 5.615520
219 241 4.794228
219 242 3.852564
219 243 4.760401
219 244 5.648045
219 247 5.443881
219 248 3.869645
219 251 5.529723
219 252 4.612639
220 223 3.670649
220 224 4.749046
220 225 5.393268
220 228 3.968234
220 229 4.634233
220 233 5.432431
220 238 5.016046
220 243 5.484498
220 247 5.124296
220 248 4.542233
220 251 4.971813
220 252 4.267401
221 223 4.193433
221 224 5.539931
221 228 4.081610
221 229 5.664873
221 238 5.453161
221 248 5.753475
222 223 3.062553
222 224 4.251322
222 225 5.305035
222 227 5.136355
222 228 2.943427
222 229 4.216703
222 231 4.830001
222 232 5.498702
222 233 5.466773
222 238 4.915494
222 248 5.256437
222 252 5.587303
223 233 2.685101
223 234 4.105047
223 235 4.757537
223 237 4.748314
223 238 2.279621
223 239 4.719678
223 241 4.750774
223 242 4.546114
223 243 4.313588
223 244 5.423670
223 247 5.291801
223 248 3.409712
223 251 4.789240
223 252 5.008242
223 259 4.934114
224 233 2.433251
224 234 3.802044
224 235 4.330563
224 236 5.409261
224 237 4.856489
224 238 2.552054
224 239 4.193754
224 241 4.967864
224 242 4.899451
224 243 4.005135
224 244 5.065353
224 245 5.574446
224 247 5.052442
224 248 3.307455
224 251 4.377784
224 252 5.074841
224 253 4.928587
224 258 5.565666
224 259 3.951745
224 261 4.821353
224 263 5.454419
225 233 1.335120
225 234 2.433883
225 235 2.892915
225 236 3.920266
225 237 3.712482
225 238 2.027813
225 239 2.806656
225 240 4.550586
225 241 4.015754
225 242 3.918730
225 243 2.833364
225 244 4.029538
225 245 4.441673
225 246 5.666770
225 247 4.429464
225 248 2.404880
225 249 4.884834
225 250 5.452234
225 251 3.940440
225 252 4.608481
225 253 3.770788
225 254 4.775147
225 257 5.771438
225 258 4.542600
225 259 2.772191
225 260 5.373577
225 261 4.027495
225 262 5.578654
225 263 4.271058
226 233 2.253805
226 234 2.776945
226 235 2.742931
226 236 3.494729
226 237 4.255071
226 238 3.143942
226 239 2.921880
226 240 4.881574
226 241 4.725890
226 242 4.561609
226 243 2.745241
226 244 3.661505
226 245 3.662735
226 246 4.844351
226 247 4.170288
226 248 2.691831
226 249 4.611896
226 250 5.070140
226 251 3.612458
226 252 4.634719
226 253 2.749152
226 254 3.599015
226 255 4.768006
226 257 4.820562
226 258 3.336895
226 259 1.744122
226 260 4.198586
226 261 2.838157
226 262 4.380723
226 263 3.175798
227 233 3.258617
227 234 4.536020
227 235 5.320546
227 237 5.594640
227 238 3.301604
227 239 4.603375
227 241 5.473315
227 243 5.270629
227 248 4.687497
227 251 5.758802
227 259 4.846157
227 261 5.054233
227 263 5.681458
228 233 3.378339
228 234 4.792588
228 235 5.621029
228 237 5.291433
228 238 2.776099
228 239 5.322230
228 241 5.099475
228 242 5.117988
228 243 5.270421
228 248 4.369986
228 251 5.773391
229 233 3.263998
229 234 4.521677
229 235 4.735101
229 236 5.759519
229 237 5.657881
229 238 3.501170
229 239 4.945859
229 242 5.617770
229 243 4.176900
229 244 4.970870
229 245 5.389118
229 247 4.692865
229 248 3.503214
229 250 5.616229
229 251 3.853201
229 252 4.792839
229 253 4.759810
229 254 5.648569
229 258 5.443283
229 259 3.867960
229 261 4.600748
229 263 5.547638
230 233 3.671754
230 234 4.750415
230 235 5.394200
230 238 3.968722
230 239 4.636124
230 243 5.433370
230 248 5.015794
230 253 5.484698
230 258 5.124491
230 259 4.541553
230 261 4.256251
230 263 4.989371
231 233 4.193221
231 234 5.539707
231 238 4.081258
231 239 5.665247
231 248 5.452052
231 259 5.751437
232 233 3.062782
232 234 4.251897
232 235 5.304753
232 237 5.136801
232 238 2.942971
232 239 4.217808
232 241 4.830198
232 242 5.497945
232 243 5.467135
232 248 4.915452
232 259 5.254992
232 261 5.572356
233 243 2.685697
233 244 4.105950
233 245 4.757594
233 247 4.749480
233 248 2.280538
233 249 4.720463
233 251 4.547347
233 252 4.751331
233 253 4.313183
233 254 5.423625
233 258 5.290713
233 259 3.408781
233 261 4.989904
233 263 4.805068
234 243 2.432897
234 244 3.801882
234 245 4.330012
234 246 5.408900
234 247 4.856448
234 248 2.552070
234 249 4.193310
234 251 4.899414
234 252 4.967743
234 253 4.004441
234 254 5.064852
234 255 5.574126
234 257 4.977132
234 258 5.051403
234 259 3.306789
234 261 5.056451
234 263 4.390683
235 243 1.335650
235 244 2.435118
235 245 2.893926
235 246 3.921431
235 247 3.713630
235 248 2.027755
235 249 2.807600
235 250 4.551144
235 251 3.919697
235 252 4.016963
235 253 2.834105
235 254 4.030023
235 255 4.442286
235 256 5.670569
235 257 3.819662
235 258 4.429023
235 259 2.405862
235 260 4.885156
235 261 4.592352
235 262 5.457240
235 263 3.951794
236 243 2.253340
236 244 2.776934
236 245 2.743269
236 246 3.494980
236 247 4.255121
236 248 3.143252
236 249 2.921377
236 250 4.880907
236 251 4.561588
236 252 4.726443
236 253 2.745868
236 254 3.661667
236 255 3.663124
236 256 4.860661
236 257 2.816763
236 258 4.170170
236 259 2.693319
236 260 4.611699
236 261 4.620767
236 262 5.078749
236 263 3.619241
237 243 3.259133
237 244 4.536348
237 245 5.320722
237 247 5.595211
237 248 3.303168
237 249 4.603187
237 252 5.474052
237 253 5.270688
237 259 4.687603
237 263 5.770413
238 243 3.379619
238 244 4.794136
238 245 5.621471
238 247 5.293671
238 248 2.778550
238 249 5.323660
238 251 5.120319
238 252 5.101251
238 253 5.270159
238 259 4.369081
238 263 5.788757
239 243 3.263142
239 244 4.521081
239 245 4.734072
239 246 5.758518
239 247 5.657463
239 248 3.500575
239 249 4.944851
239 251 5.617398
239 253 4.175794
239 254 4.969954
239 255 5.388336
239 257 4.805391
239 258 4.691708
239 259 3.502364
239 261 4.774654
239 262 5.622534
239 263 3.864412
240 243 3.671739
240 244 4.750106
240 245 5.394119
240 248 3.969671
240 249 4.635017
240 253 5.433453
240 257 5.566811
240 259 5.016221
241 243 4.193720
241 244 5.540075
241 248 4.083101
241 249 5.665209
241 259 5.451369
242 243 3.063208
242 244 4.252180
242 245 5.304798
242 247 5.137338
242 248 2.944669
242 249 4.217953
242 251 5.498347
242 252 4.831046
242 253 5.466809
242 259 4.914913
243 253 2.684809
243 254 4.105110
243 255 4.756769
243 257 4.342274
243 258 4.747879
243 259 2.279870
243 260 4.719475
243 261 4.735560
243 263 4.559248
244 253 2.433320
244 254 3.801949
244 255 4.329762
244 256 5.402033
244 257 4.021571
244 258 4.855930
244 259 2.553152
244 260 4.193210
244 261 4.956771
244 263 4.909223
245 253 1.335988
245 254 2.434868
245 255 2.893798
245 256 3.910551
245 257 2.822154
245 258 3.712816
245 259 2.028902
245 260 2.807045
245 261 4.008753
245 262 4.551261
245 263 3.925537
246 253 2.253994
246 254 2.776419
246 255 2.742482
246 256 3.492299
246 257 2.724523
246 258 4.254398
246 259 3.144808
246 260 2.920553
246 261 4.721927
246 262 4.881814
246 263 4.562982
247 253 3.258895
247 254 4.536076
247 255 5.320121
247 257 5.268294
247 258 5.594206
247 259 3.303203
247 260 4.602822
247 261 5.464661
248 253 3.377026
248 254 4.791825
248 255 5.619457
248 257 5.293046
248 258 5.290450
248 259 2.775559
248 260 5.321116
248 261 5.083240
248 263 5.132936
249 253 3.264179
249 254 4.521438
249 255 4.733931
249 256 5.764305
249 257 4.212685
249 258 5.657264
249 259 3.502223
249 260 4.945180
249 263 5.625395
250 253 3.671438
250 254 4.749655
250 255 5.393069
250 257 5.422517
250 259 3.969794
250 260 4.634696
251 253 3.062322
251 254 4.251573
251 255 5.303878
251 257 5.448254
251 258 5.135893
251 259 2.943876
251 260 4.217290
251 261 4.822043
251 263 5.510189
252 253 4.193433
252 254 5.539822
252 259 4.082515
252 260 5.664771

RESIDUES
ALA 1
 0.0 12.000000
 0.1 12.000000
 0.2 12.000000
 0.3 12.000000
 0.4 12.000000
 0.5 12.000000
 0.6 12.000000
 0.7 12.000000
 0.8 12.000000
 0.9 12.000000
 1.0 12.000000
 1.1 12.000000
 1.2 12.000000
 1.3 11.666667
 1.4 11.666667
 1.5 11.666667
 1.6 11.666667
 1.7 11.166667
 1.8 11.166667
 1.9 11.166667
 2.0 10.500000
 2.1 9.750000
 2.2 9.750000
 2.3 8.857143
 2.4 7.999714
 2.5 6.833000
 2.6 6.444333
 2.7 5.798882
 2.8 5.887118
 2.9 5.650333
 3.0 4.917000
 3.1 4.472500
 3.2 3.750000
 3.3 2.724105
 3.4 2.177750
 3.5 2.198273
 3.6 2.105375
 3.7 2.028133
 3.8 2.094500
 3.9 2.242952
 4.0 1.691214
 4.1 0.402273
 4.2 0.445120
 4.3 0.336000
 4.4 -0.230050
 4.5 -0.993650
 4.6 -1.431212
 4.7 -2.435654
 4.8 -2.989651
 4.9 0.256031
 5.0 4.299880
 5.1 2.887600
 5.2 2.148000
 5.3 0.954500
 5.4 -1.458452
 5.5 -7.486632
 5.6 -25.399857
 5.7 -34.027750

ALA 2
 0.0 10.000000
 0.1 10.000000
 0.2 10.000000
 0.3 10.000000
 0.4 10.000000
 0.5 10.000000
 0.6 10.000000
 0.7 10.000000
 0.8 10.000000
 0.9 10.000000
 1.0 10.000000
 1.1 10.000000
 1.2 10.000000
 1.3 9.333333
 1.4 9.333333
 1.5 9.333333
 1.6 9.333333
 1.7 8.500000
 1.8 8.500000
 1.9 8.500000
 2.0 7.500000
 2.1 6.750000
 2.2 6.750000
 2.3 5.285714
 2.4 3.999429
 2.5 2.166000
 2.6 1.833000
 2.7 1.401765
 2.8 1.651471
 2.9 1.501000
 3.0 0.001000
 3.1 -0.832500
 3.2 -1.749667
 3.3 -3.280579
 3.4 -3.853500
 3.5 -3.559909
 3.6 -3.165625
 3.7 -3.371867
 3.8 -3.770875
 3.9 -3.618952
 4.0 -4.761571
 4.1 -6.734818
 4.2 -5.783080
 4.3 -5.155895
 4.4 -5.370800
 4.5 -7.616950
 4.6 -8.528909
 4.7 -9.867692
 4.8 -13.783256
 4.9 -6.561813
 5.0 5.080400
 5.1 1.722450
 5.2 -1.617000
 5.3 -2.301615
 5.4 -7.410000
 5.5 -19.126737
 5.6 -51.323405
 5.7 -70.645050

ALA 3
 0.0 10.000000
 0.1 10.000000
 0.2 10.000000
 0.3 10.000000
 0.4 10.000000
 0.5 10.000000
 0.6 10.000000
 0.7 10.000000
 0.8 10.000000
 0.9 10.000000
 1.0 10.000000
 1.1 10.000000
 1.2 10.000000
 1.3 9.500000
 1.4 9.500000
 1.5 9.500000
 1.6 9.500000
 1.7 8.833333
 1.8 8.833333
 1.9 8.833333
 2.0 7.666667
 2.1 7.500000
 2.2 7.500000
 2.3 6.285714
 2.4 4.856286
 2.5 3.499000
 2.6 3.443667
 2.7 2.828235
 2.8 4.705765
 2.9 5.183600
 3.0 3.750000
 3.1 2.944333
 3.2 2.416667
 3.3 1.469474
 3.4 0.584250
 3.5 0.121909
 3.6 0.209375
 3.7 -0.076667
 3.8 1.428125
 3.9 2.242571
 4.0 0.033143
 4.1 -2.363909
 4.2 -0.782240
 4.3 0.890211
 4.4 -0.031700
 4.5 -1.541500
 4.6 -1.362788
 4.7 -3.215615
 4.8 -7.894000
 4.9 0.410969
 5.0 15.302720
 5.1 8.338325
 5.2 3.201000
 5.3 -0.439192
 5.4 -10.726065
 5.5 -32.580079
 5.6 -77.889262
 5.7 -105.816650

ALA 4
 0.0 10.000000
 0.1 10.000000
 0.2 10.000000
 0.3 10.000000
 0.4 10.000000
 0.5 10.000000
 0.6 10.000000
 0.7 10.000000
 0.8 10.000000
 0.9 10.000000
 1.0 10.000000
 1.1 10.000000
 1.2 10.000000
 1.3 9.500000
 1.4 9.500000
 1.5 9.500000
 1.6 9.500000
 1.7 8.333333
 1.8 8.333333
 1.9 8.333333
 2.0 7.333333
 2.1 7.000000
 2.2 7.000000
 2.3 5.785714
 2.4 4.237286
 2.5 2.999000
 2.6 3.055333
 2.7 2.642176
 2.8 4.337882
 2.9 4.478133
 3.0 3.000000
 3.1 2.277833
 3.2 1.250000
 3.3 0.000211
 3.4 -1.530250
 3.5 -2.620636
 3.6 -2.624000
 3.7 -2.915733
 3.8 -2.031000
 3.9 -1.610762
 4.0 -4.652393
 4.1 -8.856273
 4.2 -7.272880
 4.3 -6.822632
 4.4 -8.804300
 4.5 -13.539200
 4.6 -16.923333
 4.7 -19.724385
 4.8 -32.181163
 4.9 -25.664969
 5.0 -4.442680
 5.1 -20.202725
 5.2 -31.317000
 5.3 -35.670077
 5.4 -56.034161
 5.5 -87.017553
 5.6 -143.654357
 5.7 -188.205150

ALA 5
 0.0 10.000000
 0.1 10.000000
 0.2 10.000000
 0.3 10.000000
 0.4 10.000000
 0.5 10.000000
 0.6 10.000000
 0.7 10.000000
 0.8 10.000000
 0.9 10.000000
 1.0 10.000000
 1.1 10.000000
 1.2 10.000000
 1.3 9.333333
 1.4 9.333333
 1.5 9.333333
 1.6 9.333333
 1.7 8.166667
 1.8 8.166667
 1.9 8.166667
 2.0 7.166667
 2.1 7.000000
 2.2 7.000000
 2.3 5.857143
 2.4 4.142000
 2.5 2.999000
 2.6 3.055000
 2.7 2.573412
 2.8 4.298765
 2.9 4.467000
 3.0 3.000000
 3.1 2.277833
 3.2 1.250000
 3.3 0.096737
 3.4 -1.561625
 3.5 -2.514455
 3.6 -2.665625
 3.7 -2.926733
 3.8 -1.999875
 3.9 -1.618667
 4.0 -4.676143
 4.1 -8.856091
 4.2 -6.841320
 4.3 -6.518000
 4.4 -7.820050
 4.5 -12.107950
 4.6 -15.188970
 4.7 -16.169885
 4.8 -25.398698
 4.9 -11.746156
 5.0 20.825560
 5.1 13.837450
 5.2 6.999000
 5.3 7.293269
 5.4 -2.816000
 5.5 -20.024895
 5.6 -57.480595
 5.7 -86.388350

ALA 6
 0.0 10.000000
 0.1 10.000000
 0.2 10.000000
 0.3 10.000000
 0.4 10.000000
 0.5 10.000000
 0.6 10.000000
 0.7 10.000000
 0.8 10.000000
 0.9 10.000000
 1.0 10.000000
 1.1 10.000000
 1.2 10.000000
 1.3 9.166667
 1.4 9.166667
 1.5 9.166667
 1.6 9.166667
 1.7 8.500000
 1.8 8.500000
 1.9 8.500000
 2.0 7.000000
 2.1 7.000000
 2.2 7.000000
 2.3 5.714286
 2.4 4.380143
 2.5 2.999000
 2.6 2.999667
 2.7 2.652059
 2.8 4.244706
 2.9 4.533667
 3.0 3.000000
 3.1 2.194500
 3.2 1.333333
 3.3 0.061579
 3.4 -1.561500
 3.5 -2.605455
 3.6 -2.665625
 3.7 -2.915733
 3.8 -1.989500
 3.9 -1.634571
 4.0 -4.673250
 4.1 -8.909182
 4.2 -6.855960
 4.3 -6.508316
 4.4 -7.825100
 4.5 -12.048700
 4.6 -15.157091
 4.7 -16.153769
 4.8 -25.506000
 4.9 -11.750438
 5.0 20.889720
 5.1 13.747800
 5.2 6.999000
 5.3 7.159962
 5.4 -2.861032
 5.5 -20.100053
 5.6 -57.438905
 5.7 -86.482500

ALA 7
 0.0 10.000000
 0.1 10.000000
 0.2 10.000000
 0.3 10.000000
 0.4 10.000000
 0.5 10.000000
 0.6 10.000000
 0.7 10.000000
 0.8 10.000000
 0.9 10.000000
 1.0 10.000000
 1.1 10.000000
 1.2 10.000000
 1.3 9.166667
 1.4 9.166667
 1.5 9.166667
 1.6 9.166667
 1.7 8.500000
 1.8 8.500000
 1.9 8.500000
 2.0 7.166667
 2.1 7.000000
 2.2 7.000000
 2.3 5.642857
 2.4 4.237286
 2.5 2.999000
 2.6 2.888333
 2.7 2.602882
 2.8 4.274235
 2.9 4.467000
 3.0 3.000000
 3.1 2.250000
 3.2 1.333333
 3.3 0.044105
 3.4 -1.603250
 3.5 -2.666273
 3.6 -2.749000
 3.7 -2.843467
 3.8 -1.979000
 3.9 -1.598762
 4.0 -4.691071
 4.1 -8.947091
 4.2 -6.892720
 4.3 -6.480316
 4.4 -7.783400
 4.5 -11.976450
 4.6 -15.159636
 4.7 -16.157500
 4.8 -25.533907
 4.9 -11.912406
 5.0 20.913800
 5.1 13.839500
 5.2 6.999000
 5.3 7.235615
 5.4 -2.859516
 5.5 -20.169316
 5.6 -57.091262
 5.7 -86.485900

ALA 8
 0.0 10.000000
 0.1 10.000000
 0.2 10.000000
 0.3 10.000000
 0.4 10.000000
 0.5 10.000000
 0.6 10.000000
 0.7 10.000000
 0.8 10.000000
 0.9 10.000000
 1.0 10.000000
 1.1 10.000000
 1.2 10.000000
 1.3 9.333333
 1.4 9.333333
 1.5 9.333333
 1.6 9.333333
 1.7 8.500000
 1.8 8.500000
 1.9 8.500000
 2.0 7.333333
 2.1 7.000000
 2.2 7.000000
 2.3 5.857143
 2.4 4.261143
 2.5 2.999000
 2.6 3.166667
 2.7 2.627353
 2.8 4.337941
 2.9 4.467000
 3.0 3.000000
 3.1 2.250000
 3.2 1.333333
 3.3 0.009000
 3.4 -1.519875
 3.5 -2.605455
 3.6 -2.686500
 3.7 -2.843600
 3.8 -1.999750
 3.9 -1.622714
 4.0 -4.649393
 4.1 -9.022909
 4.2 -6.889320
 4.3 -6.485684
 4.4 -7.694250
 4.5 -12.185200
 4.6 -15.121212
 4.7 -16.219692
 4.8 -25.553023
 4.9 -12.010312
 5.0 21.075560
 5.1 13.606575
 5.2 6.999000
 5.3 7.325308
 5.4 -2.899645
 5.5 -20.214053
 5.6 -56.789262
 5.7 -86.462550

ALA 9
 0.0 10.000000
 0.1 10.000000
 0.2 10.000000
 0.3 10.000000
 0.4 10.000000
 0.5 10.000000
 0.6 10.000000
 0.7 10.000000
 0.8 10.000000
 0.9 10.000000
 1.0 10.000000
 1.1 10.000000
 1.2 10.000000
 1.3 9.333333
 1.4 9.333333
 1.5 9.333333
 1.6 9.333333
 1.7 8.333333
 1.8 8.333333
 1.9 8.333333
 2.0 7.333333
 2.1 7.000000
 2.2 7.000000
 2.3 5.857143
 2.4 4.308714
 2.5 2.999000
 2.6 3.110667
 2.7 2.686353
 2.8 4.274176
 2.9 4.555933
 3.0 3.000000
 3.1 2.305500
 3.2 1.333333
 3.3 0.105474
 3.4 -1.478125
 3.5 -2.605545
 3.6 -2.644875
 3.7 -2.910333
 3.8 -2.020625
 3.9 -1.686190
 4.0 -4.661321
 4.1 -8.886545
 4.2 -6.832640
 4.3 -6.512789
 4.4 -7.765150
 4.5 -12.151100
 4.6 -15.152121
 4.7 -16.177385
 4.8 -25.592581
 4.9 -11.891125
 5.0 21.040600
 5.1 13.606975
 5.2 6.999000
 5.3 7.307308
 5.4 -2.934065
 5.5 -20.184132
 5.6 -56.760714
 5.7 -86.505050

ALA 10
 0.0 10.000000
 0.1 10.000000
 0.2 10.000000
 0.3 10.000000
 0.4 10.000000
 0.5 10.000000
 0.6 10.000000
 0.7 10.000000
 0.8 10.000000
 0.9 10.000000
 1.0 10.000000
 1.1 10.000000
 1.2 10.000000
 1.3 9.166667
 1.4 9.166667
 1.5 9.166667
 1.6 9.166667
 1.7 8.500000
 1.8 8.500000
 1.9 8.500000
 2.0 7.166667
 2.1 7.000000
 2.2 7.000000
 2.3 5.714286
 2.4 4.213429
 2.5 2.999000
 2.6 2.777333
 2.7 2.627353
 2.8 4.377118
 2.9 4.511467
 3.0 3.000000
 3.1 2.277833
 3.2 1.250000
 3.3 0.044158
 3.4 -1.467750
 3.5 -2.590364
 3.6 -2.644875
 3.7 -2.882533
 3.8 -1.999875
 3.9 -1.670238
 4.0 -4.652393
 4.1 -8.787909
 4.2 -6.839320
 4.3 -6.390842
 4.4 -7.790200
 4.5 -12.216950
 4.6 -15.164697
 4.7 -16.259038
 4.8 -25.574721
 4.9 -11.867625
 5.0 20.813040
 5.1 13.259850
 5.2 6.999000
 5.3 7.070808
 5.4 -2.916387
 5.5 -20.232421
 5.6 -57.169452
 5.7 -86.444950

ALA 11
 0.0 10.000000
 0.1 10.000000
 0.2 10.000000
 0.3 10.000000
 0.4 10.000000
 0.5 10.000000
 0.6 10.000000
 0.7 10.000000
 0.8 10.000000
 0.9 10.000000
 1.0 10.000000
 1.1 10.000000
 1.2 10.000000
 1.3 9.166667
 1.4 9.166667
 1.5 9.166667
 1.6 9.166667
 1.7 8.500000
 1.8 8.500000
 1.9 8.500000
 2.0 7.166667
 2.1 7.000000
 2.2 7.000000
 2.3 5.785714
 2.4 4.213429
 2.5 2.999000
 2.6 3.000000
 2.7 2.647000
 2.8 4.362471
 2.9 4.467000
 3.0 3.000000
 3.1 2.389000
 3.2 1.333333
 3.3 0.017789
 3.4 -1.478125
 3.5 -2.590273
 3.6 -2.728125
 3.7 -2.860200
 3.8 -1.999875
 3.9 -1.682190
 4.0 -4.714857
 4.1 -8.886364
 4.2 -6.856000
 4.3 -6.483737
 4.4 -7.879250
 4.5 -12.227050
 4.6 -15.184909
 4.7 -16.252000
 4.8 -25.609884
 4.9 -11.864937
 5.0 20.820880
 5.1 13.357725
 5.2 6.999000
 5.3 7.125962
 5.4 -2.957129
 5.5 -20.260000
 5.6 -57.595548
 5.7 -86.624200

ALA 12
 0.0 10.000000
 0.1 10.000000
 0.2 10.000000
 0.3 10.000000
 0.4 10.000000
 0.5 10.000000
 0.6 10.000000
 0.7 10.000000
 0.8 10.000000
 0.9 10.000000
 1.0 10.000000
 1.1 10.000000
 1.2 10.000000
 1.3 9.333333
 1.4 9.333333
 1.5 9.333333
 1.6 9.333333
 1.7 8.333333
 1.8 8.333333
 1.9 8.333333
 2.0 7.333333
 2.1 7.000000
 2.2 7.000000
 2.3 5.785714
 2.4 4.284857
 2.5 2.999000
 2.6 2.943667
 2.7 2.637176
 2.8 4.396824
 2.9 4.433667
 3.0 3.000000
 3.1 2.278000
 3.2 1.250000
 3.3 -0.043579
 3.4 -1.551125
 3.5 -2.666182
 3.6 -2.624000
 3.7 -2.787933
 3.8 -1.999875
 3.9 -1.559095
 4.0 -4.744679
 4.1 -8.742455
 4.2 -6.872680
 4.3 -6.475947
 4.4 -7.764300
 4.5 -12.201200
 4.6 -15.157667
 4.7 -16.212077
 4.8 -25.387000
 4.9 -11.752406
 5.0 20.915600
 5.1 13.676075
 5.2 6.999000
 5.3 7.185615
 5.4 -3.095226
 5.5 -20.400868
 5.6 -57.618667
 5.7 -86.473200

ALA 13
 0.0 10.000000
 0.1 10.000000
 0.2 10.000000
 0.3 10.000000
 0.4 10.000000
 0.5 10.000000
 0.6 10.000000
 0.7 10.000000
 0.8 10.000000
 0.9 10.000000
 1.0 10.000000
 1.1 10.000000
 1.2 10.000000
 1.3 9.500000
 1.4 9.500000
 1.5 9.500000
 1.6 9.500000
 1.7 8.333333
 1.8 8.333333
 1.9 8.333333
 2.0 7.500000
 2.1 7.000000
 2.2 7.000000
 2.3 5.785714
 2.4 4.356286
 2.5 2.999000
 2.6 3.055333
 2.7 2.617647
 2.8 4.396765
 2.9 4.478067
 3.0 3.000000
 3.1 1.972167
 3.2 1.333333
 3.3 -0.017263
 3.4 -1.530250
 3.5 -2.605545
 3.6 -2.540625
 3.7 -2.865733
 3.8 -1.999875
 3.9 -1.543333
 4.0 -4.744643
 4.1 -8.742364
 4.2 -6.859360
 4.3 -6.397000
 4.4 -7.726850
 4.5 -12.201100
 4.6 -15.133848
 4.7 -16.158885
 4.8 -25.256372
 4.9 -11.752438
 5.0 21.054960
 5.1 13.877400
 5.2 6.999000
 5.3 7.247846
 5.4 -3.023871
 5.5 -20.342895
 5.6 -57.410000
 5.7 -86.564150

ALA 14
 0.0 10.000000
 0.1 10.000000
 0.2 10.000000
 0.3 10.000000
 0.4 10.000000
 0.5 10.000000
 0.6 10.000000
 0.7 10.000000
 0.8 10.000000
 0.9 10.000000
 1.0 10.000000
 1.1 10.000000
 1.2 10.000000
 1.3 9.666667
 1.4 9.666667
 1.5 9.666667
 1.6 9.666667
 1.7 8.166667
 1.8 8.166667
 1.9 8.166667
 2.0 7.666667
 2.1 7.000000
 2.2 7.000000
 2.3 5.857143
 2.4 4.380143
 2.5 2.999000
 2.6 3.055000
 2.7 2.676529
 2.8 4.303647
 2.9 4.378133
 3.0 3.000000
 3.1 2.139000
 3.2 1.583333
 3.3 0.052895
 3.4 -1.582250
 3.5 -2.635727
 3.6 -2.936375
 3.7 -2.921267
 3.8 -1.989500
 3.9 -1.785190
 4.0 -4.741571
 4.1 -8.765182
 4.2 -6.877320
 4.3 -6.703105
 4.4 -7.980250
 4.5 -12.069600
 4.6 -14.858455
 4.7 -16.165231
 4.8 -25.146326
 4.9 -11.405594
 5.0 20.798440
 5.1 14.174400
 5.2 6.999000
 5.3 7.313846
 5.4 -2.271903
 5.5 -18.716947
 5.6 -56.487595
 5.7 -86.367400

ALA 15
 0.0 10.000000
 0.1 10.000000
 0.2 10.000000
 0.3 10.000000
 0.4 10.000000
 0.5 10.000000
 0.6 10.000000
 0.7 10.000000
 0.8 10.000000
 0.9 10.000000
 1.0 10.000000
 1.1 10.000000
 1.2 10.000000
 1.3 9.333333
 1.4 9.333333
 1.5 9.333333
 1.6 9.333333
 1.7 8.333333
 1.8 8.333333
 1.9 8.333333
 2.0 7.500000
 2.1 7.000000
 2.2 7.000000
 2.3 5.857143
 2.4 4.142000
 2.5 2.999000
 2.6 2.999667
 2.7 2.578294
 2.8 4.382118
 2.9 4.467067
 3.0 3.000000
 3.1 2.305667
 3.2 1.083333
 3.3 -0.061053
 3.4 -1.572000
 3.5 -2.590273
 3.6 -2.957375
 3.7 -2.910267
 3.8 -2.020750
 3.9 -1.467857
 4.0 -4.688214
 4.1 -8.757727
 4.2 -6.763920
 4.3 -6.868895
 4.4 -7.860050
 4.5 -12.044600
 4.6 -14.697242
 4.7 -16.036538
 4.8 -25.129070
 4.9 -11.113812
 5.0 20.682000
 5.1 13.936275
 5.2 6.999000
 5.3 7.539346
 5.4 -1.913516
 5.5 -17.803368
 5.6 -56.059595
 5.7 -86.101400

ALA 16
 0.0 10.000000
 0.1 10.000000
 0.2 10.000000
 0.3 10.000000
 0.4 10.000000
 0.5 10.000000
 0.6 10.000000
 0.7 10.000000
 0.8 10.000000
 0.9 10.000000
 1.0 10.000000
 1.1 10.000000
 1.2 10.000000
 1.3 9.166667
 1.4 9.166667
 1.5 9.166667
 1.6 9.166667
 1.7 8.500000
 1.8 8.500000
 1.9 8.500000
 2.0 7.333333
 2.1 7.000000
 2.2 7.000000
 2.3 5.857143
 2.4 4.308714
 2.5 2.999000
 2.6 2.999667
 2.7 2.676529
 2.8 4.333000
 2.9 4.611467
 3.0 3.000000
 3.1 2.250000
 3.2 1.416667
 3.3 0.000211
 3.4 -1.582375
 3.5 -2.666000
 3.6 -2.582375
 3.7 -2.971333
 3.8 -1.989500
 3.9 -1.606857
 4.0 -4.604821
 4.1 -8.735182
 4.2 -6.773960
 4.3 -6.474158
 4.4 -7.764600
 4.5 -11.964750
 4.6 -15.082970
 4.7 -16.151846
 4.8 -25.663698
 4.9 -11.471250
 5.0 20.790200
 5.1 13.444225
 5.2 6.832500
 5.3 7.424808
 5.4 -1.840258
 5.5 -17.717605
 5.6 -56.124524
 5.7 -85.510550

ALA 17
 0.0 10.000000
 0.1 10.000000
 0.2 10.000000
 0.3 10.000000
 0.4 10.000000
 0.5 10.000000
 0.6 10.000000
 0.7 10.000000
 0.8 10.000000
 0.9 10.000000
 1.0 10.000000
 1.1 10.000000
 1.2 10.000000
 1.3 9.500000
 1.4 9.500000
 1.5 9.500000
 1.6 9.500000
 1.7 8.000000
 1.8 8.000000
 1.9 8.000000
 2.0 7.333333
 2.1 7.000000
 2.2 7.000000
 2.3 5.785714
 2.4 4.284857
 2.5 2.999000
 2.6 3.111000
 2.7 2.612706
 2.8 4.259588
 2.9 4.433667
 3.0 2.500000
 3.1 2.166667
 3.2 1.583333
 3.3 0.044000
 3.4 -1.603250
 3.5 -2.544909
 3.6 -2.811500
 3.7 -2.871267
 3.8 -2.020750
 3.9 -1.638333
 4.0 -4.664250
 4.1 -8.841000
 4.2 -7.011520
 4.3 -6.983789
 4.4 -7.885800
 4.5 -11.999450
 4.6 -14.881000
 4.7 -16.210846
 4.8 -25.502465
 4.9 -11.402219
 5.0 20.760240
 5.1 13.743225
 5.2 6.957500
 5.3 7.319692
 5.4 -2.461032
 5.5 -18.730789
 5.6 -56.606643
 5.7 -86.065700

ALA 18
 0.0 10.000000
 0.1 10.000000
 0.2 10.000000
 0.3 10.000000
 0.4 10.000000
 0.5 10.000000
 0.6 10.000000
 0.7 10.000000
 0.8 10.000000
 0.9 10.000000
 1.0 10.000000
 1.1 10.000000
 1.2 10.000000
 1.3 9.333333
 1.4 9.333333
 1.5 9.333333
 1.6 9.333333
 1.7 8.333333
 1.8 8.333333
 1.9 8.333333
 2.0 7.166667
 2.1 7.000000
 2.2 7.000000
 2.3 5.714286
 2.4 4.332571
 2.5 2.999000
 2.6 2.832667
 2.7 2.642176
 2.8 4.357529
 2.9 4.322600
 3.0 2.500000
 3.1 2.138833
 3.2 1.250000
 3.3 -0.131316
 3.4 -1.582250
 3.5 -2.696636
 3.6 -2.999125
 3.7 -2.915867
 3.8 -2.010375
 3.9 -1.733905
 4.0 -4.708786
 4.1 -8.810636
 4.2 -7.007920
 4.3 -6.465316
 4.4 -7.830950
 4.5 -11.957050
 4.6 -15.091576
 4.7 -16.187808
 4.8 -25.446116
 4.9 -11.894781
 5.0 21.158560
 5.1 13.646750
 5.2 6.958000
 5.3 6.875500
 5.4 -3.013774
 5.5 -20.369053
 5.6 -57.455524
 5.7 -86.516500

ALA 19
 0.0 10.000000
 0.1 10.000000
 0.2 10.000000
 0.3 10.000000
 0.4 10.000000
 0.5 10.000000
 0.6 10.000000
 0.7 10.000000
 0.8 10.000000
 0.9 10.000000
 1.0 10.000000
 1.1 10.000000
 1.2 10.000000
 1.3 9.166667
 1.4 9.166667
 1.5 9.166667
 1.6 9.166667
 1.7 8.666667
 1.8 8.666667
 1.9 8.666667
 2.0 7.333333
 2.1 7.000000
 2.2 7.000000
 2.3 5.857143
 2.4 4.142000
 2.5 2.999000
 2.6 3.111333
 2.7 2.642000
 2.8 4.284059
 2.9 4.378133
 3.0 3.000000
 3.1 2.222333
 3.2 1.416667
 3.3 0.052842
 3.4 -1.572000
 3.5 -2.514364
 3.6 -2.624000
 3.7 -2.926933
 3.8 -1.979125
 3.9 -1.610762
 4.0 -4.756500
 4.1 -8.727364
 4.2 -6.859920
 4.3 -6.588211
 4.4 -7.790100
 4.5 -12.162050
 4.6 -15.211152
 4.7 -16.109615
 4.8 -25.406140
 4.9 -11.901875
 5.0 20.865000
 5.1 13.873650
 5.2 7.291000
 5.3 7.489423
 5.4 -2.808387
 5.5 -19.889868
 5.6 -57.922976
 5.7 -87.135750

ALA 20
 0.0 10.000000
 0.1 10.000000
 0.2 10.000000
 0.3 10.000000
 0.4 10.000000
 0.5 10.000000
 0.6 10.000000
 0.7 10.000000
 0.8 10.000000
 0.9 10.000000
 1.0 10.000000
 1.1 10.000000
 1.2 10.000000
 1.3 9.166667
 1.4 9.166667
 1.5 9.166667
 1.6 9.166667
 1.7 8.000000
 1.8 8.000000
 1.9 8.000000
 2.0 7.333333
 2.1 7.000000
 2.2 7.000000
 2.3 5.857143
 2.4 4.284857
 2.5 2.999000
 2.6 2.888000
 2.7 2.686294
 2.8 4.342882
 2.9 4.444733
 3.0 3.000000
 3.1 2.194500
 3.2 1.333333
 3.3 -0.104947
 3.4 -1.634625
 3.5 -2.742091
 3.6 -2.603125
 3.7 -2.749200
 3.8 -1.968625
 3.9 -1.606714
 4.0 -4.780393
 4.1 -8.666727
 4.2 -6.833360
 4.3 -6.684684
 4.4 -7.847600
 4.5 -12.067550
 4.6 -15.199667
 4.7 -16.205692
 4.8 -25.455581
 4.9 -11.604125
 5.0 21.039040
 5.1 13.750625
 5.2 6.957500
 5.3 7.278462
 5.4 -2.876871
 5.5 -19.908395
 5.6 -57.615071
 5.7 -86.766600

ALA 21
 0.0 10.000000
 0.1 10.000000
 0.2 10.000000
 0.3 10.000000
 0.4 10.000000
 0.5 10.000000
 0.6 10.000000
 0.7 10.000000
 0.8 10.000000
 0.9 10.000000
 1.0 10.000000
 1.1 10.000000
 1.2 10.000000
 1.3 9.166667
 1.4 9.166667
 1.5 9.166667
 1.6 9.166667
 1.7 8.333333
 1.8 8.333333
 1.9 8.333333
 2.0 7.166667
 2.1 7.000000
 2.2 7.000000
 2.3 5.785714
 2.4 4.237143
 2.5 2.999000
 2.6 3.111333
 2.7 2.696000
 2.8 4.416353
 2.9 4.489200
 3.0 3.000000
 3.1 2.111167
 3.2 1.416667
 3.3 -0.034789
 3.4 -1.509500
 3.5 -2.544818
 3.6 -2.707375
 3.7 -2.915733
 3.8 -2.020625
 3.9 -1.630619
 4.0 -4.735679
 4.1 -8.742455
 4.2 -6.843360
 4.3 -6.552158
 4.4 -7.865100
 4.5 -12.065450
 4.6 -15.163697
 4.7 -16.167231
 4.8 -25.367698
 4.9 -11.933781
 5.0 20.847720
 5.1 13.581125
 5.2 6.999000
 5.3 7.181692
 5.4 -3.081355
 5.5 -20.052974
 5.6 -57.461548
 5.7 -86.352500

ALA 22
 0.0 10.000000
 0.1 10.000000
 0.2 10.000000
 0.3 10.000000
 0.4 10.000000
 0.5 10.000000
 0.6 10.000000
 0.7 10.000000
 0.8 10.000000
 0.9 10.000000
 1.0 10.000000
 1.1 10.000000
 1.2 10.000000
 1.3 9.333333
 1.4 9.333333
 1.5 9.333333
 1.6 9.333333
 1.7 8.666667
 1.8 8.666667
 1.9 8.666667
 2.0 7.333333
 2.1 7.000000
 2.2 7.000000
 2.3 5.714286
 2.4 4.427714
 2.5 2.999000
 2.6 2.999333
 2.7 2.725471
 2.8 4.367412
 2.9 4.467000
 3.0 3.000000
 3.1 2.250000
 3.2 1.416667
 3.3 -0.017368
 3.4 -1.499000
 3.5 -2.666364
 3.6 -2.582375
 3.7 -2.871333
 3.8 -1.999875
 3.9 -1.654429
 4.0 -4.726750
 4.1 -8.787909
 4.2 -6.859360
 4.3 -6.445316
 4.4 -7.850850
 4.5 -12.103700
 4.6 -15.145515
 4.7 -16.204423
 4.8 -25.326907
 4.9 -11.934344
 5.0 20.913040
 5.1 13.513725
 5.2 6.999000
 5.3 7.062615
 5.4 -3.101903
 5.5 -20.062816
 5.6 -57.199643
 5.7 -86.320800

ALA 23
 0.0 10.000000
 0.1 10.000000
 0.2 10.000000
 0.3 10.000000
 0.4 10.000000
 0.5 10.000000
 0.6 10.000000
 0.7 10.000000
 0.8 10.000000
 0.9 10.000000
 1.0 10.000000
 1.1 10.000000
 1.2 10.000000
 1.3 9.333333
 1.4 9.333333
 1.5 9.333333
 1.6 9.333333
 1.7 8.000000
 1.8 8.000000
 1.9 8.000000
 2.0 7.333333
 2.1 7.000000
 2.2 7.000000
 2.3 5.714286
 2.4 4.213429
 2.5 2.999000
 2.6 2.944333
 2.7 2.632235
 2.8 4.318353
 2.9 4.433667
 3.0 3.000000
 3.1 2.333333
 3.2 1.500000
 3.3 0.017737
 3.4 -1.561750
 3.5 -2.666273
 3.6 -2.707250
 3.7 -2.932467
 3.8 -1.999875
 3.9 -1.717714
 4.0 -4.827929
 4.1 -8.954455
 4.2 -7.242520
 4.3 -7.201368
 4.4 -9.046650
 4.5 -13.208850
 4.6 -16.852152
 4.7 -18.361808
 4.8 -30.132442
 4.9 -23.452531
 5.0 -2.641160
 5.1 -18.548775
 5.2 -28.651000
 5.3 -33.362538
 5.4 -51.654806
 5.5 -79.956342
 5.6 -126.869881
 5.7 -167.405900

ALA 24
 0.0 10.000000
 0.1 10.000000
 0.2 10.000000
 0.3 10.000000
 0.4 10.000000
 0.5 10.000000
 0.6 10.000000
 0.7 10.000000
 0.8 10.000000
 0.9 10.000000
 1.0 10.000000
 1.1 10.000000
 1.2 10.000000
 1.3 9.500000
 1.4 9.500000
 1.5 9.500000
 1.6 9.500000
 1.7 8.666667
 1.8 8.666667
 1.9 8.666667
 2.0 7.833333
 2.1 7.500000
 2.2 7.500000
 2.3 6.357143
 2.4 4.904000
 2.5 3.499000
 2.6 3.388333
 2.7 3.112765
 2.8 4.637059
 2.9 4.849533
 3.0 3.416000
 3.1 2.722000
 3.2 2.083667
 3.3 1.101368
 3.4 0.302375
 3.5 -0.075182
 3.6 0.230250
 3.7 -0.271267
 3.8 0.458625
 3.9 0.607857
 4.0 -1.220893
 4.1 -3.591182
 4.2 -2.165160
 4.3 -1.317368
 4.4 -1.042200
 4.5 -3.051700
 4.6 -4.046061
 4.7 -4.939231
 4.8 -12.893442
 4.9 -10.469188
 5.0 7.518960
 5.1 -1.372225
 5.2 -7.882000
 5.3 -9.482077
 5.4 -20.212710
 5.5 -40.135342
 5.6 -72.598071
 5.7 -100.373400

ALA 25
 0.0 10.000000
 0.1 10.000000
 0.2 10.000000
 0.3 10.000000
 0.4 10.000000
 0.5 10.000000
 0.6 10.000000
 0.7 10.000000
 0.8 10.000000
 0.9 10.000000
 1.0 10.000000
 1.1 10.000000
 1.2 10.000000
 1.3 9.666667
 1.4 9.666667
 1.5 9.666667
 1.6 9.666667
 1.7 8.833333
 1.8 8.833333
 1.9 8.833333
 2.0 8.000000
 2.1 7.500000
 2.2 7.500000
 2.3 6.357143
 2.4 5.023286
 2.5 3.666000
 2.6 3.499667
 2.7 2.504765
 2.8 3.039353
 2.9 2.433200
 3.0 0.833000
 3.1 0.027667
 3.2 -0.750000
 3.3 -2.218789
 3.4 -3.426625
 3.5 -4.333545
 3.6 -4.062500
 3.7 -3.456133
 3.8 -2.771250
 3.9 -2.452190
 4.0 -3.801464
 4.1 -5.705545
 4.2 -4.922880
 4.3 -5.450684
 4.4 -6.050950
 4.5 -6.782250
 4.6 -7.985848
 4.7 -8.639885
 4.8 -13.418953
 4.9 -8.677687
 5.0 3.309760
 5.1 -3.173200
 5.2 -6.534000
 5.3 -7.438962
 5.4 -13.537613
 5.5 -25.301368
 5.6 -45.306500
 5.7 -61.094150

ALA 26
 0.0 11.000000
 0.1 11.000000
 0.2 11.000000
 0.3 11.000000
 0.4 11.000000
 0.5 11.000000
 0.6 11.000000
 0.7 11.000000
 0.8 11.000000
 0.9 11.000000
 1.0 11.000000
 1.1 11.000000
 1.2 11.000000
 1.3 10.833333
 1.4 10.833333
 1.5 10.833333
 1.6 10.833333
 1.7 10.000000
 1.8 10.000000
 1.9 10.000000
 2.0 9.833333
 2.1 9.500000
 2.2 9.500000
 2.3 8.928571
 2.4 8.095000
 2.5 7.333000
 2.6 7.277667
 2.7 6.411941
 2.8 5.700588
 2.9 4.771867
 3.0 4.083000
 3.1 3.750000
 3.2 3.250333
 3.3 2.284842
 3.4 1.593000
 3.5 1.545545
 3.6 1.666375
 3.7 1.505333
 3.8 1.707750
 3.9 1.619000
 4.0 1.213857
 4.1 0.143636
 4.2 0.332880
 4.3 -0.094105
 4.4 -0.201900
 4.5 -0.673800
 4.6 -1.413364
 4.7 -1.667462
 4.8 -3.314093
 4.9 -1.949719
 5.0 2.016360
 5.1 0.023375
 5.2 -1.348000
 5.3 -1.958769
 5.4 -3.971097
 5.5 -9.133789
 5.6 -17.931429
 5.7 -25.179650

