ATOMS
N -10.502 -12.587 -12.097
CA -9.053 -12.587 -12.097
C -8.530 -11.157 -12.097
O -7.637 -10.822 -11.322
CB -8.492 -13.288 -13.329

N -9.089 -10.316 -12.970
CA -8.679 -8.930 -13.068
C -8.833 -8.242 -11.719
O -7.926 -7.546 -11.269
CB -9.526 -8.178 -14.089

N -9.986 -8.440 -11.075
CA -10.254 -7.841 -9.784
C -9.181 -8.249 -8.784
O -8.651 -7.407 -8.063
CB -11.608 -8.287 -9.242

N -8.864 -9.545 -8.744
CA -7.858 -10.059 -7.837
C -6.533 -9.345 -8.065
O -5.886 -8.915 -7.113
CB -7.640 -11.554 -8.048

N -6.132 -9.222 -9.332
CA -4.889 -8.563 -9.681
C -4.879 -7.143 -9.134
O -3.896 -6.715 -8.533
CB -4.709 -8.495 -11.194

N -5.977 -6.413 -9.344
CA -6.091 -5.047 -8.874
C -5.684 -4.963 -7.409
O -5.251 -3.912 -6.944
CB -7.523 -4.540 -9.003

N -5.824 -6.076 -6.685
CA -5.472 -6.125 -5.280
C -4.084 -5.539 -5.069
O -3.775 -5.047 -3.986
CB -5.471 -7.560 -4.764

N -3.247 -5.593 -6.108
CA -1.898 -5.069 -6.033
C -1.914 -3.663 -5.452
O -0.928 -3.220 -4.867
CB -1.255 -5.010 -7.414

N -3.039 -2.962 -5.614
CA -3.180 -1.612 -5.107
C -2.735 -1.550 -3.653
O -2.320 -0.497 -3.174
CB -4.630 -1.145 -5.185

N -2.822 -2.683 -2.953
CA -2.429 -2.754 -1.560
C -1.053 -2.132 -1.372
O -0.729 -1.656 -0.286
CB -2.371 -4.200 -1.079

N -0.245 -2.136 -2.434
CA 1.090 -1.574 -2.383
C 1.026 -0.115 -1.954
O 1.783 0.311 -1.084
CB 1.767 -1.643 -3.748

N 0.121 0.650 -2.568
CA -0.038 2.054 -2.249
C -0.333 2.224 -0.765
O 0.273 3.062 -0.102
CB -1.187 2.671 -3.039

N -1.268 1.424 -0.246
CA -1.639 1.487 1.153
C -0.415 1.267 2.029
O -0.189 2.012 2.980
CB -2.672 0.419 1.495

N 0.375 0.240 1.707
CA 1.571 -0.074 2.463
C 2.500 1.131 2.496
O 3.009 1.496 3.554
CB 2.324 -1.244 1.839

N 2.721 1.748 1.333
CA 3.586 2.906 1.232
C 3.098 4.006 2.164
O 3.888 4.596 2.897
CB 3.603 3.456 -0.191

N 1.792 4.279 2.133
CA 1.204 5.304 2.973
C 1.503 5.016 4.437
O 2.280 5.730 5.065
CB -0.309 5.359 2.794

N 0.882 3.965 4.978
CA 1.082 3.587 6.362
C 2.560 3.339 6.628
O 3.205 4.116 7.328
CB 0.314 2.314 6.700

N 3.094 2.251 6.067
CA 4.489 1.905 6.245
C 5.376 3.051 5.780
O 6.012 3.715 6.596
CB 4.853 0.661 5.440

N 5.415 3.282 4.466
CA 6.221 4.344 3.899
C 5.831 5.681 4.512
O 6.598 6.263 5.276
CB 6.027 4.434 2.389

N 4.634 6.167 4.175
CA 4.146 7.430 4.692
C 4.136 7.404 6.213
O 4.934 8.086 6.852
CB 2.728 7.710 4.207

N 3.229 6.613 6.791
CA 3.118 6.501 8.232
C 4.447 6.058 8.826
O 4.914 6.637 9.805
CB 2.055 5.479 8.622

N 5.056 5.030 8.230
CA 6.326 4.515 8.700
C 7.368 5.625 8.712
O 8.090 5.789 9.693
CB 6.831 3.393 7.800

N 7.444 6.385 7.618
CA 8.394 7.473 7.506
C 8.196 8.461 8.647
O 9.161 8.873 9.288
CB 8.219 8.222 6.189

N 6.941 8.839 8.899
CA 6.621 9.773 9.959
C 7.140 9.251 11.291
O 7.766 9.991 12.048
CB 5.114 9.974 10.078

N 6.880 7.973 11.575
CA 7.320 7.358 12.811
C 8.831 7.482 12.948
O 9.263 7.866 14.032
OXT 9.506 7.188 11.964
CB 6.954 5.878 12.849

EDGES
1 6 2.813563
1 7 4.199978
1 8 4.669847
1 10 4.935577
1 11 4.302133
1 16 4.814501
1 20 5.064833
2 6 2.433283
2 7 3.802153
2 8 4.366956
2 10 4.861180
2 11 4.371794
2 16 4.531235
2 17 5.095725
2 20 4.411129
3 6 1.334875
3 7 2.434044
3 8 2.954982
3 9 3.753628
3 10 3.719479
3 11 3.247539
3 12 4.395225
3 13 4.456033
3 15 5.085470
3 16 3.735333
3 17 4.450257
3 18 4.850606
3 20 4.164626
3 21 4.140031
3 22 5.081611
3 25 4.743595
4 6 2.253940
4 7 2.777399
4 8 2.871311
4 9 3.289150
4 10 4.267944
4 11 3.354510
4 12 4.254468
4 13 3.930103
4 14 4.828199
4 15 5.149900
4 16 3.127674
4 17 3.574386
4 18 3.742779
4 19 4.941491
4 20 3.354834
4 21 2.963971
4 22 3.917584
4 23 5.092048
4 25 3.742258
4 26 5.109537
5 6 3.052552
5 7 4.369812
6 11 2.813363
6 12 4.199220
6 13 4.669427
6 15 4.935604
6 16 4.301644
6 21 4.814118
6 25 5.065039
7 11 2.433187
7 12 3.801474
7 13 4.366740
7 15 4.861149
7 16 4.371433
7 21 4.531023
7 22 5.096132
7 25 4.411576
8 11 1.335421
8 12 2.433982
8 13 2.955567
8 14 3.754555
8 15 3.719970
8 16 3.247983
8 17 4.395684
8 18 4.456268
8 20 5.086141
8 21 3.735448
8 22 4.451025
8 23 4.850169
8 25 4.164974
8 26 4.140363
8 27 5.081399
8 30 4.774679
9 11 2.253990
9 12 2.777019
9 13 2.871317
9 14 3.289891
9 15 4.267896
9 16 3.354321
9 17 4.254223
9 18 3.929690
9 19 4.827846
9 20 5.149825
9 21 3.127200
9 22 3.574829
9 23 3.742305
9 24 4.941372
9 25 3.354894
9 26 2.964442
9 27 3.917684
9 28 5.157330
9 30 3.785921
10 11 3.060137
10 12 4.379107
11 16 2.813089
11 17 4.199308
11 18 4.669297
11 20 4.935934
11 21 4.301498
11 26 4.814267
11 30 5.056635
12 16 2.432553
12 17 3.801467
12 18 4.366099
12 20 4.861385
12 21 4.370623
12 26 4.530509
12 27 5.095597
12 30 4.354873
13 16 1.334805
13 17 2.433770
13 18 2.954671
13 19 3.754041
13 20 3.720135
13 21 3.247065
13 22 4.395961
13 23 4.455664
13 25 5.086000
13 26 3.734985
13 27 4.450731
13 28 4.991736
13 30 4.068612
13 31 4.516324
14 16 2.253924
14 17 2.777234
14 18 2.870849
14 19 3.289649
14 20 4.268484
14 21 3.354094
14 22 4.255221
14 23 3.929977
14 24 4.828021
14 25 5.150366
14 26 3.127183
14 27 3.575041
14 28 3.899223
14 29 5.002718
14 30 3.221129
14 31 3.415022
14 32 4.415275
14 35 4.584671
15 16 3.059429
15 17 4.379099
16 21 2.813165
16 22 4.200347
16 23 4.669254
16 25 4.936499
16 26 4.301650
16 30 5.188004
16 31 5.051242
17 21 2.432009
17 22 3.801751
17 23 4.365742
17 25 4.861249
17 26 4.370644
17 31 4.618284
17 35 4.624511
18 21 1.334623
18 22 2.434279
18 23 2.954197
18 24 3.753624
18 25 3.720231
18 26 3.246783
18 27 4.395754
18 28 4.511437
18 30 4.994794
18 31 3.618486
18 32 4.387522
18 35 3.900086
19 21 2.253603
19 22 2.777145
19 23 2.870274
19 24 3.288845
19 25 4.268055
19 26 3.353453
19 27 4.254947
19 28 3.968214
19 29 5.045968
19 30 5.039097
19 31 2.871750
19 32 3.363835
19 33 4.338492
19 35 2.743365
19 36 4.360049
20 21 3.059566
20 22 4.379586
21 26 2.813299
21 27 4.200246
21 28 4.694434
21 30 4.895329
21 31 4.122959
21 32 5.142540
21 35 4.905689
22 26 2.433067
22 27 3.802408
22 28 4.330590
22 30 4.856148
22 31 4.004424
22 32 5.064833
22 35 5.051893
22 36 4.927818
23 26 1.335142
23 27 2.435110
23 28 2.894141
23 29 3.920950
23 30 3.712614
23 31 2.833569
23 32 4.030048
23 33 4.441741
23 35 4.429588
23 36 3.771286
23 37 4.775357
23 40 4.543288
24 26 2.253772
24 27 2.777864
24 28 2.744052
24 29 3.495391
24 30 4.255191
24 31 2.746017
24 32 3.662497
24 33 3.663006
24 34 4.844799
24 35 4.171332
24 36 2.749675
24 37 3.598794
24 38 4.768185
24 40 3.336775
24 41 4.831151
25 26 3.060237
25 27 4.379615
26 31 2.684634
26 32 4.105370
26 33 4.756359
26 35 4.748478
26 36 4.312423
27 31 2.433485
27 32 3.802904
27 33 4.329912
27 35 4.857126
27 36 4.004648
27 37 5.064880
27 40 5.051719
27 41 4.928441
28 31 1.335120
28 32 2.434713
28 33 2.892642
28 34 3.920238
28 35 3.712924
28 36 2.833455
28 37 4.029691
28 38 4.442156
28 40 4.429252
28 41 3.771213
28 42 4.774769
28 45 4.542490
29 31 2.253510
29 32 2.777608
29 33 2.743108
29 34 3.495220
29 35 4.255432
29 36 2.746029
29 37 3.662128
29 38 3.663828
29 39 4.845732
29 40 4.170674
29 41 2.750335
29 42 3.599112
29 43 4.768646
29 45 3.337066
29 46 4.831000
30 31 3.258684
30 32 4.536469
31 36 2.684613
31 37 4.105195
31 38 4.757201
31 40 4.748006
31 41 4.312802
32 36 2.432947
32 37 3.802055
32 38 4.330172
32 40 4.855952
32 41 4.004449
32 42 5.064619
32 45 5.051573
32 46 4.927960
33 36 1.335292
33 37 2.434911
33 38 2.893953
33 39 3.921594
33 40 3.712426
33 41 2.833722
33 42 4.029887
33 43 4.442632
33 45 4.429312
33 46 3.771848
33 47 4.775807
33 50 4.543940
34 36 2.253838
34 37 2.777377
34 38 2.743708
34 39 3.495640
34 40 4.254757
34 41 2.745779
34 42 3.661952
34 43 3.663536
34 44 4.845500
34 45 4.170639
34 46 2.750235
34 47 3.599311
34 48 4.768596
34 50 3.337555
34 51 4.831514
35 36 3.259080
35 37 4.536714
36 41 2.685044
36 42 4.105466
36 43 4.757627
36 45 4.748613
36 46 4.313091
37 41 2.432466
37 42 3.801559
37 43 4.329934
37 45 4.855997
37 46 4.004144
37 47 5.064476
37 50 5.051832
37 51 4.928255
38 41 1.335391
38 42 2.434827
38 43 2.893996
38 44 3.921438
38 45 3.713256
38 46 2.833702
38 47 4.029785
38 48 4.442036
38 50 4.429486
38 51 3.771686
38 52 4.775636
38 55 4.531421
39 41 2.254084
39 42 2.777547
39 43 2.743710
39 44 3.495517
39 45 4.255767
39 46 2.745724
39 47 3.661476
39 48 3.662567
39 49 4.844714
39 50 4.170323
39 51 2.749733
39 52 3.598874
39 53 4.684518
39 55 3.316944
39 56 4.621980
40 41 3.258368
40 42 4.535888
41 46 2.684372
41 47 4.104909
41 48 4.756854
41 50 4.748167
41 51 4.312901
42 46 2.432061
42 47 3.801233
42 48 4.329521
42 50 4.855616
42 51 4.004214
42 52 5.065029
42 55 5.130366
42 56 4.739174
42 60 5.156817
43 46 1.334638
43 47 2.433907
43 48 2.893235
43 49 3.920709
43 50 3.712206
43 51 2.833630
43 52 4.030397
43 53 4.369319
43 55 4.503962
43 56 3.764832
43 57 4.715277
43 60 4.537636
43 61 4.754410
44 46 2.253762
44 47 2.776855
44 48 2.743304
44 49 3.495012
44 50 4.254860
44 51 2.745823
44 52 3.662473
44 53 3.581905
44 54 4.674994
44 55 4.283265
44 56 2.764295
44 57 3.545525
44 58 4.141895
44 60 3.367215
44 61 3.656519
44 62 4.808632
44 65 4.771008
45 46 3.258241
45 47 4.535847
46 51 2.685051
46 52 4.105913
46 53 4.732835
46 55 4.772059
46 56 4.462999
46 61 5.158509
47 51 2.432212
47 52 3.801722
47 53 4.365385
47 55 4.860872
47 56 4.371016
47 61 4.531026
47 62 5.096131
47 65 4.411349
48 51 1.334438
48 52 2.434324
48 53 2.954531
48 54 3.754210
48 55 3.719798
48 56 3.247802
48 57 4.395674
48 58 4.456634
48 60 5.085829
48 61 3.736206
48 62 4.451537
48 63 4.850469
48 65 4.165147
48 66 4.140750
48 67 5.082122
48 70 4.743753
49 51 2.253566
49 52 2.777210
49 53 2.870005
49 54 3.288774
49 55 4.267977
49 56 3.353753
49 57 4.253816
49 58 3.929460
49 59 4.826736
49 60 5.148952
49 61 3.127063
49 62 3.574531
49 63 3.741891
49 64 4.940909
49 65 3.354525
49 66 2.964065
49 67 3.917873
49 68 5.092478
49 70 3.742483
49 71 5.109880
50 51 3.258220
50 52 4.535947
51 56 2.813131
51 57 4.199187
51 58 4.669358
51 60 4.935650
51 61 4.302031
51 66 4.814318
51 70 5.064973
52 56 2.432974
52 57 3.801674
52 58 4.366653
52 60 4.861593
52 61 4.372063
52 66 4.530996
52 67 5.095594
52 70 4.411002
53 56 1.334633
53 57 2.433862
53 58 2.954915
53 59 3.753697
53 60 3.719730
53 61 3.247802
53 62 4.395689
53 63 4.455412
53 65 5.084876
53 66 3.735338
53 67 4.450685
53 68 4.850535
53 70 4.164888
53 71 4.141034
53 72 5.082385
53 75 4.743537
54 56 2.253757
54 57 2.776925
54 58 2.870329
54 59 3.288225
54 60 4.267614
54 61 3.354044
54 62 4.254084
54 63 3.928856
54 64 4.826829
54 65 5.148779
54 66 3.126849
54 67 3.574126
54 68 3.742043
54 69 4.941492
54 70 3.354793
54 71 2.964237
54 72 3.917740
54 73 5.092323
54 75 3.741774
54 76 5.108248
55 56 3.059341
55 57 4.378680
56 61 2.814264
56 62 4.200477
56 63 4.669089
56 65 4.935806
56 66 4.302121
56 71 4.814915
56 75 5.064394
57 61 2.433477
57 62 3.802406
57 63 4.366095
57 65 4.860938
57 66 4.371625
57 71 4.531715
57 72 5.096728
57 75 4.411105
58 61 1.335510
58 62 2.434652
58 63 2.954490
58 64 3.753759
58 65 3.719751
58 66 3.247815
58 67 4.396135
58 68 4.455857
58 70 5.086009
58 71 3.735652
58 72 4.451033
58 73 4.850394
58 75 4.164060
58 76 4.139693
58 77 5.081477
58 80 4.742919
59 61 2.253544
59 62 2.776940
59 63 2.869936
59 64 3.288566
59 65 4.267187
59 66 3.353590
59 67 4.254236
59 68 3.929109
59 69 4.827462
59 70 5.149342
59 71 3.127063
59 72 3.574893
59 73 3.742528
59 74 4.941192
59 75 3.354409
59 76 2.963727
59 77 3.917774
59 78 5.092498
59 80 3.741891
59 81 5.195449
60 61 3.059807
60 62 4.379386
61 66 2.813452
61 67 4.200310
61 68 4.669287
61 70 4.936387
61 71 4.302364
61 76 4.813966
61 80 5.064139
62 66 2.432719
62 67 3.802226
62 68 4.365971
62 70 4.861515
62 71 4.371512
62 76 4.530720
62 77 5.095541
62 80 4.410688
63 66 1.335108
63 67 2.435330
63 68 2.955302
63 69 3.755242
63 70 3.720664
63 71 3.248118
63 72 4.396536
63 73 4.456626
63 75 5.085710
63 76 3.735480
63 77 4.450805
63 78 4.850999
63 80 4.164244
63 81 4.202144
63 82 5.137927
63 85 4.842096
64 66 2.253577
64 67 2.777820
64 68 2.870738
64 69 3.289823
64 70 4.268324
64 71 3.354162
64 72 4.255040
64 73 3.930173
64 74 4.827616
64 75 5.149722
64 76 3.127468
64 77 3.574600
64 78 3.742957
64 79 4.926125
64 80 3.354311
64 81 2.992199
64 82 3.941318
64 83 4.756662
64 85 3.765981
64 86 4.512735
65 66 3.059607
65 67 4.379854
66 71 2.813833
66 72 4.200441
66 73 4.669725
66 75 4.936096
66 76 4.301498
66 81 4.983183
67 71 2.432917
67 72 3.802103
67 73 4.366638
67 75 4.861444
67 76 4.371081
67 81 4.807647
67 85 5.023421
67 86 4.551260
67 87 5.170560
67 90 4.491579
68 71 1.334953
68 72 2.434690
68 73 2.955242
68 74 3.754140
68 75 3.720511
68 76 3.246989
68 77 4.395574
68 78 4.455863
68 80 5.084808
68 81 4.099976
68 82 4.794645
68 83 4.685327
68 85 4.883820
68 86 3.789364
68 87 4.313954
68 88 4.768903
68 90 3.797979
68 91 4.123703
68 92 5.112496
68 95 4.833320
69 71 2.253728
69 72 2.777177
69 73 2.870561
69 74 3.288509
69 75 4.268426
69 76 3.353419
69 77 4.253992
69 78 3.929138
69 79 4.554264
69 80 5.148737
69 81 3.556384
69 82 3.996308
69 83 3.612164
69 84 4.598466
69 85 4.222495
69 86 2.625342
69 87 3.098251
69 88 3.602192
69 89 4.816195
69 90 2.766687
69 91 3.132152
69 92 4.306631
69 93 5.137672
69 95 4.370056
69 96 4.984426
70 71 3.060345
70 72 4.379908
70 90 4.795004
71 76 2.812295
71 77 4.199527
71 78 4.668850
71 80 4.935052
71 81 4.645755
71 86 4.775238
71 90 4.753361
71 91 4.407548
71 92 5.057032
71 95 4.388550
72 76 2.432153
72 77 3.802027
72 78 4.366121
72 79 4.936851
72 80 4.860872
72 81 4.739790
72 86 4.903908
72 87 5.191106
72 88 4.889727
72 90 4.934833
72 91 3.734350
72 92 4.015465
72 93 4.847582
72 95 3.103533
72 96 4.515936
73 76 1.334588
73 77 2.434445
73 78 2.954768
73 79 3.472334
73 80 3.719564
73 81 3.582029
73 82 4.675791
73 83 4.545506
73 84 5.166280
73 86 4.279422
73 87 4.796211
73 88 4.379128
73 90 5.000123
73 91 3.345425
73 92 3.588537
73 93 3.973414
73 94 5.198903
73 95 2.968644
73 96 3.327663
73 97 4.383248
73 100 4.246218
74 76 2.253309
74 77 2.776850
74 78 2.869882
74 79 2.927771
74 80 4.267035
74 81 3.710089
74 82 4.571427
74 83 4.154996
74 84 4.508952
74 86 4.022233
74 87 4.337256
74 88 3.593447
74 89 4.355472
74 90 4.783545
74 91 2.553446
74 92 2.551548
74 93 2.749673
74 94 3.972736
74 95 2.204457
74 96 2.158203
74 97 3.364542
74 98 4.352267
74 100 3.571932
74 101 4.434615
75 76 3.059089
75 77 4.379635
75 91 5.000127
75 92 4.936656
75 95 3.672691
76 81 3.003452
76 82 4.343663
76 83 4.656012
76 85 5.186829
76 86 4.613496
76 91 4.423011
76 92 4.768545
76 93 4.892726
76 95 4.245561
76 96 3.976339
76 97 4.692398
76 100 4.116957
77 81 2.432412
77 82 3.801091
77 83 4.365660
77 84 4.937749
77 85 4.860322
77 86 4.739804
77 91 4.904085
77 92 5.191278
77 93 4.890785
77 95 4.935513
77 96 3.735569
77 97 4.016242
77 98 4.848116
77 100 3.103896
77 101 4.515665
78 81 1.335261
78 82 2.434113
78 83 2.954667
78 84 3.473426
78 85 3.719636
78 86 3.582374
78 87 4.675829
78 88 4.545878
78 89 5.165749
78 91 4.279175
78 92 4.795889
78 93 4.379433
78 95 4.999960
78 96 3.346133
78 97 3.588575
78 98 3.973589
78 99 5.198931
78 100 2.968360
78 101 3.327281
78 102 4.383546
78 105 4.246563
78 106 5.197197
79 81 2.253264
79 82 2.776664
79 83 2.870235
79 84 2.929469
79 85 4.267017
79 86 3.710801
79 87 4.571948
79 88 4.156138
79 89 4.509103
79 91 4.022404
79 92 4.337284
79 93 3.594136
79 94 4.355885
79 95 4.783367
79 96 2.554288
79 97 2.551683
79 98 2.750439
79 99 3.973389
79 100 2.203921
79 101 2.158556
79 102 3.365498
79 103 4.352998
79 105 3.572936
79 106 4.267716
80 81 2.851591
80 82 4.219655
80 83 5.197222
80 85 4.991692
80 96 5.195505
80 100 4.092327
81 86 3.002776
81 87 4.342734
81 88 4.655603
81 90 5.186396
81 91 4.612670
81 96 4.423926
81 97 4.768828
81 98 4.892899
81 100 4.245843
81 101 3.975837
81 102 4.692495
81 105 4.116657
82 86 2.433118
82 87 3.801376
82 88 4.366286
82 89 4.937210
82 90 4.861276
82 91 4.739486
82 96 4.904699
82 97 5.190919
82 98 4.890665
82 100 4.934822
82 101 3.735014
82 102 4.016664
82 103 4.847717
82 105 3.103867
82 106 4.622158
83 86 1.335523
83 87 2.433945
83 88 2.954980
83 89 3.472564
83 90 3.720333
83 91 3.581692
83 92 4.675509
83 93 4.545532
83 94 5.165571
83 96 4.279751
83 97 4.795808
83 98 4.379523
83 100 4.999511
83 101 3.345625
83 102 3.589209
83 103 3.973026
83 104 5.148927
83 105 2.968276
83 106 3.414074
83 107 4.456334
83 110 4.429214
84 86 2.254033
84 87 2.776701
84 88 2.871197
84 89 2.928459
84 90 4.268193
84 91 3.710889
84 92 4.572339
84 93 4.156315
84 94 4.509186
84 96 4.023686
84 97 4.337807
84 98 3.594570
84 99 4.356250
84 100 4.783828
84 101 2.554203
84 102 2.552060
84 103 2.749169
84 104 3.925768
84 105 2.203340
84 106 2.252821
84 107 3.432525
84 108 4.639300
84 110 3.727384
84 111 4.816802
85 86 2.851852
85 87 4.219589
85 88 5.197443
85 90 4.992247
85 101 5.194892
85 105 4.091747
86 91 3.002200
86 92 4.342695
86 93 4.655544
86 95 5.186103
86 96 4.613710
86 101 4.423737
86 102 4.769728
86 103 4.892437
86 105 4.245884
86 106 4.031235
86 107 4.743860
86 110 4.274649
87 91 2.432786
87 92 3.801613
87 93 4.366054
87 94 4.937510
87 95 4.861072
87 96 4.740313
87 101 4.904180
87 102 5.191438
87 103 4.889860
87 105 4.934365
87 106 3.745309
87 107 4.026623
87 110 3.180744
88 91 1.334720
88 92 2.433934
88 93 2.954953
88 94 3.473362
88 95 3.719593
88 96 3.582743
88 97 4.676781
88 98 4.546834
88 99 5.166795
88 101 4.280137
88 102 4.797225
88 103 4.379864
88 105 5.000119
88 106 3.165650
88 107 3.401793
88 108 4.380658
88 110 2.512845
88 111 4.332485
89 91 2.254063
89 92 2.777252
89 93 2.870709
89 94 2.928839
89 95 4.268025
89 96 3.711122
89 97 4.572570
89 98 4.156295
89 99 4.509242
89 101 4.022626
89 102 4.337456
89 103 3.593296
89 104 4.476759
89 105 4.782700
89 106 2.305020
89 107 2.272754
89 108 3.156627
89 109 4.267431
89 110 1.491329
89 111 3.197500
89 112 4.541430
89 115 5.034833
90 91 2.852045
90 92 4.220260
90 93 5.197891
90 95 4.992235
90 106 5.187819
90 110 4.116541
91 96 3.002976
91 97 4.343655
91 98 4.656043
91 100 5.185965
91 101 4.613001
91 106 4.165583
91 107 4.502995
91 110 3.623939
91 111 4.866267
92 96 2.432709
92 97 3.802351
92 98 4.366397
92 99 4.937524
92 100 4.860645
92 101 4.739630
92 106 4.537112
92 107 4.805192
92 108 5.110923
92 110 4.061318
92 111 4.415017
92 115 4.926965
93 96 1.335131
93 97 2.435288
93 98 2.955530
93 99 3.473361
93 100 3.720010
93 101 3.582299
93 102 4.676662
93 103 4.546227
93 106 3.853304
93 107 4.375377
93 108 4.472751
93 110 4.128667
93 111 3.569961
93 112 4.329465
93 115 3.869309
94 96 2.253600
94 97 2.777634
94 98 2.870765
94 99 2.928481
94 100 4.267724
94 101 3.710510
94 102 4.572196
94 103 4.155878
94 104 4.846398
94 106 3.553051
94 107 3.853993
94 108 3.578553
94 109 4.686217
94 110 3.829068
94 111 2.493103
94 112 3.108475
94 113 4.329948
94 115 2.701646
94 116 4.458649
95 96 2.851935
95 97 4.221136
95 98 5.198053
95 100 4.992064
96 101 3.002732
96 102 4.343853
96 103 4.656034
96 105 5.186559
96 106 4.232479
96 107 5.105643
96 110 5.065818
96 111 4.449480
96 112 5.190260
96 115 4.596895
97 101 2.431909
97 102 3.801503
97 103 4.366113
97 105 4.860410
97 106 4.370989
97 111 4.531038
97 112 5.095679
97 115 4.411077
98 101 1.335071
98 102 2.434768
98 103 2.955707
98 104 3.754469
98 105 3.720143
98 106 3.248163
98 107 4.396316
98 108 4.455970
98 110 5.086228
98 111 3.735673
98 112 4.450525
98 113 4.850279
98 115 4.164203
98 116 4.140271
98 117 5.081329
98 120 4.743375
99 101 2.253991
99 102 2.777495
99 103 2.871694
99 104 3.289409
99 105 4.268254
99 106 3.354535
99 107 4.254975
99 108 3.929437
99 109 4.827818
99 110 5.149909
99 111 3.127340
99 112 3.574225
99 113 3.742098
99 114 4.941760
99 115 3.353996
99 116 2.963995
99 117 3.917319
99 118 5.091992
99 120 3.742195
99 121 5.109444
100 101 2.851573
100 102 4.220712
100 103 5.198002
100 105 4.992245
101 106 2.813279
101 107 4.199678
101 108 4.668801
101 110 4.935675
101 111 4.301411
101 116 4.814321
101 120 5.064969
102 106 2.433041
102 107 3.801905
102 108 4.365808
102 110 4.861343
102 111 4.370896
102 116 4.530614
102 117 5.095049
102 120 4.410608
103 106 1.335246
103 107 2.434618
103 108 2.955119
103 109 3.754397
103 110 3.719994
103 111 3.247800
103 112 4.395843
103 113 4.456619
103 115 5.085730
103 116 3.736218
103 117 4.450976
103 118 4.850126
103 120 4.165027
103 121 4.140497
103 122 5.081767
103 126 4.743625
104 106 2.254604
104 107 2.778066
104 108 2.870698
104 109 3.289168
104 110 4.268308
104 111 3.353710
104 112 4.253786
104 113 3.929308
104 114 4.827421
104 115 5.148855
104 116 3.127038
104 117 3.573802
104 118 3.741159
104 119 4.941080
104 120 3.354117
104 121 2.963605
104 122 3.917233
104 123 5.092677
104 125 5.104052
104 126 3.742141
105 106 3.059619
105 107 4.379135
106 111 2.813026
106 112 4.199365
106 113 4.669609
106 115 4.935495
106 116 4.302240
106 121 4.814276
106 126 5.065241
107 111 2.432601
107 112 3.801582
107 113 4.366993
107 115 4.861113
107 116 4.372048
107 121 4.531038
107 122 5.096176
107 126 4.412069
108 111 1.334246
108 112 2.433560
108 113 2.955115
108 114 3.754481
108 115 3.719427
108 116 3.247629
108 117 4.395330
108 118 4.455457
108 120 5.085300
108 121 3.734704
108 122 4.450550
108 123 4.851032
108 125 4.193986
108 126 4.165354
109 111 2.253477
109 112 2.776912
109 113 2.871400
109 114 3.289699
109 115 4.267803
109 116 3.354570
109 117 4.254524
109 118 3.929574
109 119 4.827816
109 120 5.149663
109 121 3.126640
109 122 3.574435
109 123 3.743041
109 124 4.951442
109 125 3.019884
109 126 3.355407
110 111 3.059568
110 112 4.379019
111 116 2.813554
111 117 4.199542
111 118 4.668758
111 120 4.935729
111 121 4.300894
111 125 4.876922
112 116 2.432615
112 117 3.801413
112 118 4.365779
112 120 4.860924
112 121 4.370235
112 125 4.603426
113 116 1.334696
113 117 2.433786
113 118 2.954653
113 119 3.754011
113 120 3.719631
113 121 3.247027
113 122 4.395780
113 123 4.456486
113 125 3.786703
113 126 5.086380
114 116 2.254080
114 117 2.777020
114 118 2.870424
114 119 3.288396
114 120 4.267846
114 121 3.353108
114 122 4.253943
114 123 3.929298
114 124 4.850772
114 125 3.181073
114 126 5.149912
115 116 3.059097
115 117 4.378596
116 121 2.813299
116 122 4.200089
116 123 4.669898
116 125 4.324263
116 126 4.936617
117 121 2.432804
117 122 3.801938
117 123 4.366566
117 125 4.361820
117 126 4.861483
118 121 1.334743
118 122 2.434389
118 123 2.955417
118 124 3.733421
118 125 3.210429
118 126 3.720093
119 121 2.254118
119 122 2.777368
119 123 2.870419
119 124 3.269998
119 125 3.300222
119 126 4.268221
120 121 3.060027
120 122 4.379404

RESIDUES
ALA 1
 0.0 5.000000
 0.1 5.000000
 0.2 5.000000
 0.3 5.000000
 0.4 5.000000
 0.5 5.000000
 0.6 5.000000
 0.7 5.000000
 0.8 5.000000
 0.9 5.000000
 1.0 5.000000
 1.1 4.666667
 1.2 4.661290
 1.3 4.625000
 1.4 4.625000
 1.5 4.625000
 1.6 4.578947
 1.7 4.500000
 1.8 4.500000
 1.9 4.500000
 2.0 4.387931
 2.1 4.277778
 2.2 4.054622
 2.3 3.792683
 2.4 3.641304
 2.5 3.254717
 2.6 2.831541
 2.7 2.405714
 2.8 1.897468
 2.9 1.476437
 3.0 1.013161
 3.1 0.584124
 3.2 0.460922
 3.3 0.527086
 3.4 0.726570
 3.5 0.831098
 3.6 0.819871
 3.7 0.749137
 3.8 0.663531
 3.9 0.558155
 4.0 0.505293
 4.1 0.520428
 4.2 0.564389
 4.3 0.562987
 4.4 0.554247
 4.5 0.558815
 4.6 0.611148
 4.7 0.562808
 4.8 0.493654
 4.9 0.455093
 5.0 0.407353
 5.1 0.248564

ALA 2
 0.0 5.000000
 0.1 5.000000
 0.2 5.000000
 0.3 5.000000
 0.4 5.000000
 0.5 5.000000
 0.6 5.000000
 0.7 5.000000
 0.8 5.000000
 0.9 5.000000
 1.0 5.000000
 1.1 4.333333
 1.2 4.322581
 1.3 4.250000
 1.4 4.250000
 1.5 4.250000
 1.6 4.157895
 1.7 4.000000
 1.8 4.000000
 1.9 4.000000
 2.0 3.775862
 2.1 3.555556
 2.2 3.109244
 2.3 2.585366
 2.4 2.282609
 2.5 1.509434
 2.6 0.646953
 2.7 -0.177143
 2.8 -1.084810
 2.9 -1.832612
 3.0 -2.613555
 3.1 -3.151846
 3.2 -3.131665
 3.3 -2.802938
 3.4 -2.183003
 3.5 -1.783597
 3.6 -1.635381
 3.7 -1.685616
 3.8 -1.822726
 3.9 -1.929406
 4.0 -2.040498
 4.1 -2.035520
 4.2 -1.672377
 4.3 -1.383111
 4.4 -1.200613
 4.5 -0.947688
 4.6 -0.406021
 4.7 -0.390292
 4.8 -0.660774
 4.9 -0.782206
 5.0 -0.855879
 5.1 -1.370538

ALA 3
 0.0 5.000000
 0.1 5.000000
 0.2 5.000000
 0.3 5.000000
 0.4 5.000000
 0.5 5.000000
 0.6 5.000000
 0.7 5.000000
 0.8 5.000000
 0.9 5.000000
 1.0 5.000000
 1.1 4.333333
 1.2 4.322581
 1.3 4.250000
 1.4 4.250000
 1.5 4.250000
 1.6 4.157895
 1.7 4.000000
 1.8 4.000000
 1.9 4.000000
 2.0 3.775862
 2.1 3.555556
 2.2 3.109244
 2.3 2.585366
 2.4 2.282609
 2.5 1.509434
 2.6 0.630824
 2.7 -0.172857
 2.8 -0.983544
 2.9 -1.673767
 3.0 -2.436874
 3.1 -2.942553
 3.2 -2.790143
 3.3 -2.332836
 3.4 -1.491707
 3.5 -0.819001
 3.6 -0.379693
 3.7 -0.329208
 3.8 -0.398733
 3.9 -0.486828
 4.0 -0.646360
 4.1 -0.617726
 4.2 -0.256203
 4.3 0.108950
 4.4 0.380705
 4.5 0.740093
 4.6 1.260446
 4.7 1.533873
 4.8 1.699930
 4.9 2.341095
 5.0 2.853754
 5.1 3.159171

ALA 4
 0.0 5.000000
 0.1 5.000000
 0.2 5.000000
 0.3 5.000000
 0.4 5.000000
 0.5 5.000000
 0.6 5.000000
 0.7 5.000000
 0.8 5.000000
 0.9 5.000000
 1.0 5.000000
 1.1 4.333333
 1.2 4.322581
 1.3 4.250000
 1.4 4.250000
 1.5 4.250000
 1.6 4.157895
 1.7 4.000000
 1.8 4.000000
 1.9 4.000000
 2.0 3.775862
 2.1 3.555556
 2.2 3.079832
 2.3 2.554878
 2.4 2.255435
 2.5 1.382075
 2.6 0.337509
 2.7 -0.591023
 2.8 -1.515329
 2.9 -2.235256
 3.0 -2.944606
 3.1 -3.272006
 3.2 -3.055185
 3.3 -2.605148
 3.4 -1.896765
 3.5 -1.344163
 3.6 -1.102419
 3.7 -1.157059
 3.8 -1.163884
 3.9 -1.164286
 4.0 -1.209429
 4.1 -0.994211
 4.2 -0.650109
 4.3 -0.548462
 4.4 -0.445697
 4.5 -0.368390
 4.6 -0.309817
 4.7 -0.184894
 4.8 0.039080
 4.9 0.443224
 5.0 0.718842
 5.1 1.105498

ALA 5
 0.0 5.000000
 0.1 5.000000
 0.2 5.000000
 0.3 5.000000
 0.4 5.000000
 0.5 5.000000
 0.6 5.000000
 0.7 5.000000
 0.8 5.000000
 0.9 5.000000
 1.0 5.000000
 1.1 4.333333
 1.2 4.322581
 1.3 4.250000
 1.4 4.250000
 1.5 4.250000
 1.6 4.157895
 1.7 4.000000
 1.8 4.000000
 1.9 4.000000
 2.0 3.775862
 2.1 3.555556
 2.2 3.109244
 2.3 2.585366
 2.4 2.282609
 2.5 1.441052
 2.6 0.530803
 2.7 -0.092771
 2.8 -0.733468
 2.9 -1.265800
 3.0 -1.752388
 3.1 -1.892906
 3.2 -1.742863
 3.3 -1.421499
 3.4 -0.874978
 3.5 -0.328967
 3.6 0.038036
 3.7 0.250058
 3.8 0.311272
 3.9 0.450598
 4.0 0.545215
 4.1 0.558823
 4.2 0.663440
 4.3 0.695614
 4.4 0.719142
 4.5 0.681204
 4.6 0.555011
 4.7 0.226624
 4.8 -0.085823
 4.9 -0.605348
 5.0 -0.924392
 5.1 -1.314612

ALA 6
 0.0 5.000000
 0.1 5.000000
 0.2 5.000000
 0.3 5.000000
 0.4 5.000000
 0.5 5.000000
 0.6 5.000000
 0.7 5.000000
 0.8 5.000000
 0.9 5.000000
 1.0 5.000000
 1.1 4.333333
 1.2 4.322581
 1.3 4.250000
 1.4 4.250000
 1.5 4.250000
 1.6 4.157895
 1.7 4.000000
 1.8 4.000000
 1.9 4.000000
 2.0 3.775862
 2.1 3.555556
 2.2 3.168067
 2.3 2.646341
 2.4 2.331522
 2.5 1.345821
 2.6 0.575896
 2.7 0.318097
 2.8 0.026392
 2.9 -0.220493
 3.0 -0.475968
 3.1 -0.730445
 3.2 -0.866225
 3.3 -0.857016
 3.4 -0.698591
 3.5 -0.380862
 3.6 -0.006883
 3.7 0.155430
 3.8 0.187439
 3.9 0.249240
 4.0 0.199159
 4.1 -0.070814
 4.2 -0.253402
 4.3 -0.357236
 4.4 -0.337858
 4.5 -0.408409
 4.6 -0.873110
 4.7 -1.271161
 4.8 -1.663422
 4.9 -2.558870
 5.0 -3.187197
 5.1 -3.535377

ALA 7
 0.0 5.000000
 0.1 5.000000
 0.2 5.000000
 0.3 5.000000
 0.4 5.000000
 0.5 5.000000
 0.6 5.000000
 0.7 5.000000
 0.8 5.000000
 0.9 5.000000
 1.0 5.000000
 1.1 4.333333
 1.2 4.322581
 1.3 4.250000
 1.4 4.250000
 1.5 4.250000
 1.6 4.157895
 1.7 4.000000
 1.8 4.000000
 1.9 4.000000
 2.0 3.775862
 2.1 3.555556
 2.2 3.168067
 2.3 2.646341
 2.4 2.326087
 2.5 1.150090
 2.6 0.373505
 2.7 0.262851
 2.8 0.172013
 2.9 0.164361
 3.0 0.226298
 3.1 0.140026
 3.2 -0.144213
 3.3 -0.423331
 3.4 -0.731911
 3.5 -0.591156
 3.6 -0.359744
 3.7 -0.160287
 3.8 -0.052892
 3.9 0.139475
 4.0 0.070353
 4.1 -0.321245
 4.2 -0.576110
 4.3 -0.643728
 4.4 -0.677372
 4.5 -0.890014
 4.6 -1.764210
 4.7 -2.488381
 4.8 -3.213806
 4.9 -4.597722
 5.0 -5.539945
 5.1 -5.977147

ALA 8
 0.0 5.000000
 0.1 5.000000
 0.2 5.000000
 0.3 5.000000
 0.4 5.000000
 0.5 5.000000
 0.6 5.000000
 0.7 5.000000
 0.8 5.000000
 0.9 5.000000
 1.0 5.000000
 1.1 4.333333
 1.2 4.322581
 1.3 4.250000
 1.4 4.250000
 1.5 4.250000
 1.6 4.157895
 1.7 4.000000
 1.8 4.000000
 1.9 4.000000
 2.0 3.775862
 2.1 3.555556
 2.2 3.138655
 2.3 2.615854
 2.4 2.298913
 2.5 1.228755
 2.6 0.581975
 2.7 0.594783
 2.8 0.605734
 2.9 0.653240
 3.0 0.754319
 3.1 0.573409
 3.2 0.206151
 3.3 -0.147655
 3.4 -0.646675
 3.5 -0.771241
 3.6 -0.695412
 3.7 -0.542601
 3.8 -0.431286
 3.9 -0.332340
 4.0 -0.444643
 4.1 -0.868365
 4.2 -1.242495
 4.3 -1.482855
 4.4 -1.574797
 4.5 -1.780298
 4.6 -2.764460
 4.7 -3.578009
 4.8 -4.314957
 4.9 -5.821272
 5.0 -6.942016
 5.1 -7.471981

ALA 9
 0.0 5.000000
 0.1 5.000000
 0.2 5.000000
 0.3 5.000000
 0.4 5.000000
 0.5 5.000000
 0.6 5.000000
 0.7 5.000000
 0.8 5.000000
 0.9 5.000000
 1.0 5.000000
 1.1 4.333333
 1.2 4.322581
 1.3 4.250000
 1.4 4.250000
 1.5 4.250000
 1.6 4.157895
 1.7 4.000000
 1.8 4.000000
 1.9 4.000000
 2.0 3.775862
 2.1 3.555556
 2.2 3.079832
 2.3 2.554878
 2.4 2.239130
 2.5 1.131297
 2.6 0.454437
 2.7 0.472709
 2.8 0.488342
 2.9 0.535325
 3.0 0.644647
 3.1 0.568144
 3.2 0.274932
 3.3 -0.102702
 3.4 -0.616481
 3.5 -0.683016
 3.6 -0.622332
 3.7 -0.460208
 3.8 -0.254884
 3.9 0.038480
 4.0 0.109750
 4.1 -0.138249
 4.2 -0.558421
 4.3 -0.956956
 4.4 -1.222800
 4.5 -1.579570
 4.6 -2.471948
 4.7 -3.148831
 4.8 -3.641629
 4.9 -4.665859
 5.0 -5.423259
 5.1 -5.770359

ALA 10
 0.0 5.000000
 0.1 5.000000
 0.2 5.000000
 0.3 5.000000
 0.4 5.000000
 0.5 5.000000
 0.6 5.000000
 0.7 5.000000
 0.8 5.000000
 0.9 5.000000
 1.0 5.000000
 1.1 4.166667
 1.2 4.161290
 1.3 4.125000
 1.4 4.125000
 1.5 4.125000
 1.6 4.078947
 1.7 4.000000
 1.8 4.000000
 1.9 4.000000
 2.0 3.775862
 2.1 3.555556
 2.2 3.050420
 2.3 2.524390
 2.4 2.211957
 2.5 1.188646
 2.6 0.570925
 2.7 0.413326
 2.8 0.150013
 2.9 -0.031413
 3.0 -0.170642
 3.1 -0.454707
 3.2 -0.692699
 3.3 -0.785688
 3.4 -0.855584
 3.5 -0.773573
 3.6 -0.637211
 3.7 -0.500270
 3.8 -0.390888
 3.9 -0.282555
 4.0 -0.186922
 4.1 -0.265296
 4.2 -0.439443
 4.3 -0.734139
 4.4 -0.938056
 4.5 -1.243248
 4.6 -1.736326
 4.7 -2.173275
 4.8 -2.511492
 4.9 -3.037369
 5.0 -3.401255
 5.1 -3.660461

ALA 11
 0.0 5.000000
 0.1 5.000000
 0.2 5.000000
 0.3 5.000000
 0.4 5.000000
 0.5 5.000000
 0.6 5.000000
 0.7 5.000000
 0.8 5.000000
 0.9 5.000000
 1.0 5.000000
 1.1 4.166667
 1.2 4.161290
 1.3 4.125000
 1.4 4.125000
 1.5 4.125000
 1.6 4.078947
 1.7 4.000000
 1.8 4.000000
 1.9 4.000000
 2.0 3.775862
 2.1 3.555556
 2.2 3.079832
 2.3 2.554878
 2.4 2.250000
 2.5 1.353783
 2.6 0.572925
 2.7 0.050543
 2.8 -0.582430
 2.9 -1.079383
 3.0 -1.564270
 3.1 -1.966711
 3.2 -2.023916
 3.3 -1.802010
 3.4 -1.373872
 3.5 -1.057166
 3.6 -0.786928
 3.7 -0.629867
 3.8 -0.551975
 3.9 -0.463170
 4.0 -0.254171
 4.1 -0.166205
 4.2 -0.093496
 4.3 -0.160450
 4.4 -0.172655
 4.5 -0.174181
 4.6 -0.109831
 4.7 -0.292303
 4.8 -0.576355
 4.9 -0.845331
 5.0 -1.105540
 5.1 -1.576749

ALA 12
 0.0 5.000000
 0.1 5.000000
 0.2 5.000000
 0.3 5.000000
 0.4 5.000000
 0.5 5.000000
 0.6 5.000000
 0.7 5.000000
 0.8 5.000000
 0.9 5.000000
 1.0 5.000000
 1.1 4.500000
 1.2 4.483871
 1.3 4.375000
 1.4 4.375000
 1.5 4.375000
 1.6 4.236842
 1.7 4.000000
 1.8 4.000000
 1.9 4.000000
 2.0 3.775862
 2.1 3.555556
 2.2 3.138655
 2.3 2.615854
 2.4 2.309783
 2.5 1.500000
 2.6 0.533394
 2.7 -0.354423
 2.8 -1.291759
 2.9 -2.040247
 3.0 -2.803857
 3.1 -3.141375
 3.2 -2.932508
 3.3 -2.493049
 3.4 -1.809197
 3.5 -1.209589
 3.6 -0.890715
 3.7 -0.812482
 3.8 -0.770798
 3.9 -0.668337
 4.0 -0.566597
 4.1 -0.459255
 4.2 -0.319270
 4.3 -0.246179
 4.4 -0.236007
 4.5 -0.142386
 4.6 0.291438
 4.7 0.456406
 4.8 0.337691
 4.9 0.602022
 5.0 0.783591
 5.1 0.489510

ALA 13
 0.0 5.000000
 0.1 5.000000
 0.2 5.000000
 0.3 5.000000
 0.4 5.000000
 0.5 5.000000
 0.6 5.000000
 0.7 5.000000
 0.8 5.000000
 0.9 5.000000
 1.0 5.000000
 1.1 4.500000
 1.2 4.483871
 1.3 4.375000
 1.4 4.375000
 1.5 4.375000
 1.6 4.236842
 1.7 4.000000
 1.8 4.000000
 1.9 4.000000
 2.0 3.775862
 2.1 3.555556
 2.2 3.168067
 2.3 2.646341
 2.4 2.336957
 2.5 1.563679
 2.6 0.693548
 2.7 -0.162857
 2.8 -1.059494
 2.9 -1.812085
 3.0 -2.580767
 3.1 -2.976120
 3.2 -2.778472
 3.3 -2.290536
 3.4 -1.458003
 3.5 -0.817622
 3.6 -0.534869
 3.7 -0.515751
 3.8 -0.499531
 3.9 -0.473589
 4.0 -0.453346
 4.1 -0.177877
 4.2 0.101006
 4.3 0.112273
 4.4 0.128845
 4.5 0.251617
 4.6 0.586981
 4.7 0.534662
 4.8 0.468717
 4.9 0.859557
 5.0 1.068879
 5.1 0.837247

ALA 14
 0.0 5.000000
 0.1 5.000000
 0.2 5.000000
 0.3 5.000000
 0.4 5.000000
 0.5 5.000000
 0.6 5.000000
 0.7 5.000000
 0.8 5.000000
 0.9 5.000000
 1.0 5.000000
 1.1 4.333333
 1.2 4.322581
 1.3 4.250000
 1.4 4.250000
 1.5 4.250000
 1.6 4.157895
 1.7 4.000000
 1.8 4.000000
 1.9 4.000000
 2.0 3.775862
 2.1 3.555556
 2.2 3.168067
 2.3 2.646341
 2.4 2.304348
 2.5 1.341981
 2.6 0.206093
 2.7 -0.827143
 2.8 -1.896203
 2.9 -2.733531
 3.0 -3.489246
 3.1 -3.759080
 3.2 -3.357928
 3.3 -2.619867
 3.4 -1.376534
 3.5 -0.385476
 3.6 0.235001
 3.7 0.318532
 3.8 0.253250
 3.9 0.283037
 4.0 0.431506
 4.1 1.099954
 4.2 1.931624
 4.3 2.158751
 4.4 2.094155
 4.5 1.947273
 4.6 1.631768
 4.7 0.794316
 4.8 0.168363
 4.9 -0.176315
 5.0 -0.463435
 5.1 -1.073093

ALA 15
 0.0 5.000000
 0.1 5.000000
 0.2 5.000000
 0.3 5.000000
 0.4 5.000000
 0.5 5.000000
 0.6 5.000000
 0.7 5.000000
 0.8 5.000000
 0.9 5.000000
 1.0 5.000000
 1.1 4.333333
 1.2 4.322581
 1.3 4.250000
 1.4 4.250000
 1.5 4.250000
 1.6 4.157895
 1.7 4.000000
 1.8 4.000000
 1.9 3.500000
 2.0 2.991379
 2.1 2.666667
 2.2 2.193277
 2.3 1.600579
 2.4 1.190141
 2.5 0.146896
 2.6 -0.923559
 2.7 -1.822909
 2.8 -2.841825
 2.9 -3.648670
 3.0 -4.483463
 3.1 -4.973998
 3.2 -4.797773
 3.3 -4.229255
 3.4 -2.932839
 3.5 -1.654575
 3.6 -0.586686
 3.7 -0.036216
 3.8 0.384955
 3.9 0.980851
 4.0 1.614523
 4.1 2.494225
 4.2 2.731015
 4.3 2.496347
 4.4 2.340549
 4.5 2.073022
 4.6 1.392806
 4.7 0.219224
 4.8 -0.721823
 4.9 -2.012062
 5.0 -2.828785
 5.1 -4.198041

ALA 16
 0.0 5.000000
 0.1 5.000000
 0.2 5.000000
 0.3 5.000000
 0.4 5.000000
 0.5 5.000000
 0.6 5.000000
 0.7 5.000000
 0.8 5.000000
 0.9 5.000000
 1.0 5.000000
 1.1 4.333333
 1.2 4.322581
 1.3 4.250000
 1.4 4.250000
 1.5 4.250000
 1.6 4.157895
 1.7 4.000000
 1.8 4.000000
 1.9 3.750000
 2.0 3.034483
 2.1 2.666667
 2.2 2.134454
 2.3 1.554848
 2.4 1.152098
 2.5 0.109160
 2.6 -0.907430
 2.7 -1.814269
 2.8 -2.910901
 2.9 -3.758861
 3.0 -4.678996
 3.1 -5.468685
 3.2 -5.519237
 3.3 -5.061965
 3.4 -3.501979
 3.5 -1.533512
 3.6 0.328302
 3.7 1.452911
 3.8 2.428611
 3.9 3.514820
 4.0 4.117818
 4.1 4.232109
 4.2 3.495760
 4.3 2.574073
 4.4 1.962074
 4.5 1.355674
 4.6 0.371547
 4.7 -0.984086
 4.8 -2.197329
 4.9 -4.053558
 5.0 -5.118563
 5.1 -6.922432

ALA 17
 0.0 5.000000
 0.1 5.000000
 0.2 5.000000
 0.3 5.000000
 0.4 5.000000
 0.5 5.000000
 0.6 5.000000
 0.7 5.000000
 0.8 5.000000
 0.9 5.000000
 1.0 5.000000
 1.1 4.500000
 1.2 4.483871
 1.3 4.375000
 1.4 4.375000
 1.5 4.375000
 1.6 4.236842
 1.7 4.000000
 1.8 4.000000
 1.9 4.000000
 2.0 3.250000
 2.1 2.833333
 2.2 2.289916
 2.3 1.676799
 2.4 1.249924
 2.5 0.144557
 2.6 -0.776620
 2.7 -1.672383
 2.8 -2.822286
 2.9 -3.677065
 3.0 -4.578193
 3.1 -5.669834
 3.2 -6.080088
 3.3 -5.820778
 3.4 -4.372664
 3.5 -2.219398
 3.6 -0.170540
 3.7 1.119757
 3.8 2.004835
 3.9 3.084272
 4.0 3.088509
 4.1 2.185763
 4.2 0.892291
 4.3 -0.291849
 4.4 -1.234908
 4.5 -2.106447
 4.6 -3.326144
 4.7 -4.424350
 4.8 -4.785204
 4.9 -4.914078
 5.0 -4.766416
 5.1 -4.736582

ALA 18
 0.0 5.000000
 0.1 5.000000
 0.2 5.000000
 0.3 5.000000
 0.4 5.000000
 0.5 5.000000
 0.6 5.000000
 0.7 5.000000
 0.8 5.000000
 0.9 5.000000
 1.0 5.000000
 1.1 4.500000
 1.2 4.467742
 1.3 4.250000
 1.4 4.250000
 1.5 4.250000
 1.6 3.973684
 1.7 3.500000
 1.8 3.500000
 1.9 3.500000
 2.0 3.250000
 2.1 2.888889
 2.2 2.239496
 2.3 1.469512
 2.4 0.972826
 2.5 -0.391509
 2.6 -1.657706
 2.7 -2.769566
 2.8 -4.014038
 2.9 -4.901179
 3.0 -5.818433
 3.1 -6.849749
 3.2 -7.290476
 3.3 -7.225238
 3.4 -6.167322
 3.5 -4.179026
 3.6 -2.513346
 3.7 -1.364473
 3.8 -0.427444
 3.9 0.891918
 4.0 1.080545
 4.1 0.685408
 4.2 0.363579
 4.3 -0.087248
 4.4 -0.727989
 4.5 -1.454211
 4.6 -2.187087
 4.7 -2.979972
 4.8 -3.177685
 4.9 -2.723444
 5.0 -2.171293
 5.1 -1.621985

ALA 19
 0.0 5.000000
 0.1 5.000000
 0.2 5.000000
 0.3 5.000000
 0.4 5.000000
 0.5 5.000000
 0.6 5.000000
 0.7 5.000000
 0.8 5.000000
 0.9 5.000000
 1.0 5.000000
 1.1 4.333333
 1.2 4.322581
 1.3 4.250000
 1.4 4.250000
 1.5 4.250000
 1.6 4.157895
 1.7 4.000000
 1.8 4.000000
 1.9 4.000000
 2.0 3.534483
 2.1 3.222222
 2.2 2.760504
 2.3 2.057896
 2.4 1.576011
 2.5 0.248217
 2.6 -0.975918
 2.7 -2.082497
 2.8 -3.384319
 2.9 -4.313336
 3.0 -5.276206
 3.1 -6.282725
 3.2 -6.617600
 3.3 -6.480772
 3.4 -5.381123
 3.5 -3.704148
 3.6 -2.239509
 3.7 -1.265209
 3.8 -0.550264
 3.9 0.369261
 4.0 0.772059
 4.1 1.052580
 4.2 1.191219
 4.3 1.084593
 4.4 0.929607
 4.5 0.529090
 4.6 -0.119275
 4.7 -0.938931
 4.8 -1.363492
 4.9 -1.886287
 5.0 -2.078243
 5.1 -2.325234

ALA 20
 0.0 5.000000
 0.1 5.000000
 0.2 5.000000
 0.3 5.000000
 0.4 5.000000
 0.5 5.000000
 0.6 5.000000
 0.7 5.000000
 0.8 5.000000
 0.9 5.000000
 1.0 5.000000
 1.1 4.333333
 1.2 4.322581
 1.3 4.250000
 1.4 4.250000
 1.5 4.250000
 1.6 4.157895
 1.7 4.000000
 1.8 4.000000
 1.9 3.500000
 2.0 3.034483
 2.1 2.722222
 2.2 2.264706
 2.3 1.707256
 2.4 1.347674
 2.5 0.425774
 2.6 -0.333168
 2.7 -1.045406
 2.8 -1.975511
 2.9 -2.688439
 3.0 -3.455904
 3.1 -4.197862
 3.2 -4.291653
 3.3 -3.841388
 3.4 -2.435873
 3.5 -0.762427
 3.6 0.740644
 3.7 1.628225
 3.8 2.267118
 3.9 2.832424
 4.0 2.998845
 4.1 2.730314
 4.2 1.852327
 4.3 1.187866
 4.4 1.003413
 4.5 0.768963
 4.6 0.460866
 4.7 0.118203
 4.8 -0.296117
 4.9 -1.000089
 5.0 -1.369992
 5.1 -2.188594

ALA 21
 0.0 5.000000
 0.1 5.000000
 0.2 5.000000
 0.3 5.000000
 0.4 5.000000
 0.5 5.000000
 0.6 5.000000
 0.7 5.000000
 0.8 5.000000
 0.9 5.000000
 1.0 5.000000
 1.1 4.333333
 1.2 4.322581
 1.3 4.250000
 1.4 4.250000
 1.5 4.250000
 1.6 4.157895
 1.7 4.000000
 1.8 4.000000
 1.9 3.750000
 2.0 3.077586
 2.1 2.777778
 2.2 2.306723
 2.3 1.737744
 2.4 1.363978
 2.5 0.432840
 2.6 -0.358308
 2.7 -1.021057
 2.8 -1.834365
 2.9 -2.495839
 3.0 -3.164210
 3.1 -3.609118
 3.2 -3.483831
 3.3 -2.815010
 3.4 -1.465836
 3.5 -0.214053
 3.6 0.835175
 3.7 1.425286
 3.8 1.747895
 3.9 1.974238
 4.0 2.128751
 4.1 2.039693
 4.2 1.589152
 4.3 1.191752
 4.4 1.024566
 4.5 0.890760
 4.6 0.818340
 4.7 0.521373
 4.8 0.083330
 4.9 -0.486346
 5.0 -0.824248
 5.1 -1.684607

ALA 22
 0.0 5.000000
 0.1 5.000000
 0.2 5.000000
 0.3 5.000000
 0.4 5.000000
 0.5 5.000000
 0.6 5.000000
 0.7 5.000000
 0.8 5.000000
 0.9 5.000000
 1.0 5.000000
 1.1 4.166667
 1.2 4.145161
 1.3 4.000000
 1.4 4.000000
 1.5 4.000000
 1.6 3.815789
 1.7 3.500000
 1.8 3.500000
 1.9 3.500000
 2.0 3.094828
 2.1 2.611111
 2.2 1.936975
 2.3 1.152409
 2.4 0.695576
 2.5 -0.414406
 2.6 -1.281996
 2.7 -1.941023
 2.8 -2.602651
 2.9 -3.223518
 3.0 -3.855218
 3.1 -4.061305
 3.2 -3.777008
 3.3 -3.104756
 3.4 -1.869887
 3.5 -0.876141
 3.6 -0.196928
 3.7 0.291787
 3.8 0.635411
 3.9 1.004479
 4.0 1.335178
 4.1 1.451712
 4.2 1.019242
 4.3 0.504620
 4.4 -0.006280
 4.5 -0.693381
 4.6 -1.594773
 4.7 -2.711668
 4.8 -3.479748
 4.9 -3.577761
 5.0 -3.458544
 5.1 -3.648990

ALA 23
 0.0 5.000000
 0.1 5.000000
 0.2 5.000000
 0.3 5.000000
 0.4 5.000000
 0.5 5.000000
 0.6 5.000000
 0.7 5.000000
 0.8 5.000000
 0.9 5.000000
 1.0 5.000000
 1.1 4.166667
 1.2 4.161290
 1.3 4.125000
 1.4 4.125000
 1.5 4.125000
 1.6 4.078947
 1.7 4.000000
 1.8 4.000000
 1.9 4.000000
 2.0 3.732759
 2.1 3.500000
 2.2 3.063025
 2.3 2.451220
 2.4 2.086957
 2.5 1.051887
 2.6 -0.069892
 2.7 -1.020000
 2.8 -1.932911
 2.9 -2.660289
 3.0 -3.266257
 3.1 -3.275285
 3.2 -2.705516
 3.3 -1.877881
 3.4 -0.611500
 3.5 0.299617
 3.6 0.890605
 3.7 1.040771
 3.8 0.978594
 3.9 0.910216
 4.0 0.975713
 4.1 1.269766
 4.2 1.626077
 4.3 1.711920
 4.4 1.784993
 4.5 1.791877
 4.6 1.524562
 4.7 0.726524
 4.8 0.136865
 4.9 -0.215619
 5.0 -0.430022
 5.1 -0.988252

ALA 24
 0.0 5.000000
 0.1 5.000000
 0.2 5.000000
 0.3 5.000000
 0.4 5.000000
 0.5 5.000000
 0.6 5.000000
 0.7 5.000000
 0.8 5.000000
 0.9 5.000000
 1.0 5.000000
 1.1 4.333333
 1.2 4.322581
 1.3 4.250000
 1.4 4.250000
 1.5 4.250000
 1.6 4.157895
 1.7 4.000000
 1.8 4.000000
 1.9 4.000000
 2.0 3.775862
 2.1 3.555556
 2.2 3.109244
 2.3 2.585366
 2.4 2.282609
 2.5 1.509434
 2.6 0.632616
 2.7 -0.212857
 2.8 -1.116456
 2.9 -1.828823
 3.0 -2.590612
 3.1 -3.253098
 3.2 -3.279956
 3.3 -2.996665
 3.4 -2.387322
 3.5 -2.018968
 3.6 -1.773994
 3.7 -1.660352
 3.8 -1.589922
 3.9 -1.545501
 4.0 -1.385666
 4.1 -1.080480
 4.2 -0.874712
 4.3 -0.791537
 4.4 -0.748806
 4.5 -0.773896
 4.6 -0.810983
 4.7 -1.019587
 4.8 -1.244771
 4.9 -1.244321
 5.0 -1.175452
 5.1 -1.285032

ALA 25
 0.0 0.000000
 0.1 0.000000
 0.2 0.000000
 0.3 0.000000
 0.4 0.000000
 0.5 0.000000
 0.6 0.000000
 0.7 0.000000
 0.8 0.000000
 0.9 0.000000
 1.0 0.000000
 1.1 0.000000
 1.2 0.000000
 1.3 0.000000
 1.4 0.000000
 1.5 0.000000
 1.6 0.000000
 1.7 0.000000
 1.8 0.000000
 1.9 0.000000
 2.0 0.000000
 2.1 0.000000
 2.2 0.000000
 2.3 0.000000
 2.4 0.000000
 2.5 0.000000
 2.6 0.000000
 2.7 0.000000
 2.8 0.000000
 2.9 0.000000
 3.0 0.000000
 3.1 0.000000
 3.2 0.000000
 3.3 0.000000
 3.4 0.000000
 3.5 0.000000
 3.6 0.000000
 3.7 0.000000
 3.8 0.000000
 3.9 0.000000
 4.0 0.000000
 4.1 0.000000
 4.2 0.000000
 4.3 0.000000
 4.4 0.000000
 4.5 0.000000
 4.6 0.000000
 4.7 0.000000
 4.8 0.000000
 4.9 0.000000
 5.0 0.000000
 5.1 0.000000

