ATOMS
N -18.076 -16.552 -10.791
CA -16.627 -16.552 -10.791
C -16.104 -15.123 -10.791
O -14.995 -14.866 -10.326

N -16.906 -14.193 -11.314
CA -16.523 -12.796 -11.373
C -16.011 -12.337 -10.015
O -15.219 -11.400 -9.933

N -16.465 -13.000 -8.949
CA -16.053 -12.659 -7.602
C -14.538 -12.540 -7.533
O -14.008 -11.829 -6.683

N -13.842 -13.241 -8.432
CA -12.393 -13.212 -8.470
C -11.898 -11.773 -8.435
O -10.782 -11.511 -7.991

N -12.731 -10.842 -8.905
CA -12.376 -9.438 -8.926
C -11.837 -9.014 -7.567
O -11.061 -8.065 -7.475

N -12.250 -9.721 -6.513
CA -11.808 -9.418 -5.167
C -10.293 -9.272 -5.134
O -9.754 -8.579 -4.274

N -9.609 -9.927 -6.074
CA -8.163 -9.869 -6.149
C -7.694 -8.423 -6.078
O -6.572 -8.153 -5.655

N -8.557 -7.493 -6.494
CA -8.230 -6.082 -6.476
C -7.661 -5.693 -5.118
O -6.902 -4.733 -5.014

N -8.032 -6.444 -4.078
CA -7.560 -6.177 -2.735
C -6.048 -6.002 -2.736
O -5.499 -5.328 -1.868

N -5.377 -6.612 -3.716
CA -3.935 -6.522 -3.827
C -3.492 -5.070 -3.719
O -2.364 -4.793 -3.317

N -4.383 -4.145 -4.080
CA -4.082 -2.728 -4.023
C -3.485 -2.375 -2.668
O -2.741 -1.403 -2.551

N -3.813 -3.167 -1.645
CA -3.310 -2.936 -0.306
C -1.803 -2.731 -0.342
O -1.243 -2.076 0.535

N -1.147 -3.295 -1.359
CA 0.290 -3.173 -1.505
C 0.709 -1.717 -1.359
O 1.841 -1.431 -0.978

N -0.210 -0.797 -1.665
CA 0.066 0.622 -1.567
C 0.693 0.942 -0.218
O 1.421 1.923 -0.087

N 0.407 0.109 0.786
CA 0.942 0.305 2.119
C 2.444 0.540 2.050
O 3.014 1.177 2.934

N 3.082 0.024 0.998
CA 4.512 0.180 0.818
C 4.907 1.638 1.002
O 6.044 1.933 1.363

N 3.963 2.549 0.753
CA 4.215 3.969 0.891
C 4.872 4.256 2.234
O 5.585 5.246 2.379

N 4.629 3.384 3.216
CA 5.196 3.545 4.540
C 6.691 3.813 4.440
O 7.273 4.431 5.329

N 7.310 3.346 3.354
CA 8.731 3.535 3.142
C 9.103 4.994 3.366
O 10.244 5.299 3.706

N 8.136 5.894 3.172
CA 8.365 7.313 3.353
C 9.052 7.567 4.687
O 9.750 8.566 4.847

N 8.852 6.659 5.644
CA 9.451 6.787 6.958
C 10.938 7.087 6.828
O 11.532 7.686 7.721

N 11.537 6.669 5.710
CA 12.947 6.893 5.467
C 13.298 8.351 5.731
O 14.441 8.667 6.052

N 12.309 9.237 5.594
CA 12.515 10.654 5.816
C 13.234 10.877 7.140
O 13.917 11.883 7.315

N 13.077 9.933 8.071
CA 13.709 10.028 9.371
C 15.185 10.362 9.213
O 15.792 10.942 10.110

N 15.762 9.994 8.066
CA 17.161 10.254 7.794
C 17.491 11.708 8.097
O 18.636 12.037 8.399

N 16.482 12.580 8.017
CA 16.668 13.992 8.283
C 17.417 14.184 9.593
O 18.066 15.220 9.718

EDGES
1 5 2.684643
1 6 4.105858
1 7 4.757376
1 9 4.313350
1 10 5.423809
2 5 2.432334
2 6 3.802246
2 7 4.329880
2 8 5.409411
2 9 4.004486
2 10 5.065042
2 11 5.574462
2 13 4.927862
3 5 1.334778
3 6 2.434998
3 7 2.893548
3 8 3.921749
3 9 2.833799
3 10 4.030337
3 11 4.442838
3 12 5.667391
3 13 3.771399
3 14 4.776032
3 17 5.767242
4 5 2.254106
4 6 2.777750
4 7 2.743140
4 8 3.495394
4 9 2.745721
4 10 3.662020
4 11 3.663328
4 12 4.844480
4 13 2.749049
4 14 3.598730
4 15 4.768012
4 17 4.830892
5 9 2.685322
5 10 4.106058
5 11 4.757709
5 13 4.312809
5 14 5.423824
6 9 2.433260
6 10 3.802645
6 11 4.330284
6 12 5.408920
6 13 4.004406
6 14 5.065310
6 15 5.573957
6 17 4.928327
7 9 1.334931
7 10 2.434752
7 11 2.893313
7 12 3.920752
7 13 2.833314
7 14 4.030208
7 15 4.441989
7 16 5.667565
7 17 3.771674
7 18 4.775285
7 21 5.766505
8 9 2.254057
8 10 2.777445
8 11 2.742875
8 12 3.494719
8 13 2.745617
8 14 3.661965
8 15 3.662264
8 16 4.844652
8 17 2.749235
8 18 3.598075
8 19 4.767481
8 21 4.830155
9 13 2.684306
9 14 4.105553
9 15 4.756807
9 17 4.312964
9 18 5.422941
10 13 2.432313
10 14 3.801951
10 15 4.329308
10 16 5.408573
10 17 4.004370
10 18 5.064400
10 19 5.573321
10 21 4.927532
11 13 1.335671
11 14 2.435278
11 15 2.893353
11 16 3.921242
11 17 2.833873
11 18 4.029528
11 19 4.441760
11 20 5.667320
11 21 3.771221
11 22 4.774698
11 25 5.766411
12 13 2.253952
12 14 2.777460
12 15 2.743126
12 16 3.495578
12 17 2.746303
12 18 3.662152
12 19 3.663185
12 20 4.845593
12 21 2.750114
12 22 3.598774
12 23 4.768530
12 25 4.831116
13 17 2.685750
13 18 4.105606
13 19 4.757707
13 21 4.313632
13 22 5.423349
14 17 2.433181
14 18 3.801487
14 19 4.329867
14 20 5.408868
14 21 4.004670
14 22 5.064234
14 23 5.573374
14 25 4.927748
15 17 1.334747
15 18 2.433473
15 19 2.892961
15 20 3.920642
15 21 2.833495
15 22 4.029138
15 23 4.441579
15 24 5.666771
15 25 3.771148
15 26 4.775064
15 29 5.766122
16 17 2.254231
16 18 2.777119
16 19 2.743685
16 20 3.495570
16 21 2.746563
16 22 3.661735
16 23 3.662607
16 24 4.844533
16 25 2.749523
16 26 3.598373
16 27 4.767710
16 29 4.830731
17 21 2.685082
17 22 4.105161
17 23 4.757014
17 25 4.312618
17 26 5.422996
18 21 2.432804
18 22 3.801724
18 23 4.329632
18 24 5.408685
18 25 4.003663
18 26 5.064273
18 27 5.573370
18 29 4.927719
19 21 1.334666
19 22 2.433939
19 23 2.893093
19 24 3.920710
19 25 2.833126
19 26 4.029891
19 27 4.441942
19 28 5.667212
19 29 3.771362
19 30 4.774657
19 33 5.766806
20 21 2.254218
20 22 2.777676
20 23 2.743529
20 24 3.495547
20 25 2.745569
20 26 3.662116
20 27 3.662849
20 28 4.844715
20 29 2.749466
20 30 3.597895
20 31 4.768840
20 33 4.831365
21 25 2.685151
21 26 4.105846
21 27 4.757222
21 29 4.313072
21 30 5.422554
22 25 2.432556
22 26 3.801809
22 27 4.329543
22 28 5.408703
22 29 4.004442
22 30 5.064036
22 31 5.574552
22 33 4.928364
23 25 1.334347
23 26 2.433831
23 27 2.892531
23 28 3.920388
23 29 2.833397
23 30 4.029024
23 31 4.442625
23 32 5.667081
23 33 3.771583
23 34 4.775303
23 37 5.766574
24 25 2.253470
24 26 2.776870
24 27 2.742691
24 28 3.494819
24 29 2.746016
24 30 3.661474
24 31 3.663602
24 32 4.844917
24 33 2.749895
24 34 3.598856
24 35 4.768732
24 37 4.831002
25 29 2.684671
25 30 4.104543
25 31 4.757667
25 33 4.313031
25 34 5.423082
26 29 2.433030
26 30 3.801682
26 31 4.330582
26 32 5.408959
26 33 4.004601
26 34 5.064570
26 35 5.574539
26 37 4.928421
27 29 1.335187
27 30 2.434334
27 31 2.894061
27 32 3.921155
27 33 2.833846
27 34 4.029655
27 35 4.442918
27 36 5.667552
27 37 3.771903
27 38 4.776074
27 41 5.766802
28 29 2.253829
28 30 2.777057
28 31 2.743336
28 32 3.495165
28 33 2.745762
28 34 3.661573
28 35 3.663596
28 36 4.844928
28 37 2.749987
28 38 3.599377
28 39 4.768583
28 41 4.830777
29 33 2.685718
29 34 4.105599
29 35 4.758227
29 37 4.313449
29 38 5.423893
30 33 2.433239
30 34 3.801711
30 35 4.330719
30 36 5.409301
30 37 4.004761
30 38 5.065355
30 39 5.574391
30 41 4.928711
31 33 1.335381
31 34 2.433751
31 35 2.893298
31 36 3.920455
31 37 2.833164
31 38 4.029516
31 39 4.441384
31 40 5.666728
31 41 3.770813
31 42 4.774881
31 45 5.766239
32 33 2.254000
32 34 2.777038
32 35 2.743895
32 36 3.495676
32 37 2.746101
32 38 3.662319
32 39 3.663154
32 40 4.845292
32 41 2.750175
32 42 3.599237
32 43 4.768623
32 45 4.831608
33 37 2.684826
33 38 4.105423
33 39 4.756927
33 41 4.312842
33 42 5.423484
34 37 2.432504
34 38 3.801594
34 39 4.329241
34 40 5.408567
34 41 4.003920
34 42 5.064684
34 43 5.573627
34 45 4.928307
35 37 1.335193
35 38 2.434225
35 39 2.892758
35 40 3.920599
35 41 2.833198
35 42 4.029963
35 43 4.441703
35 44 5.667563
35 45 3.771304
35 46 4.775134
35 49 5.765742
36 37 2.253585
36 38 2.776583
36 39 2.742410
36 40 3.494861
36 41 2.745522
36 42 3.662228
36 43 3.662841
36 44 4.845480
36 45 2.749954
36 46 3.599059
36 47 4.767966
36 49 4.830329
37 41 2.684515
37 42 4.105695
37 43 4.757114
37 45 4.313138
37 46 5.423427
38 41 2.432045
38 42 3.801902
38 43 4.329364
38 44 5.409064
38 45 4.004002
38 46 5.064332
38 47 5.573359
38 49 4.927220
39 41 1.334102
39 42 2.434231
39 43 2.892693
39 44 3.921111
39 45 2.833007
39 46 4.029348
39 47 4.441596
39 48 5.667323
39 49 3.770842
39 50 4.775346
39 53 5.766192
40 41 2.253538
40 42 2.777442
40 43 2.743094
40 44 3.495853
40 45 2.745735
40 46 3.661897
40 47 3.662948
40 48 4.845269
40 49 2.749338
40 50 3.598814
40 51 4.768529
40 53 4.830821
41 45 2.685258
41 46 4.105616
41 47 4.756936
41 49 4.312544
41 50 5.423314
42 45 2.433098
42 46 3.802017
42 47 4.329389
42 48 5.409287
42 49 4.004074
42 50 5.064853
42 51 5.574289
42 53 4.927607
43 45 1.334682
43 46 2.434007
43 47 2.892427
43 48 3.921119
43 49 2.833042
43 50 4.029888
43 51 4.442531
43 52 5.666879
43 53 3.771169
43 54 4.775334
43 57 5.766111
44 45 2.254266
44 46 2.777386
44 47 2.742829
44 48 3.495759
44 49 2.746154
44 50 3.662510
44 51 3.663599
44 52 4.844568
44 53 2.749217
44 54 3.598351
44 55 4.768047
44 57 4.830281
45 49 2.684350
45 50 4.105392
45 51 4.757392
45 53 4.312645
45 54 5.423029
46 49 2.432336
46 50 3.801811
46 51 4.329796
46 52 5.408272
46 53 4.004023
46 54 5.064273
46 55 5.574104
46 57 4.927533
47 49 1.335186
47 50 2.434868
47 51 2.893550
47 52 3.920871
47 53 2.833431
47 54 4.029441
47 55 4.442558
47 56 5.667355
47 57 3.771218
47 58 4.775860
47 61 5.766182
48 49 2.254421
48 50 2.777607
48 51 2.743432
48 52 3.495175
48 53 2.746440
48 54 3.662115
48 55 3.663800
48 56 4.845181
48 57 2.749496
48 58 3.598950
48 59 4.767877
48 61 4.830113
49 53 2.685444
49 54 4.105791
49 55 4.758114
49 57 4.313138
49 58 5.424058
50 53 2.433306
50 54 3.802111
50 55 4.330358
50 56 5.409168
50 57 4.004235
50 58 5.065073
50 59 5.573519
50 61 4.927584
51 53 1.335888
51 54 2.434673
51 55 2.893513
51 56 3.921037
51 57 2.833109
51 58 4.029796
51 59 4.441346
51 60 5.667284
51 61 3.770631
51 62 4.775013
51 65 5.766092
52 53 2.254002
52 54 2.777113
52 55 2.743471
52 56 3.495654
52 57 2.745843
52 58 3.662418
52 59 3.662954
52 60 4.845755
52 61 2.749851
52 62 3.599330
52 63 4.768597
52 65 4.831112
53 57 2.684944
53 58 4.106113
53 59 4.757364
53 61 4.313105
53 62 5.423753
54 57 2.432295
54 58 3.801902
54 59 4.329468
54 60 5.409042
54 61 4.004133
54 62 5.064633
54 63 5.573805
54 65 4.927711
55 57 1.335553
55 58 2.435023
55 59 2.893342
55 60 3.921399
55 61 2.833496
55 62 4.029727
55 63 4.441915
55 64 5.666996
55 65 3.770702
55 66 4.774630
55 69 5.766092
56 57 2.254090
56 58 2.777373
56 59 2.743353
56 60 3.495798
56 61 2.746333
56 62 3.662152
56 63 3.663242
56 64 4.845073
56 65 2.749407
56 66 3.598477
56 67 4.768577
56 69 4.830693
57 61 2.684734
57 62 4.105739
57 63 4.757573
57 65 4.312751
57 66 5.423236
58 61 2.432119
58 62 3.801727
58 63 4.329642
58 64 5.408542
58 65 4.003490
58 66 5.064130
58 67 5.573915
58 69 4.927232
59 61 1.334168
59 62 2.433937
59 63 2.893143
59 64 3.920768
59 65 2.832958
59 66 4.029611
59 67 4.442713
59 68 5.667500
59 69 3.771222
59 70 4.775315
59 73 5.766455
60 61 2.254358
60 62 2.777673
60 63 2.743828
60 64 3.495780
60 65 2.745860
60 66 3.662173
60 67 3.663660
60 68 4.845083
60 69 2.749290
60 70 3.598303
60 71 4.768318
60 73 4.830795
61 65 2.685482
61 66 4.105869
61 67 4.758321
61 69 4.313042
61 70 5.423302
62 65 2.432650
62 66 3.801323
62 67 4.329946
62 68 5.408549
62 69 4.003712
62 70 5.064027
62 71 5.573654
62 73 4.927845
63 65 1.335312
63 66 2.434080
63 67 2.893609
63 68 3.920903
63 69 2.833301
63 70 4.029592
63 71 4.442198
63 72 5.667604
63 73 3.771416
63 74 4.775059
63 77 5.766184
64 65 2.254355
64 66 2.777287
64 67 2.743821
64 68 3.495555
64 69 2.746131
64 70 3.662100
64 71 3.663460
64 72 4.845575
64 73 2.750165
64 74 3.598780
64 75 4.768565
64 77 4.830990
65 69 2.684614
65 70 4.105323
65 71 4.757483
65 73 4.313099
65 74 5.423407
66 69 2.432950
66 70 3.802281
66 71 4.330163
66 72 5.409312
66 73 4.004188
66 74 5.064545
66 75 5.573939
66 77 4.927761
67 69 1.335574
67 70 2.434776
67 71 2.893345
67 72 3.921027
67 73 2.833080
67 74 4.029415
67 75 4.441557
67 76 5.666835
67 77 3.770489
67 78 4.774773
67 81 5.765666
68 69 2.254229
68 70 2.777525
68 71 2.743072
68 72 3.495149
68 73 2.745223
68 74 3.661558
68 75 3.662512
68 76 4.844587
68 77 2.748882
68 78 3.598550
68 79 4.768018
68 81 4.830122
69 73 2.684818
69 74 4.105445
69 75 4.757234
69 77 4.312898
69 78 5.423422
70 73 2.432117
70 74 3.801411
70 75 4.329264
70 76 5.408731
70 77 4.004101
70 78 5.064519
70 79 5.573763
70 81 4.927692
71 73 1.334408
71 74 2.433863
71 75 2.892401
71 76 3.920556
71 77 2.833092
71 78 4.029125
71 79 4.441604
71 80 5.666934
71 81 3.770842
71 82 4.775207
71 85 5.766572
72 73 2.253712
72 74 2.776968
72 75 2.742123
72 76 3.494910
72 77 2.745503
72 78 3.661006
72 79 3.662172
72 80 4.844180
72 81 2.748900
72 82 3.598341
72 83 4.767973
72 85 4.830683
73 77 2.684717
73 78 4.104889
73 79 4.756921
73 81 4.312520
73 82 5.423392
74 77 2.433065
74 78 3.801547
74 79 4.329791
74 80 5.408914
74 81 4.004250
74 82 5.065152
74 83 5.574419
74 85 4.928511
75 77 1.335187
75 78 2.433634
75 79 2.892745
75 80 3.920606
75 81 2.832757
75 82 4.029692
75 83 4.442220
75 84 5.666827
75 85 3.771514
75 86 4.774593
75 89 5.765888
76 77 2.254517
76 78 2.776949
76 79 2.743547
76 80 3.495598
76 81 2.746472
76 82 3.663127
76 83 3.664078
76 84 4.845301
76 85 2.750412
76 86 3.598356
76 87 4.768883
76 89 4.830798
77 81 2.684896
77 82 4.106150
77 83 4.758234
77 85 4.313800
77 86 5.423168
78 81 2.431782
78 82 3.801591
78 83 4.329784
78 84 5.408183
78 85 4.003969
78 86 5.063607
78 87 5.573761
78 89 4.927372
79 81 1.334284
79 82 2.434141
79 83 2.893316
79 84 3.920423
79 85 2.833400
79 86 4.029107
79 87 4.442196
79 88 5.666970
79 89 3.770888
79 90 4.774576
79 93 5.766285
80 81 2.253500
80 82 2.776790
80 83 2.742835
80 84 3.494252
80 85 2.745314
80 86 3.661166
80 87 3.662784
80 88 4.844348
80 89 2.748951
80 90 3.597767
80 91 4.768315
80 93 4.830300
81 85 2.685830
81 86 4.105498
81 87 4.757872
81 89 4.312706
81 90 5.422839
82 85 2.433685
82 86 3.802148
82 87 4.330246
82 88 5.408820
82 89 4.003893
82 90 5.064183
82 91 5.574254
82 93 4.927876
83 85 1.335458
83 86 2.434345
83 87 2.893217
83 88 3.920406
83 89 2.832825
83 90 4.029214
83 91 4.442191
83 92 5.666853
83 93 3.770953
83 94 4.774387
83 97 5.766651
84 85 2.253538
84 86 2.776975
84 87 2.742459
84 88 3.494310
84 89 2.744715
84 90 3.661194
84 91 3.662901
84 92 4.844365
84 93 2.749279
84 94 3.598165
84 95 4.767751
84 97 4.831024
85 89 2.684039
85 90 4.104625
85 91 4.757307
85 93 4.312727
85 94 5.422489
86 89 2.432593
86 90 3.801782
86 91 4.330537
86 92 5.408891
86 93 4.004911
86 94 5.064591
86 95 5.574506
86 97 4.929019
87 89 1.334873
87 90 2.433952
87 91 2.893104
87 92 3.920107
87 93 2.833225
87 94 4.028753
87 95 4.441758
87 96 5.666477
87 97 3.771335
87 98 4.774950
87 101 5.766116
88 89 2.253905
88 90 2.777290
88 91 2.743117
88 92 3.494625
88 93 2.745836
88 94 3.661135
88 95 3.663125
88 96 4.844398
88 97 2.749939
88 98 3.598824
88 99 4.767830
88 101 4.830991
89 93 2.685101
89 94 4.105047
89 95 4.757537
89 97 4.313588
89 98 5.423670
90 93 2.433251
90 94 3.802044
90 95 4.330563
90 96 5.409261
90 97 4.005135
90 98 5.065353
90 99 5.574446
90 101 4.928587
91 93 1.335120
91 94 2.433883
91 95 2.892915
91 96 3.920266
91 97 2.833364
91 98 4.029538
91 99 4.441673
91 100 5.666770
91 101 3.770788
91 102 4.775147
92 93 2.253805
92 94 2.776945
92 95 2.742931
92 96 3.494729
92 97 2.745241
92 98 3.661505
92 99 3.662735
92 100 4.844351
92 101 2.749152
92 102 3.599015
92 103 4.768006
93 97 2.685697
93 98 4.105950
93 99 4.757594
93 101 4.313183
93 102 5.423625
94 97 2.432897
94 98 3.801882
94 99 4.330012
94 100 5.408900
94 101 4.004441
94 102 5.064852
94 103 5.574126
95 97 1.335650
95 98 2.435118
95 99 2.893926
95 100 3.921431
95 101 2.834105
95 102 4.030023
95 103 4.442286
95 104 5.670569
96 97 2.253340
96 98 2.776934
96 99 2.743269
96 100 3.494980
96 101 2.745868
96 102 3.661667
96 103 3.663124
96 104 4.860661
97 101 2.684809
97 102 4.105110
97 103 4.756769
98 101 2.433320
98 102 3.801949
98 103 4.329762
98 104 5.402033
99 101 1.335988
99 102 2.434868
99 103 2.893798
99 104 3.910551
100 101 2.253994
100 102 2.776419
100 103 2.742482
100 104 3.492299

RESIDUES
ALA 1
 0.0 4.000000
 0.1 4.000000
 0.2 4.000000
 0.3 4.000000
 0.4 4.000000
 0.5 4.000000
 0.6 4.000000
 0.7 4.000000
 0.8 4.000000
 0.9 4.000000
 1.0 4.000000
 1.1 4.000000
 1.2 4.000000
 1.3 3.666667
 1.4 3.666667
 1.5 3.666667
 1.6 3.666667
 1.7 3.666667
 1.8 3.666667
 1.9 3.666667
 2.0 3.666667
 2.1 3.666667
 2.2 3.666667
 2.3 3.166667
 2.4 2.375000
 2.5 2.375000
 2.6 2.375000
 2.7 1.283400
 2.8 0.972333
 2.9 1.028333
 3.0 1.028333
 3.1 1.028333
 3.2 1.028333
 3.3 1.028333
 3.4 1.028333
 3.5 0.875000
 3.6 0.583000
 3.7 0.625000
 3.8 0.597500
 3.9 0.563000
 4.0 0.550400
 4.1 0.500000
 4.2 0.500000
 4.3 0.300800
 4.4 0.278667
 4.5 0.278667
 4.6 0.278667
 4.7 0.278667
 4.8 0.066571
 4.9 0.141500
 5.0 0.141500
 5.1 -0.050000
 5.2 -0.050000
 5.3 -0.050000
 5.4 -0.316667
 5.5 -0.316667
 5.6 -0.566333
 5.7 -0.800500

ALA 2
 0.0 4.000000
 0.1 4.000000
 0.2 4.000000
 0.3 4.000000
 0.4 4.000000
 0.5 4.000000
 0.6 4.000000
 0.7 4.000000
 0.8 4.000000
 0.9 4.000000
 1.0 4.000000
 1.1 4.000000
 1.2 4.000000
 1.3 3.333333
 1.4 3.333333
 1.5 3.333333
 1.6 3.333333
 1.7 3.333333
 1.8 3.333333
 1.9 3.333333
 2.0 3.333333
 2.1 3.333333
 2.2 3.333333
 2.3 2.333333
 2.4 0.875000
 2.5 0.875000
 2.6 0.875000
 2.7 -1.266800
 2.8 -1.320167
 2.9 -0.832333
 3.0 -0.832333
 3.1 -0.832333
 3.2 -0.832333
 3.3 -0.832333
 3.4 -0.832333
 3.5 -1.082500
 3.6 -1.666000
 3.7 -1.020000
 3.8 -0.943500
 3.9 -1.395750
 4.0 -0.966400
 4.1 -0.999500
 4.2 -0.999500
 4.3 -1.050800
 4.4 -1.028333
 4.5 -1.028333
 4.6 -1.028333
 4.7 -1.028333
 4.8 -1.743571
 4.9 -1.467000
 5.0 -1.467000
 5.1 -1.925000
 5.2 -1.925000
 5.3 -1.925000
 5.4 -2.188833
 5.5 -2.188833
 5.6 -2.061000
 5.7 -2.475250

ALA 3
 0.0 4.000000
 0.1 4.000000
 0.2 4.000000
 0.3 4.000000
 0.4 4.000000
 0.5 4.000000
 0.6 4.000000
 0.7 4.000000
 0.8 4.000000
 0.9 4.000000
 1.0 4.000000
 1.1 4.000000
 1.2 4.000000
 1.3 3.500000
 1.4 3.500000
 1.5 3.500000
 1.6 3.500000
 1.7 3.500000
 1.8 3.500000
 1.9 3.500000
 2.0 3.500000
 2.1 3.500000
 2.2 3.500000
 2.3 2.333333
 2.4 0.875000
 2.5 0.875000
 2.6 0.875000
 2.7 -1.216700
 2.8 -0.653167
 2.9 -0.027000
 3.0 -0.027000
 3.1 -0.027000
 3.2 -0.027000
 3.3 -0.027000
 3.4 -0.027000
 3.5 0.062750
 3.6 -0.250000
 3.7 0.146000
 3.8 0.486667
 3.9 0.354750
 4.0 0.300000
 4.1 0.000000
 4.2 0.000000
 4.3 -0.350000
 4.4 0.000333
 4.5 0.000333
 4.6 0.000333
 4.7 0.000333
 4.8 -0.609786
 4.9 -0.449500
 5.0 -0.449500
 5.1 -1.800000
 5.2 -1.800000
 5.3 -1.800000
 5.4 -2.394667
 5.5 -2.394667
 5.6 -3.000000
 5.7 -3.650000

ALA 4
 0.0 4.000000
 0.1 4.000000
 0.2 4.000000
 0.3 4.000000
 0.4 4.000000
 0.5 4.000000
 0.6 4.000000
 0.7 4.000000
 0.8 4.000000
 0.9 4.000000
 1.0 4.000000
 1.1 4.000000
 1.2 4.000000
 1.3 3.500000
 1.4 3.500000
 1.5 3.500000
 1.6 3.500000
 1.7 3.500000
 1.8 3.500000
 1.9 3.500000
 2.0 3.500000
 2.1 3.500000
 2.2 3.500000
 2.3 2.333333
 2.4 0.625000
 2.5 0.625000
 2.6 0.625000
 2.7 -1.150000
 2.8 -0.736500
 2.9 0.000667
 3.0 0.000667
 3.1 0.000667
 3.2 0.000667
 3.3 0.000667
 3.4 0.000667
 3.5 0.042250
 3.6 -0.750000
 3.7 -0.229000
 3.8 -0.027667
 3.9 -0.020500
 4.0 -0.233600
 4.1 -0.917000
 4.2 -0.917000
 4.3 -1.983400
 4.4 -1.861333
 4.5 -1.861333
 4.6 -1.861333
 4.7 -1.861333
 4.8 -3.384643
 4.9 -2.767000
 5.0 -2.767000
 5.1 -4.675500
 5.2 -4.675500
 5.3 -4.675500
 5.4 -5.794500
 5.5 -5.794500
 5.6 -7.578333
 5.7 -9.200000

ALA 5
 0.0 4.000000
 0.1 4.000000
 0.2 4.000000
 0.3 4.000000
 0.4 4.000000
 0.5 4.000000
 0.6 4.000000
 0.7 4.000000
 0.8 4.000000
 0.9 4.000000
 1.0 4.000000
 1.1 4.000000
 1.2 4.000000
 1.3 3.333333
 1.4 3.333333
 1.5 3.333333
 1.6 3.333333
 1.7 3.333333
 1.8 3.333333
 1.9 3.333333
 2.0 3.333333
 2.1 3.333333
 2.2 3.333333
 2.3 2.333333
 2.4 0.625000
 2.5 0.625000
 2.6 0.625000
 2.7 -1.150000
 2.8 -0.680833
 2.9 0.000667
 3.0 0.000667
 3.1 0.000667
 3.2 0.000667
 3.3 0.000667
 3.4 0.000667
 3.5 0.021500
 3.6 -1.000000
 3.7 -0.187750
 3.8 0.000000
 3.9 0.000500
 4.0 -0.266800
 4.1 -1.083500
 4.2 -1.083500
 4.3 -1.916800
 4.4 -2.000333
 4.5 -2.000333
 4.6 -2.000333
 4.7 -2.000333
 4.8 -3.165429
 4.9 -2.000000
 5.0 -2.000000
 5.1 -3.967500
 5.2 -3.967500
 5.3 -3.967500
 5.4 -4.667000
 5.5 -4.667000
 5.6 -5.883333
 5.7 -7.291500

ALA 6
 0.0 4.000000
 0.1 4.000000
 0.2 4.000000
 0.3 4.000000
 0.4 4.000000
 0.5 4.000000
 0.6 4.000000
 0.7 4.000000
 0.8 4.000000
 0.9 4.000000
 1.0 4.000000
 1.1 4.000000
 1.2 4.000000
 1.3 3.166667
 1.4 3.166667
 1.5 3.166667
 1.6 3.166667
 1.7 3.166667
 1.8 3.166667
 1.9 3.166667
 2.0 3.166667
 2.1 3.166667
 2.2 3.166667
 2.3 2.166667
 2.4 0.750000
 2.5 0.750000
 2.6 0.750000
 2.7 -1.166700
 2.8 -0.653167
 2.9 0.000667
 3.0 0.000667
 3.1 0.000667
 3.2 0.000667
 3.3 0.000667
 3.4 0.000667
 3.5 -0.020250
 3.6 -0.500000
 3.7 -0.187750
 3.8 0.013833
 3.9 -0.020250
 4.0 -0.233400
 4.1 -0.917000
 4.2 -0.917000
 4.3 -1.983200
 4.4 -2.028000
 4.5 -2.028000
 4.6 -2.028000
 4.7 -2.028000
 4.8 -3.138071
 4.9 -2.000000
 5.0 -2.000000
 5.1 -3.759000
 5.2 -3.759000
 5.3 -3.759000
 5.4 -4.667000
 5.5 -4.667000
 5.6 -5.955333
 5.7 -7.500000

ALA 7
 0.0 4.000000
 0.1 4.000000
 0.2 4.000000
 0.3 4.000000
 0.4 4.000000
 0.5 4.000000
 0.6 4.000000
 0.7 4.000000
 0.8 4.000000
 0.9 4.000000
 1.0 4.000000
 1.1 4.000000
 1.2 4.000000
 1.3 3.166667
 1.4 3.166667
 1.5 3.166667
 1.6 3.166667
 1.7 3.166667
 1.8 3.166667
 1.9 3.166667
 2.0 3.166667
 2.1 3.166667
 2.2 3.166667
 2.3 2.166667
 2.4 0.750000
 2.5 0.750000
 2.6 0.750000
 2.7 -1.166700
 2.8 -0.764167
 2.9 0.056333
 3.0 0.056333
 3.1 0.056333
 3.2 0.056333
 3.3 0.056333
 3.4 0.056333
 3.5 -0.041000
 3.6 -0.750000
 3.7 -0.208500
 3.8 0.000000
 3.9 -0.020250
 4.0 -0.333200
 4.1 -1.083500
 4.2 -1.083500
 4.3 -1.999600
 4.4 -2.111667
 4.5 -2.111667
 4.6 -2.111667
 4.7 -2.111667
 4.8 -3.174929
 4.9 -1.983250
 5.0 -1.983250
 5.1 -3.559000
 5.2 -3.559000
 5.3 -3.559000
 5.4 -4.528167
 5.5 -4.528167
 5.6 -6.083333
 5.7 -7.416750

ALA 8
 0.0 4.000000
 0.1 4.000000
 0.2 4.000000
 0.3 4.000000
 0.4 4.000000
 0.5 4.000000
 0.6 4.000000
 0.7 4.000000
 0.8 4.000000
 0.9 4.000000
 1.0 4.000000
 1.1 4.000000
 1.2 4.000000
 1.3 3.333333
 1.4 3.333333
 1.5 3.333333
 1.6 3.333333
 1.7 3.333333
 1.8 3.333333
 1.9 3.333333
 2.0 3.333333
 2.1 3.333333
 2.2 3.333333
 2.3 2.333333
 2.4 0.750000
 2.5 0.750000
 2.6 0.750000
 2.7 -1.116700
 2.8 -0.736500
 2.9 0.056333
 3.0 0.056333
 3.1 0.056333
 3.2 0.056333
 3.3 0.056333
 3.4 0.056333
 3.5 0.000500
 3.6 -0.750000
 3.7 -0.167000
 3.8 -0.027667
 3.9 0.000500
 4.0 -0.216800
 4.1 -0.917000
 4.2 -0.917000
 4.3 -1.949600
 4.4 -2.083667
 4.5 -2.083667
 4.6 -2.083667
 4.7 -2.083667
 4.8 -3.120071
 4.9 -2.004250
 5.0 -2.004250
 5.1 -3.234000
 5.2 -3.234000
 5.3 -3.234000
 5.4 -4.611500
 5.5 -4.611500
 5.6 -6.100000
 5.7 -7.374750

ALA 9
 0.0 4.000000
 0.1 4.000000
 0.2 4.000000
 0.3 4.000000
 0.4 4.000000
 0.5 4.000000
 0.6 4.000000
 0.7 4.000000
 0.8 4.000000
 0.9 4.000000
 1.0 4.000000
 1.1 4.000000
 1.2 4.000000
 1.3 3.333333
 1.4 3.333333
 1.5 3.333333
 1.6 3.333333
 1.7 3.333333
 1.8 3.333333
 1.9 3.333333
 2.0 3.333333
 2.1 3.333333
 2.2 3.333333
 2.3 2.333333
 2.4 0.750000
 2.5 0.750000
 2.6 0.750000
 2.7 -1.150000
 2.8 -0.708667
 2.9 -0.110667
 3.0 -0.110667
 3.1 -0.110667
 3.2 -0.110667
 3.3 -0.110667
 3.4 -0.110667
 3.5 0.021250
 3.6 -0.500000
 3.7 -0.291250
 3.8 0.000000
 3.9 0.000500
 4.0 -0.316600
 4.1 -1.000000
 4.2 -1.000000
 4.3 -1.999800
 4.4 -1.805000
 4.5 -1.805000
 4.6 -1.805000
 4.7 -1.805000
 4.8 -3.172429
 4.9 -2.041750
 5.0 -2.041750
 5.1 -3.275500
 5.2 -3.275500
 5.3 -3.275500
 5.4 -4.583667
 5.5 -4.583667
 5.6 -6.016667
 5.7 -7.333500

ALA 10
 0.0 4.000000
 0.1 4.000000
 0.2 4.000000
 0.3 4.000000
 0.4 4.000000
 0.5 4.000000
 0.6 4.000000
 0.7 4.000000
 0.8 4.000000
 0.9 4.000000
 1.0 4.000000
 1.1 4.000000
 1.2 4.000000
 1.3 3.166667
 1.4 3.166667
 1.5 3.166667
 1.6 3.166667
 1.7 3.166667
 1.8 3.166667
 1.9 3.166667
 2.0 3.166667
 2.1 3.166667
 2.2 3.166667
 2.3 2.333333
 2.4 0.625000
 2.5 0.625000
 2.6 0.625000
 2.7 -1.266700
 2.8 -0.667000
 2.9 0.000667
 3.0 0.000667
 3.1 0.000667
 3.2 0.000667
 3.3 0.000667
 3.4 0.000667
 3.5 0.000500
 3.6 -0.500000
 3.7 -0.312250
 3.8 0.013833
 3.9 0.021250
 4.0 -0.233600
 4.1 -1.083500
 4.2 -1.083500
 4.3 -2.033400
 4.4 -1.833333
 4.5 -1.833333
 4.6 -1.833333
 4.7 -1.833333
 4.8 -3.136929
 4.9 -1.979250
 5.0 -1.979250
 5.1 -3.200500
 5.2 -3.200500
 5.3 -3.200500
 5.4 -4.611500
 5.5 -4.611500
 5.6 -5.944667
 5.7 -7.166500

ALA 11
 0.0 4.000000
 0.1 4.000000
 0.2 4.000000
 0.3 4.000000
 0.4 4.000000
 0.5 4.000000
 0.6 4.000000
 0.7 4.000000
 0.8 4.000000
 0.9 4.000000
 1.0 4.000000
 1.1 4.000000
 1.2 4.000000
 1.3 3.166667
 1.4 3.166667
 1.5 3.166667
 1.6 3.166667
 1.7 3.166667
 1.8 3.166667
 1.9 3.166667
 2.0 3.166667
 2.1 3.166667
 2.2 3.166667
 2.3 2.333333
 2.4 0.625000
 2.5 0.625000
 2.6 0.625000
 2.7 -1.216700
 2.8 -0.667000
 2.9 -0.054667
 3.0 -0.054667
 3.1 -0.054667
 3.2 -0.054667
 3.3 -0.054667
 3.4 -0.054667
 3.5 0.021500
 3.6 -0.750000
 3.7 -0.354250
 3.8 0.000000
 3.9 0.021250
 4.0 -0.283600
 4.1 -0.917000
 4.2 -0.917000
 4.3 -2.016800
 4.4 -2.167000
 4.5 -2.167000
 4.6 -2.167000
 4.7 -2.167000
 4.8 -3.165429
 4.9 -1.979250
 5.0 -1.979250
 5.1 -3.567500
 5.2 -3.567500
 5.3 -3.567500
 5.4 -4.669667
 5.5 -4.669667
 5.6 -5.955667
 5.7 -7.416750

ALA 12
 0.0 4.000000
 0.1 4.000000
 0.2 4.000000
 0.3 4.000000
 0.4 4.000000
 0.5 4.000000
 0.6 4.000000
 0.7 4.000000
 0.8 4.000000
 0.9 4.000000
 1.0 4.000000
 1.1 4.000000
 1.2 4.000000
 1.3 3.333333
 1.4 3.333333
 1.5 3.333333
 1.6 3.333333
 1.7 3.333333
 1.8 3.333333
 1.9 3.333333
 2.0 3.333333
 2.1 3.333333
 2.2 3.333333
 2.3 2.333333
 2.4 0.750000
 2.5 0.750000
 2.6 0.750000
 2.7 -1.233400
 2.8 -0.639167
 2.9 0.001000
 3.0 0.001000
 3.1 0.001000
 3.2 0.001000
 3.3 0.001000
 3.4 0.001000
 3.5 0.000500
 3.6 -0.500000
 3.7 -0.291500
 3.8 0.000000
 3.9 0.000500
 4.0 -0.233600
 4.1 -1.000000
 4.2 -1.000000
 4.3 -2.000000
 4.4 -2.111667
 4.5 -2.111667
 4.6 -2.111667
 4.7 -2.111667
 4.8 -3.086786
 4.9 -2.016500
 5.0 -2.016500
 5.1 -3.400500
 5.2 -3.400500
 5.3 -3.400500
 5.4 -4.530833
 5.5 -4.530833
 5.6 -5.983333
 5.7 -7.291500

ALA 13
 0.0 4.000000
 0.1 4.000000
 0.2 4.000000
 0.3 4.000000
 0.4 4.000000
 0.5 4.000000
 0.6 4.000000
 0.7 4.000000
 0.8 4.000000
 0.9 4.000000
 1.0 4.000000
 1.1 4.000000
 1.2 4.000000
 1.3 3.500000
 1.4 3.500000
 1.5 3.500000
 1.6 3.500000
 1.7 3.500000
 1.8 3.500000
 1.9 3.500000
 2.0 3.500000
 2.1 3.500000
 2.2 3.500000
 2.3 2.333333
 2.4 0.875000
 2.5 0.875000
 2.6 0.875000
 2.7 -1.233300
 2.8 -0.639167
 2.9 0.223000
 3.0 0.223000
 3.1 0.223000
 3.2 0.223000
 3.3 0.223000
 3.4 0.223000
 3.5 -0.020250
 3.6 -0.500000
 3.7 -0.333500
 3.8 0.000000
 3.9 0.000500
 4.0 -0.333400
 4.1 -1.000000
 4.2 -1.000000
 4.3 -1.966600
 4.4 -2.083667
 4.5 -2.083667
 4.6 -2.083667
 4.7 -2.083667
 4.8 -2.986857
 4.9 -1.995750
 5.0 -1.995750
 5.1 -3.359000
 5.2 -3.359000
 5.3 -3.359000
 5.4 -4.475333
 5.5 -4.475333
 5.6 -6.039000
 5.7 -7.500000

ALA 14
 0.0 4.000000
 0.1 4.000000
 0.2 4.000000
 0.3 4.000000
 0.4 4.000000
 0.5 4.000000
 0.6 4.000000
 0.7 4.000000
 0.8 4.000000
 0.9 4.000000
 1.0 4.000000
 1.1 4.000000
 1.2 4.000000
 1.3 3.666667
 1.4 3.666667
 1.5 3.666667
 1.6 3.666667
 1.7 3.666667
 1.8 3.666667
 1.9 3.666667
 2.0 3.666667
 2.1 3.666667
 2.2 3.666667
 2.3 2.333333
 2.4 0.875000
 2.5 0.875000
 2.6 0.875000
 2.7 -1.200000
 2.8 -0.722500
 2.9 -0.055000
 3.0 -0.055000
 3.1 -0.055000
 3.2 -0.055000
 3.3 -0.055000
 3.4 -0.055000
 3.5 0.021500
 3.6 -1.000000
 3.7 -0.208250
 3.8 0.013833
 3.9 0.000500
 4.0 -0.233800
 4.1 -1.000000
 4.2 -1.000000
 4.3 -2.016600
 4.4 -1.805000
 4.5 -1.805000
 4.6 -1.805000
 4.7 -1.805000
 4.8 -3.047500
 4.9 -2.016750
 5.0 -2.016750
 5.1 -3.442000
 5.2 -3.442000
 5.3 -3.442000
 5.4 -4.516833
 5.5 -4.516833
 5.6 -6.000000
 5.7 -7.500000

ALA 15
 0.0 4.000000
 0.1 4.000000
 0.2 4.000000
 0.3 4.000000
 0.4 4.000000
 0.5 4.000000
 0.6 4.000000
 0.7 4.000000
 0.8 4.000000
 0.9 4.000000
 1.0 4.000000
 1.1 4.000000
 1.2 4.000000
 1.3 3.333333
 1.4 3.333333
 1.5 3.333333
 1.6 3.333333
 1.7 3.333333
 1.8 3.333333
 1.9 3.333333
 2.0 3.333333
 2.1 3.333333
 2.2 3.333333
 2.3 2.333333
 2.4 0.625000
 2.5 0.625000
 2.6 0.625000
 2.7 -1.183400
 2.8 -0.639167
 2.9 -0.110667
 3.0 -0.110667
 3.1 -0.110667
 3.2 -0.110667
 3.3 -0.110667
 3.4 -0.110667
 3.5 0.021500
 3.6 -0.750000
 3.7 -0.250000
 3.8 0.013833
 3.9 0.000500
 4.0 -0.267000
 4.1 -1.083500
 4.2 -1.083500
 4.3 -2.016600
 4.4 -1.861000
 4.5 -1.861000
 4.6 -1.861000
 4.7 -1.861000
 4.8 -3.065500
 4.9 -1.995750
 5.0 -1.995750
 5.1 -3.475500
 5.2 -3.475500
 5.3 -3.475500
 5.4 -4.530833
 5.5 -4.530833
 5.6 -6.000000
 5.7 -7.416750

ALA 16
 0.0 4.000000
 0.1 4.000000
 0.2 4.000000
 0.3 4.000000
 0.4 4.000000
 0.5 4.000000
 0.6 4.000000
 0.7 4.000000
 0.8 4.000000
 0.9 4.000000
 1.0 4.000000
 1.1 4.000000
 1.2 4.000000
 1.3 3.166667
 1.4 3.166667
 1.5 3.166667
 1.6 3.166667
 1.7 3.166667
 1.8 3.166667
 1.9 3.166667
 2.0 3.166667
 2.1 3.166667
 2.2 3.166667
 2.3 2.333333
 2.4 0.625000
 2.5 0.625000
 2.6 0.625000
 2.7 -1.066700
 2.8 -0.639167
 2.9 0.056333
 3.0 0.056333
 3.1 0.056333
 3.2 0.056333
 3.3 0.056333
 3.4 0.056333
 3.5 0.000750
 3.6 -0.500000
 3.7 -0.229250
 3.8 0.000000
 3.9 0.000500
 4.0 -0.250400
 4.1 -1.000000
 4.2 -1.000000
 4.3 -1.983200
 4.4 -2.223000
 4.5 -2.223000
 4.6 -2.223000
 4.7 -2.223000
 4.8 -3.158214
 4.9 -1.975000
 5.0 -1.975000
 5.1 -3.525500
 5.2 -3.525500
 5.3 -3.525500
 5.4 -4.611500
 5.5 -4.611500
 5.6 -6.000000
 5.7 -7.291500

ALA 17
 0.0 4.000000
 0.1 4.000000
 0.2 4.000000
 0.3 4.000000
 0.4 4.000000
 0.5 4.000000
 0.6 4.000000
 0.7 4.000000
 0.8 4.000000
 0.9 4.000000
 1.0 4.000000
 1.1 4.000000
 1.2 4.000000
 1.3 3.500000
 1.4 3.500000
 1.5 3.500000
 1.6 3.500000
 1.7 3.500000
 1.8 3.500000
 1.9 3.500000
 2.0 3.500000
 2.1 3.500000
 2.2 3.500000
 2.3 2.333333
 2.4 0.875000
 2.5 0.875000
 2.6 0.875000
 2.7 -1.133300
 2.8 -0.694667
 2.9 0.056333
 3.0 0.056333
 3.1 0.056333
 3.2 0.056333
 3.3 0.056333
 3.4 0.056333
 3.5 -0.020250
 3.6 -0.750000
 3.7 -0.187500
 3.8 -0.013833
 3.9 0.000500
 4.0 -0.233600
 4.1 -1.000000
 4.2 -1.000000
 4.3 -1.983200
 4.4 -2.028000
 4.5 -2.028000
 4.6 -2.028000
 4.7 -2.028000
 4.8 -3.164286
 4.9 -2.016500
 5.0 -2.016500
 5.1 -3.525500
 5.2 -3.525500
 5.3 -3.525500
 5.4 -4.667000
 5.5 -4.667000
 5.6 -6.000000
 5.7 -7.291500

ALA 18
 0.0 4.000000
 0.1 4.000000
 0.2 4.000000
 0.3 4.000000
 0.4 4.000000
 0.5 4.000000
 0.6 4.000000
 0.7 4.000000
 0.8 4.000000
 0.9 4.000000
 1.0 4.000000
 1.1 4.000000
 1.2 4.000000
 1.3 3.333333
 1.4 3.333333
 1.5 3.333333
 1.6 3.333333
 1.7 3.333333
 1.8 3.333333
 1.9 3.333333
 2.0 3.333333
 2.1 3.333333
 2.2 3.333333
 2.3 2.333333
 2.4 0.750000
 2.5 0.750000
 2.6 0.750000
 2.7 -1.216800
 2.8 -0.639167
 2.9 -0.166000
 3.0 -0.166000
 3.1 -0.166000
 3.2 -0.166000
 3.3 -0.166000
 3.4 -0.166000
 3.5 -0.041000
 3.6 -1.000000
 3.7 -0.145750
 3.8 0.000000
 3.9 0.000500
 4.0 -0.266800
 4.1 -0.917000
 4.2 -0.917000
 4.3 -2.016600
 4.4 -1.861333
 4.5 -1.861333
 4.6 -1.861333
 4.7 -1.861333
 4.8 -3.147500
 4.9 -1.979000
 5.0 -1.979000
 5.1 -3.234000
 5.2 -3.234000
 5.3 -3.234000
 5.4 -4.667000
 5.5 -4.667000
 5.6 -6.000000
 5.7 -7.208250

ALA 19
 0.0 4.000000
 0.1 4.000000
 0.2 4.000000
 0.3 4.000000
 0.4 4.000000
 0.5 4.000000
 0.6 4.000000
 0.7 4.000000
 0.8 4.000000
 0.9 4.000000
 1.0 4.000000
 1.1 4.000000
 1.2 4.000000
 1.3 3.166667
 1.4 3.166667
 1.5 3.166667
 1.6 3.166667
 1.7 3.166667
 1.8 3.166667
 1.9 3.166667
 2.0 3.166667
 2.1 3.166667
 2.2 3.166667
 2.3 2.500000
 2.4 0.625000
 2.5 0.625000
 2.6 0.625000
 2.7 -1.150000
 2.8 -0.722500
 2.9 -0.054667
 3.0 -0.054667
 3.1 -0.054667
 3.2 -0.054667
 3.3 -0.054667
 3.4 -0.054667
 3.5 0.000500
 3.6 -0.750000
 3.7 -0.187500
 3.8 0.013833
 3.9 0.000500
 4.0 -0.300400
 4.1 -1.083500
 4.2 -1.083500
 4.3 -1.950000
 4.4 -2.000333
 4.5 -2.000333
 4.6 -2.000333
 4.7 -2.000333
 4.8 -3.195071
 4.9 -2.021000
 5.0 -2.021000
 5.1 -3.275500
 5.2 -3.275500
 5.3 -3.275500
 5.4 -4.669667
 5.5 -4.669667
 5.6 -6.000000
 5.7 -7.291500

ALA 20
 0.0 4.000000
 0.1 4.000000
 0.2 4.000000
 0.3 4.000000
 0.4 4.000000
 0.5 4.000000
 0.6 4.000000
 0.7 4.000000
 0.8 4.000000
 0.9 4.000000
 1.0 4.000000
 1.1 4.000000
 1.2 4.000000
 1.3 3.166667
 1.4 3.166667
 1.5 3.166667
 1.6 3.166667
 1.7 3.166667
 1.8 3.166667
 1.9 3.166667
 2.0 3.166667
 2.1 3.166667
 2.2 3.166667
 2.3 2.500000
 2.4 0.625000
 2.5 0.625000
 2.6 0.625000
 2.7 -1.133300
 2.8 -0.667000
 2.9 0.112000
 3.0 0.112000
 3.1 0.112000
 3.2 0.112000
 3.3 0.112000
 3.4 0.112000
 3.5 0.000250
 3.6 -0.750000
 3.7 0.062500
 3.8 -0.027667
 3.9 -0.020250
 4.0 -0.350000
 4.1 -1.000000
 4.2 -1.000000
 4.3 -1.950000
 4.4 -2.000333
 4.5 -2.000333
 4.6 -2.000333
 4.7 -2.000333
 4.8 -3.167714
 4.9 -2.020750
 5.0 -2.020750
 5.1 -3.442000
 5.2 -3.442000
 5.3 -3.442000
 5.4 -4.669667
 5.5 -4.669667
 5.6 -6.000000
 5.7 -7.500000

ALA 21
 0.0 4.000000
 0.1 4.000000
 0.2 4.000000
 0.3 4.000000
 0.4 4.000000
 0.5 4.000000
 0.6 4.000000
 0.7 4.000000
 0.8 4.000000
 0.9 4.000000
 1.0 4.000000
 1.1 4.000000
 1.2 4.000000
 1.3 3.166667
 1.4 3.166667
 1.5 3.166667
 1.6 3.166667
 1.7 3.166667
 1.8 3.166667
 1.9 3.166667
 2.0 3.166667
 2.1 3.166667
 2.2 3.166667
 2.3 2.333333
 2.4 0.750000
 2.5 0.750000
 2.6 0.750000
 2.7 -1.150100
 2.8 -0.667000
 2.9 0.000667
 3.0 0.000667
 3.1 0.000667
 3.2 0.000667
 3.3 0.000667
 3.4 0.000667
 3.5 -0.062000
 3.6 -1.000000
 3.7 -0.145750
 3.8 -0.013833
 3.9 -0.041000
 4.0 -0.366600
 4.1 -1.000000
 4.2 -1.000000
 4.3 -1.950000
 4.4 -2.000333
 4.5 -2.000333
 4.6 -2.000333
 4.7 -2.000333
 4.8 -3.162857
 4.9 -1.941750
 5.0 -1.941750
 5.1 -3.525500
 5.2 -3.525500
 5.3 -3.525500
 5.4 -4.808667
 5.5 -4.808667
 5.6 -5.961000
 5.7 -7.500000

ALA 22
 0.0 4.000000
 0.1 4.000000
 0.2 4.000000
 0.3 4.000000
 0.4 4.000000
 0.5 4.000000
 0.6 4.000000
 0.7 4.000000
 0.8 4.000000
 0.9 4.000000
 1.0 4.000000
 1.1 4.000000
 1.2 4.000000
 1.3 3.333333
 1.4 3.333333
 1.5 3.333333
 1.6 3.333333
 1.7 3.333333
 1.8 3.333333
 1.9 3.333333
 2.0 3.333333
 2.1 3.333333
 2.2 3.333333
 2.3 2.333333
 2.4 0.875000
 2.5 0.875000
 2.6 0.875000
 2.7 -1.133400
 2.8 -0.667000
 2.9 0.000667
 3.0 0.000667
 3.1 0.000667
 3.2 0.000667
 3.3 0.000667
 3.4 0.000667
 3.5 -0.020500
 3.6 -0.750000
 3.7 0.020750
 3.8 0.013833
 3.9 -0.020250
 4.0 -0.283400
 4.1 -0.917000
 4.2 -0.917000
 4.3 -1.899800
 4.4 -2.000333
 4.5 -2.000333
 4.6 -2.000333
 4.7 -2.000333
 4.8 -3.257143
 4.9 -2.008250
 5.0 -2.008250
 5.1 -3.525500
 5.2 -3.525500
 5.3 -3.525500
 5.4 -4.572333
 5.5 -4.572333
 5.6 -6.016667
 5.7 -7.583250

ALA 23
 0.0 4.000000
 0.1 4.000000
 0.2 4.000000
 0.3 4.000000
 0.4 4.000000
 0.5 4.000000
 0.6 4.000000
 0.7 4.000000
 0.8 4.000000
 0.9 4.000000
 1.0 4.000000
 1.1 4.000000
 1.2 4.000000
 1.3 3.333333
 1.4 3.333333
 1.5 3.333333
 1.6 3.333333
 1.7 3.333333
 1.8 3.333333
 1.9 3.333333
 2.0 3.333333
 2.1 3.333333
 2.2 3.333333
 2.3 2.333333
 2.4 0.750000
 2.5 0.750000
 2.6 0.750000
 2.7 -1.216600
 2.8 -0.681000
 2.9 0.000667
 3.0 0.000667
 3.1 0.000667
 3.2 0.000667
 3.3 0.000667
 3.4 0.000667
 3.5 0.042000
 3.6 -0.750000
 3.7 -0.166750
 3.8 0.000000
 3.9 0.000750
 4.0 -0.350000
 4.1 -1.083500
 4.2 -1.083500
 4.3 -1.933000
 4.4 -2.000333
 4.5 -2.000333
 4.6 -2.000333
 4.7 -2.000333
 4.8 -3.526143
 4.9 -2.791500
 5.0 -2.791500
 5.1 -4.142000
 5.2 -4.142000
 5.3 -4.142000
 5.4 -5.741833
 5.5 -5.741833
 5.6 -7.644333
 5.7 -9.408000

ALA 24
 0.0 4.000000
 0.1 4.000000
 0.2 4.000000
 0.3 4.000000
 0.4 4.000000
 0.5 4.000000
 0.6 4.000000
 0.7 4.000000
 0.8 4.000000
 0.9 4.000000
 1.0 4.000000
 1.1 4.000000
 1.2 4.000000
 1.3 3.500000
 1.4 3.500000
 1.5 3.500000
 1.6 3.500000
 1.7 3.500000
 1.8 3.500000
 1.9 3.500000
 2.0 3.500000
 2.1 3.500000
 2.2 3.500000
 2.3 2.166667
 2.4 0.875000
 2.5 0.875000
 2.6 0.875000
 2.7 -1.100100
 2.8 -0.569667
 2.9 0.139333
 3.0 0.139333
 3.1 0.139333
 3.2 0.139333
 3.3 0.139333
 3.4 0.139333
 3.5 0.062750
 3.6 -0.500000
 3.7 0.208000
 3.8 0.457833
 3.9 0.396250
 4.0 0.216800
 4.1 0.167000
 4.2 0.167000
 4.3 -0.333200
 4.4 0.027667
 4.5 0.027667
 4.6 0.027667
 4.7 0.027667
 4.8 -0.929571
 4.9 -0.916250
 5.0 -0.916250
 5.1 -1.642000
 5.2 -1.642000
 5.3 -1.642000
 5.4 -2.284000
 5.5 -2.284000
 5.6 -2.993667
 5.7 -4.108500

ALA 25
 0.0 4.000000
 0.1 4.000000
 0.2 4.000000
 0.3 4.000000
 0.4 4.000000
 0.5 4.000000
 0.6 4.000000
 0.7 4.000000
 0.8 4.000000
 0.9 4.000000
 1.0 4.000000
 1.1 4.000000
 1.2 4.000000
 1.3 3.666667
 1.4 3.666667
 1.5 3.666667
 1.6 3.666667
 1.7 3.666667
 1.8 3.666667
 1.9 3.666667
 2.0 3.666667
 2.1 3.666667
 2.2 3.666667
 2.3 2.166667
 2.4 1.000000
 2.5 1.000000
 2.6 1.000000
 2.7 -1.200100
 2.8 -1.153167
 2.9 -0.666333
 3.0 -0.666333
 3.1 -0.666333
 3.2 -0.666333
 3.3 -0.666333
 3.4 -0.666333
 3.5 -1.499500
 3.6 -1.750000
 3.7 -1.083000
 3.8 -0.555333
 3.9 -1.124250
 4.0 -1.266400
 4.1 -1.166000
 4.2 -1.166000
 4.3 -1.716400
 4.4 -1.388667
 4.5 -1.388667
 4.6 -1.388667
 4.7 -1.388667
 4.8 -1.819214
 4.9 -0.912500
 5.0 -0.912500
 5.1 -1.433500
 5.2 -1.433500
 5.3 -1.433500
 5.4 -2.188667
 5.5 -2.188667
 5.6 -2.650333
 5.7 -3.433000

ALA 26
 0.0 4.000000
 0.1 4.000000
 0.2 4.000000
 0.3 4.000000
 0.4 4.000000
 0.5 4.000000
 0.6 4.000000
 0.7 4.000000
 0.8 4.000000
 0.9 4.000000
 1.0 4.000000
 1.1 4.000000
 1.2 4.000000
 1.3 3.833333
 1.4 3.833333
 1.5 3.833333
 1.6 3.833333
 1.7 3.833333
 1.8 3.833333
 1.9 3.833333
 2.0 3.833333
 2.1 3.833333
 2.2 3.833333
 2.3 3.166667
 2.4 2.500000
 2.5 2.500000
 2.6 2.500000
 2.7 1.233400
 2.8 0.847000
 2.9 1.027667
 3.0 1.027667
 3.1 1.027667
 3.2 1.027667
 3.3 1.027667
 3.4 1.027667
 3.5 0.625000
 3.6 0.583000
 3.7 0.625000
 3.8 0.653167
 3.9 0.312750
 4.0 0.550400
 4.1 0.500000
 4.2 0.500000
 4.3 0.299800
 4.4 0.305333
 4.5 0.305333
 4.6 0.305333
 4.7 0.305333
 4.8 0.030571
 4.9 0.138000
 5.0 0.138000
 5.1 -0.049500
 5.2 -0.049500
 5.3 -0.049500
 5.4 -0.372167
 5.5 -0.372167
 5.6 -0.566667
 5.7 -1.050500

