ATOMS
N -12.238 -11.650 -11.484
CA -10.789 -11.650 -11.484
C -10.265 -10.221 -11.484
O -9.373 -9.885 -10.709
HA -10.433 -12.160 -10.589
H1 -12.575 -11.179 -10.657
H2 -12.574 -12.602 -11.489
H3 -12.575 -11.169 -12.306

N -10.825 -9.380 -12.357
CA -10.414 -7.994 -12.455
C -10.569 -7.306 -11.106
O -9.662 -6.610 -10.656
H -11.556 -9.720 -12.966
HA -9.368 -7.952 -12.759

N -11.721 -7.504 -10.463
CA -11.990 -6.905 -9.171
C -10.917 -7.313 -8.172
O -10.386 -6.471 -7.451
H -12.426 -8.088 -10.889
HA -11.987 -5.820 -9.274

N -10.599 -8.609 -8.132
CA -9.593 -9.123 -7.224
C -8.269 -8.409 -7.452
O -7.622 -7.979 -6.500
H -11.073 -9.250 -8.752
HA -9.918 -8.952 -6.198

N -7.867 -8.285 -8.720
CA -6.625 -7.626 -9.068
C -6.614 -6.206 -8.521
O -5.632 -5.778 -7.920
H -8.446 -8.662 -9.457
HA -5.793 -8.181 -8.634

N -7.712 -5.477 -8.732
CA -7.826 -4.111 -8.261
C -7.612 -4.057 -6.755
O -6.862 -3.217 -6.263
H -8.485 -5.889 -9.234
HA -7.068 -3.500 -8.751

N -8.274 -4.958 -6.024
CA -8.154 -5.010 -4.581
C -6.696 -5.189 -4.184
O -6.201 -4.489 -3.303
H -8.875 -5.622 -6.491
HA -8.527 -4.077 -4.158

N -6.010 -6.130 -4.836
CA -4.615 -6.398 -4.550
C -3.792 -5.129 -4.726
O -2.976 -4.793 -3.871
H -6.477 -6.671 -5.550
HA -4.522 -6.743 -3.520

N -4.009 -4.426 -5.840
CA -3.290 -3.201 -6.125
C -3.491 -2.202 -4.995
O -2.531 -1.600 -4.519
H -4.694 -4.758 -6.503
HA -2.227 -3.425 -6.218

N -4.743 -2.028 -4.566
CA -5.064 -1.106 -3.496
C -4.275 -1.461 -2.244
O -3.686 -0.587 -1.611
H -5.488 -2.554 -5.000
HA -4.803 -0.094 -3.807

N -4.265 -2.747 -1.888
CA -3.550 -3.213 -0.717
C -2.080 -2.829 -0.814
O -1.506 -2.315 0.144
H -4.771 -3.415 -2.451
HA -3.981 -2.751 0.171

N -1.473 -3.080 -1.976
CA -0.076 -2.761 -2.195
C 0.167 -1.280 -1.946
O 1.117 -0.913 -1.258
H -2.002 -3.504 -2.724
HA 0.535 -3.343 -1.505

N -0.695 -0.429 -2.508
CA -0.571 1.005 -2.346
C -0.582 1.368 -0.868
O 0.252 2.146 -0.412
H -1.456 -0.796 -3.062
HA 0.370 1.333 -2.787

N -1.532 0.800 -0.121
CA -1.649 1.064 1.299
C -0.346 0.717 2.005
O 0.153 1.499 2.811
H -2.188 0.168 -0.558
HA -1.864 2.122 1.448

N 0.204 -0.461 1.698
CA 1.444 -0.907 2.302
C 2.546 0.111 2.046
O 3.277 0.481 2.963
H -0.257 -1.058 1.026
HA 1.299 -1.013 3.377

N 2.664 0.563 0.795
CA 3.674 1.534 0.424
C 3.531 2.788 1.274
O 4.517 3.297 1.802
H 2.031 0.218 0.087
HA 4.661 1.102 0.588

N 2.299 3.285 1.404
CA 2.032 4.475 2.188
C 2.522 4.282 3.616
O 3.187 5.155 4.168
H 1.531 2.819 0.943
HA 2.556 5.321 1.742

N 2.190 3.134 4.211
CA 2.596 2.831 5.569
C 4.111 2.903 5.690
O 4.632 3.510 6.623
H 1.640 2.458 3.701
HA 2.149 3.559 6.246

N 4.817 2.281 4.744
CA 6.266 2.276 4.747
C 6.794 3.704 4.744
O 7.685 4.039 5.521
H 4.327 1.799 4.004
HA 6.619 1.768 5.644

N 6.239 4.544 3.867
CA 6.654 5.929 3.766
C 6.498 6.621 5.112
O 7.406 7.316 5.563
H 5.509 4.205 3.257
HA 7.701 5.967 3.465

N 5.343 6.429 5.754
CA 5.073 7.033 7.043
C 6.143 6.625 8.046
O 6.674 7.467 8.766
H 4.637 5.846 5.329
HA 5.079 8.118 6.937

N 6.456 5.328 8.091
CA 7.458 4.814 9.003
C 8.785 5.523 8.776
O 9.431 5.954 9.728
H 5.981 4.687 7.472
HA 7.131 4.990 10.028

N 9.191 5.641 7.509
CA 10.436 6.295 7.162
C 10.449 7.717 7.704
O 11.432 8.144 8.307
H 8.613 5.263 6.772
HA 11.265 5.739 7.600

N 9.354 8.449 7.488
CA 9.243 9.817 7.955
C 9.454 9.875 9.461
O 10.205 10.714 9.952
H 8.581 8.038 6.985
HA 10.004 10.424 7.465

N 8.787 8.979 10.193
CA 8.903 8.930 11.636
C 10.359 8.748 12.038
O 10.854 9.449 12.918
H 8.184 8.316 9.727
HA 8.532 9.865 12.055

N 11.045 7.803 11.391
CA 12.438 7.532 11.681
C 13.265 8.797 11.503
O 14.061 9.075 12.397
H 10.579 7.261 10.678
HA 12.527 7.190 12.712

EDGES
1 9 2.812756
1 10 4.199542
1 11 4.668916
1 13 2.527122
1 15 4.301052
1 19 3.616243
1 25 3.818514
2 9 2.432350
2 10 3.801290
2 11 4.365962
2 13 2.551375
2 14 4.161739
2 15 4.370398
2 19 3.965052
2 21 4.529866
2 25 3.647531
2 31 4.304245
3 9 1.335294
3 10 2.434044
3 11 2.955085
3 12 3.753467
3 13 2.028301
3 14 2.752925
3 15 3.247224
3 16 4.395617
3 17 4.455436
3 19 3.094129
3 21 3.734435
3 22 4.450257
3 25 3.009905
3 27 4.139830
3 31 3.138148
4 9 2.253715
4 10 2.776343
4 11 2.870412
4 12 3.288154
4 13 3.144322
4 14 2.817626
4 15 3.353026
4 16 4.253767
4 17 3.928802
4 19 3.547170
4 21 3.126049
4 22 3.574111
4 23 3.742384
4 25 2.668909
4 26 4.638603
4 27 2.963808
4 28 3.917584
4 31 1.980546
4 32 4.475002
4 37 4.351113
5 9 3.317814
5 10 4.564852
5 13 3.586761
5 19 4.543482
5 21 4.321343
5 22 4.610010
5 25 3.500324
5 31 4.179186
6 9 3.031320
6 10 4.248170
6 11 4.384720
6 13 2.915223
6 15 3.777906
6 16 4.562620
6 19 3.103273
6 21 4.109148
6 25 3.099366
7 9 3.767454
7 13 3.394669
7 19 4.556106
7 25 4.580401
8 9 2.503122
8 10 3.843533
8 11 4.515175
8 13 1.890387
8 14 4.564991
8 15 4.190249
8 19 3.394503
8 25 4.309232
9 15 2.812371
9 16 4.199220
9 17 4.668531
9 19 2.527348
9 21 4.300714
9 25 3.615858
9 31 3.819053
10 15 2.432368
10 16 3.801888
10 17 4.365874
10 19 2.551340
10 20 4.161654
10 21 4.370444
10 25 3.965353
10 27 4.530134
10 31 3.647911
10 37 4.304289
11 15 1.334075
11 16 2.433982
11 17 2.954574
11 18 3.753630
11 19 2.026589
11 20 2.752298
11 21 3.247058
11 22 4.395906
11 23 4.456268
11 25 3.094264
11 27 3.735270
11 28 4.450953
11 31 3.010825
11 33 4.140479
11 37 3.139320
12 15 2.252990
12 16 2.777019
12 17 2.870451
12 18 3.288696
12 19 3.143003
12 20 2.817738
12 21 3.353289
12 22 4.254240
12 23 3.929690
12 25 3.547638
12 27 3.126619
12 28 3.574545
12 29 3.743227
12 31 2.669637
12 32 4.639578
12 33 2.964450
12 34 3.918153
12 37 1.981730
12 38 4.475484
12 43 4.352326
13 15 3.347072
13 19 2.781052
13 25 4.267550
14 15 3.317971
14 16 4.565615
14 19 3.587027
14 25 4.543994
14 27 4.321737
14 28 4.610185
14 31 3.501055
14 37 4.178670
15 21 2.813089
15 22 4.200079
15 23 4.669202
15 25 2.529020
15 27 4.301317
15 31 3.616438
15 37 3.819733
16 21 2.432698
16 22 3.802097
16 23 4.366099
16 25 2.552543
16 26 4.161985
16 27 4.371147
16 31 3.965953
16 33 4.531356
16 37 3.649829
16 43 4.304848
17 21 1.335043
17 22 2.434703
17 23 2.954915
17 24 3.754486
17 25 2.027981
17 26 2.753361
17 27 3.247705
17 28 4.395685
17 29 4.456799
17 31 3.094651
17 33 3.735843
17 34 4.451405
17 37 3.011685
17 39 4.140698
17 43 3.139268
18 21 2.253924
18 22 2.777316
18 23 2.870110
18 24 3.289097
18 25 3.144425
18 26 2.818580
18 27 3.353553
18 28 4.253685
18 29 3.929772
18 31 3.547974
18 33 3.127183
18 34 3.574815
18 35 3.742578
18 37 2.670508
18 38 4.639608
18 39 2.964126
18 40 3.918322
18 43 1.981293
18 44 4.475597
18 49 4.351331
19 21 3.348196
19 25 2.783455
19 31 4.268548
20 21 3.318016
20 22 4.565473
20 25 3.587866
20 31 4.544132
20 33 4.322851
20 34 4.610940
20 37 3.502908
20 43 4.179574
21 27 2.813280
21 28 4.199412
21 29 4.669685
21 31 2.528605
21 33 4.301650
21 37 3.616877
21 43 3.819323
22 27 2.432969
22 28 3.801364
22 29 4.366410
22 31 2.552336
22 32 4.161185
22 33 4.370989
22 37 3.965668
22 39 4.530672
22 43 3.648262
22 49 4.303956
23 27 1.335966
23 28 2.434601
23 29 2.955502
23 30 3.754325
23 31 2.028636
23 32 2.753123
23 33 3.247349
23 34 4.395854
23 35 4.456160
23 37 3.093959
23 39 3.734784
23 40 4.450738
23 43 3.009672
23 45 4.140094
23 49 3.138393
24 27 2.254343
24 28 2.777272
24 29 2.871243
24 30 3.289514
24 31 3.144728
24 32 2.817801
24 33 3.354091
24 34 4.254898
24 35 3.930294
24 37 3.547904
24 39 3.126999
24 40 3.574989
24 41 3.742383
24 43 2.669371
24 44 4.639999
24 45 2.964159
24 46 3.917156
24 49 1.981007
24 50 4.474159
24 55 4.352934
25 27 3.348236
25 31 2.782786
25 37 4.269238
26 27 3.318429
26 28 4.564978
26 31 3.587752
26 37 4.544530
26 39 4.322621
26 40 4.611480
26 43 3.501799
26 49 4.178917
27 33 2.812300
27 34 4.199362
27 35 4.669286
27 37 2.527239
27 39 4.301511
27 43 3.616085
27 49 3.819162
28 33 2.431597
28 34 3.801168
28 35 4.365993
28 37 2.550358
28 38 4.161804
28 39 4.370739
28 43 3.964776
28 45 4.530570
28 49 3.648322
28 55 4.305045
29 33 1.334753
29 34 2.434249
29 35 2.955158
29 36 3.754223
29 37 2.027190
29 38 2.753444
29 39 3.247786
29 40 4.396091
29 41 4.455399
29 43 3.094201
29 45 3.734945
29 46 4.449911
29 49 3.010288
29 51 4.140312
29 55 3.139336
30 33 2.253075
30 34 2.776474
30 35 2.870447
30 36 3.288962
30 37 3.143012
30 38 2.818145
30 39 3.353711
30 40 4.254319
30 41 3.928958
30 43 3.547313
30 45 3.126954
30 46 3.574296
30 47 3.742785
30 49 2.669901
30 50 4.639324
30 51 2.964529
30 52 3.917642
30 55 1.981952
30 56 4.475203
30 61 4.352162
31 33 3.347926
31 37 2.782226
31 43 4.268817
32 33 3.317195
32 34 4.564769
32 37 3.586102
32 43 4.543089
32 45 4.321862
32 46 4.609320
32 49 3.501287
32 55 4.179221
33 39 2.813977
33 40 4.200506
33 41 4.668994
33 43 2.528967
33 45 4.301398
33 49 3.616073
33 55 3.820174
34 39 2.433574
34 40 3.802392
34 41 4.365881
34 43 2.552728
34 44 4.162591
34 45 4.370909
34 49 3.965214
34 51 4.530999
34 55 3.649465
34 61 4.304023
35 39 1.335817
35 40 2.434800
35 41 2.954746
35 42 3.754178
35 43 2.028322
35 44 2.753549
35 45 3.247506
35 46 4.395943
35 47 4.456279
35 49 3.094066
35 51 3.735638
35 52 4.450766
35 55 3.011582
35 57 4.140015
35 61 3.138536
36 39 2.254317
36 40 2.777272
36 41 2.870293
36 42 3.288846
36 43 3.144547
36 44 2.818306
36 45 3.353774
36 46 4.254661
36 47 3.929760
36 49 3.547775
36 51 3.127334
36 52 3.574701
36 53 3.741883
36 55 2.670675
36 56 4.639883
36 57 2.963729
36 58 3.917322
36 61 1.980559
36 62 4.474879
36 67 4.352336
37 39 3.348937
37 43 2.783422
37 49 4.267955
38 39 3.319146
38 40 4.566004
38 43 3.588277
38 49 4.544329
38 51 4.323063
38 52 4.610701
38 55 3.503133
38 61 4.178674
39 45 2.812583
39 46 4.199352
39 47 4.669301
39 49 2.527500
39 51 4.301988
39 55 3.617436
39 61 3.819632
40 45 2.432316
40 46 3.801582
40 47 4.366031
40 49 2.551512
40 50 4.161783
40 51 4.371174
40 55 3.966004
40 57 4.530725
40 61 3.648980
40 67 4.304139
41 45 1.334609
41 46 2.434378
41 47 2.954755
41 48 3.754089
41 49 2.027373
41 50 2.753559
41 51 3.247226
41 52 4.395505
41 53 4.455549
41 55 3.093788
41 57 3.735245
41 58 4.450579
41 61 3.011369
41 63 4.140621
41 67 3.139425
42 45 2.253764
42 46 2.777532
42 47 2.870159
42 48 3.288718
42 49 3.144250
42 50 2.818980
42 51 3.353387
42 52 4.254004
42 53 3.929037
42 55 3.547310
42 57 3.126892
42 58 3.574172
42 59 3.741623
42 61 2.670656
42 62 4.639444
42 63 2.963931
42 64 3.917062
42 67 1.980980
42 68 4.474117
42 73 4.351674
43 45 3.347434
43 49 2.781418
43 55 4.269356
44 45 3.318099
44 46 4.565572
44 49 3.587339
44 55 4.544741
44 57 4.322444
44 58 4.610581
44 61 3.502001
44 67 4.178472
45 51 2.813473
45 52 4.199876
45 53 4.669028
45 55 2.528464
45 57 4.301697
45 61 3.617617
45 67 3.820284
46 51 2.433130
46 52 3.802244
46 53 4.366671
46 55 2.551480
46 56 4.162151
46 57 4.371903
46 61 3.967489
46 63 4.531947
46 67 3.650812
46 73 4.305494
47 51 1.335026
47 52 2.434418
47 53 2.954707
47 54 3.753240
47 55 2.027060
47 56 2.752981
47 57 3.247492
47 58 4.394930
47 59 4.455091
47 61 3.095499
47 63 3.735224
47 64 4.449910
47 67 3.011953
47 69 4.139887
47 73 3.138906
48 51 2.253606
48 52 2.777333
48 53 2.870868
48 54 3.288340
48 55 3.143274
48 56 2.817949
48 57 3.354182
48 58 4.253744
48 59 3.928963
48 61 3.549353
48 63 3.127287
48 64 3.574016
48 65 3.742374
48 67 2.671574
48 68 4.638702
48 69 2.963849
48 70 3.917652
48 73 1.981365
48 74 4.475218
48 79 4.352113
49 51 3.348903
49 55 2.783319
49 61 4.269697
50 51 3.318743
50 52 4.566138
50 55 3.587213
50 61 4.546568
50 63 4.324059
50 64 4.611127
50 67 3.504332
50 73 4.180327
51 57 2.812870
51 58 4.198781
51 59 4.668318
51 61 2.529313
51 63 4.301498
51 67 3.617746
51 73 3.819370
52 57 2.432616
52 58 3.801019
52 59 4.365774
52 61 2.552536
52 62 4.161219
52 63 4.371374
52 67 3.967043
52 69 4.531041
52 73 3.649322
52 79 4.304596
53 57 1.334849
53 58 2.433628
53 59 2.954951
53 60 3.754691
53 61 2.027791
53 62 2.752517
53 63 3.248007
53 64 4.396235
53 65 4.456996
53 67 3.095433
53 69 3.735983
53 70 4.451371
53 73 3.011605
53 75 4.140811
53 79 3.139196
54 57 2.253517
54 58 2.776086
54 59 2.869927
54 60 3.288869
54 61 3.144094
54 62 2.817262
54 63 3.353286
54 64 4.253861
54 65 3.929487
54 67 3.548020
54 69 3.126758
54 70 3.574342
54 71 3.741916
54 73 2.669660
54 74 4.639246
54 75 2.964162
54 76 3.917851
54 79 1.981134
54 80 4.474161
54 85 4.351206
55 57 3.347726
55 61 2.783354
55 67 4.269459
56 57 3.318278
56 58 4.564604
56 61 3.588354
56 67 4.545583
56 69 4.322280
56 70 4.610014
56 73 3.502128
56 79 4.179284
57 63 2.813739
57 64 4.200271
57 65 4.670190
57 67 2.529383
57 69 4.302058
57 73 3.617267
57 79 3.818928
58 63 2.432477
58 64 3.801906
58 65 4.366476
58 67 2.551344
58 68 4.162428
58 69 4.370624
58 73 3.965127
58 75 4.530191
58 79 3.647207
58 85 4.304218
59 63 1.334403
59 64 2.434514
59 65 2.955393
59 66 3.754893
59 67 2.026569
59 68 2.753681
59 69 3.247182
59 70 4.395907
59 71 4.455663
59 73 3.093667
59 75 3.735120
59 76 4.450975
59 79 3.009669
59 81 4.140447
59 85 3.138759
60 63 2.253346
60 64 2.777338
60 65 2.870716
60 66 3.289135
60 67 3.143312
60 68 2.818767
60 69 3.353452
60 70 4.254343
60 71 3.929133
60 73 3.547325
60 75 3.126604
60 76 3.574621
60 77 3.742845
60 79 2.668704
60 80 4.639021
60 81 2.963711
60 82 3.917049
60 85 1.980616
60 86 4.473907
60 91 4.351282
61 63 3.349257
61 67 2.784387
61 73 4.270231
62 63 3.318194
62 64 4.565772
62 67 3.587311
62 73 4.543852
62 75 4.321492
62 76 4.610005
62 79 3.500034
62 85 4.178860
63 69 2.813165
63 70 4.200258
63 71 4.668841
63 73 2.528461
63 75 4.301444
63 79 3.615959
63 85 3.818384
64 69 2.432427
64 70 3.802297
64 71 4.366122
64 73 2.551281
64 74 4.162339
64 75 4.371426
64 79 3.965571
64 81 4.531193
64 85 3.648491
64 91 4.304175
65 69 1.334801
65 70 2.434708
65 71 2.954629
65 72 3.753532
65 73 2.027266
65 74 2.753162
65 75 3.247747
65 76 4.395869
65 77 4.456650
65 79 3.094506
65 81 3.734996
65 82 4.450391
65 85 3.009852
65 87 4.139351
65 91 3.137733
66 69 2.254044
66 70 2.777542
66 71 2.870236
66 72 3.288060
66 73 3.144068
66 74 2.818096
66 75 3.353777
66 76 4.254025
66 77 3.929683
66 79 3.547999
66 81 3.126360
66 82 3.573810
66 83 3.741917
66 85 2.668936
66 86 4.638486
66 87 2.962487
66 88 3.916877
66 91 1.979387
66 92 4.473871
66 97 4.350828
67 69 3.348829
67 73 2.783848
67 79 4.268689
68 69 3.317818
68 70 4.565860
68 73 3.586708
68 79 4.544220
68 81 4.323478
68 82 4.611381
68 85 3.502406
68 91 4.179169
69 75 2.813558
69 76 4.199730
69 77 4.669716
69 79 2.529099
69 81 4.301035
69 85 3.615446
69 91 3.818265
70 75 2.432972
70 76 3.801392
70 77 4.366418
70 79 2.552903
70 80 4.160555
70 81 4.370599
70 85 3.964764
70 87 4.530325
70 91 3.647987
70 97 4.303651
71 75 1.335324
71 76 2.434311
71 77 2.955501
71 78 3.754711
71 79 2.028261
71 80 2.752500
71 81 3.247095
71 82 4.395704
71 83 4.456633
71 85 3.093424
71 87 3.735086
71 88 4.451445
71 91 3.010290
71 93 4.140621
71 97 3.138724
72 75 2.253908
72 76 2.777015
72 77 2.870829
72 78 3.289593
72 79 3.144588
72 80 2.817866
72 81 3.353258
72 82 4.254120
72 83 3.929941
72 85 3.547053
72 87 3.126629
72 88 3.574992
72 89 3.742597
72 91 2.669374
72 92 4.639650
72 93 2.964219
72 94 3.918569
72 97 1.980803
72 98 4.475252
72 103 4.352427
73 75 3.348213
73 79 2.783096
73 85 4.267287
74 75 3.318178
74 76 4.564605
74 79 3.588250
74 85 4.542979
74 87 4.321423
74 88 4.610166
74 91 3.500636
74 97 4.177703
75 81 2.812255
75 82 4.199097
75 83 4.669292
75 85 2.527441
75 87 4.301123
75 91 3.616164
75 97 3.818862
76 81 2.432318
76 82 3.801525
76 83 4.366322
76 85 2.551902
76 86 4.161006
76 87 4.370780
76 91 3.965470
76 93 4.530615
76 97 3.648186
76 103 4.304245
77 81 1.335340
77 82 2.434501
77 83 2.955271
77 84 3.753988
77 85 2.028629
77 86 2.752435
77 87 3.247675
77 88 4.396499
77 89 4.455988
77 91 3.094889
77 93 3.734985
77 94 4.450883
77 97 3.010364
77 99 4.139690
77 103 3.138454
78 81 2.253675
78 82 2.777057
78 83 2.870807
78 84 3.288790
78 85 3.144424
78 86 2.817380
78 87 3.354229
78 88 4.255287
78 89 3.930067
78 91 3.548597
78 93 3.127376
78 94 3.575405
78 95 3.742539
78 97 2.670398
78 98 4.639959
78 99 2.964015
78 100 3.918245
78 103 1.981110
78 104 4.475350
78 109 4.352087
79 81 3.347010
79 85 2.781211
79 91 4.268254
80 81 3.318019
80 82 4.565536
80 85 3.587343
80 91 4.544115
80 93 4.322738
80 94 4.611652
80 97 3.501717
80 103 4.179595
81 87 2.812931
81 88 4.200161
81 89 4.669121
81 91 2.528517
81 93 4.301353
81 97 3.616208
81 103 3.819742
82 87 2.432783
82 88 3.802302
82 89 4.366262
82 91 2.552465
82 92 4.162057
82 93 4.371154
82 97 3.965736
82 99 4.531067
82 103 3.649543
82 109 4.304691
83 87 1.335827
83 88 2.435094
83 89 2.955094
83 90 3.754942
83 91 2.029036
83 92 2.753418
83 93 3.247756
83 94 4.396300
83 95 4.455842
83 97 3.094811
83 99 3.735218
83 100 4.450948
83 103 3.011541
83 105 4.140003
83 109 3.138741
84 87 2.254544
84 88 2.777517
84 89 2.870230
84 90 3.289195
84 91 3.145246
84 92 2.818478
84 93 3.353427
84 94 4.253990
84 95 3.928711
84 97 3.547960
84 99 3.126461
84 100 3.574262
84 101 3.742362
84 103 2.670339
84 104 4.639489
84 105 2.963544
84 106 3.917785
84 109 1.980644
84 110 4.475136
84 115 4.351497
85 87 3.347662
85 91 2.782246
85 97 4.268312
86 87 3.318285
86 88 4.565854
86 91 3.587887
86 97 4.544069
86 99 4.322624
86 100 4.611185
86 103 3.502408
86 109 4.179345
87 93 2.813465
87 94 4.200476
87 95 4.669551
87 97 2.528694
87 99 4.302090
87 103 3.617921
87 109 3.820297
88 93 2.433177
88 94 3.802403
88 95 4.366392
88 97 2.552728
88 98 4.162087
88 99 4.371532
88 103 3.967055
88 105 4.531057
88 109 3.649499
88 115 4.304757
89 93 1.335376
89 94 2.434789
89 95 2.955087
89 96 3.754327
89 97 2.028387
89 98 2.753374
89 99 3.247684
89 100 4.396459
89 101 4.456761
89 103 3.095173
89 105 3.735303
89 106 4.451115
89 109 3.011357
89 111 4.140718
89 115 3.139278
90 93 2.254488
90 94 2.777218
90 95 2.870450
90 96 3.288674
90 97 3.145324
90 98 2.818106
90 99 3.354010
90 100 4.254725
90 101 3.929890
90 103 3.548966
90 105 3.126897
90 106 3.574562
90 107 3.741413
90 109 2.670757
90 110 4.639457
90 111 2.963707
90 112 3.916478
90 115 1.980733
90 116 4.473600
90 121 4.351602
91 93 3.348618
91 97 2.782955
91 103 4.270241
92 93 3.318693
92 94 4.565966
92 97 3.588215
92 103 4.545592
92 105 4.322852
92 106 4.611226
92 109 3.502727
92 115 4.179624
93 99 2.813075
93 100 4.200431
93 101 4.670028
93 103 2.528859
93 105 4.301601
93 109 3.617242
93 115 3.819810
94 99 2.432494
94 100 3.802281
94 101 4.366632
94 103 2.552065
94 104 4.162742
94 105 4.370769
94 109 3.966064
94 111 4.530658
94 115 3.648703
94 121 4.304341
95 99 1.334816
95 100 2.434824
95 101 2.955517
95 102 3.754499
95 103 2.027442
95 104 2.754222
95 105 3.247147
95 106 4.395805
95 107 4.455410
95 109 3.094367
95 111 3.735203
95 112 4.450180
95 115 3.010754
95 117 4.140103
95 121 3.138895
96 99 2.253458
96 100 2.777032
96 101 2.870687
96 102 3.289228
96 103 3.143654
96 104 2.818811
96 105 3.353324
96 106 4.254138
96 107 3.928946
96 109 3.547852
96 111 3.126919
96 112 3.574139
96 113 3.742425
96 115 2.670001
96 116 4.638665
96 117 2.963869
96 118 3.918098
96 121 1.981301
96 122 4.475749
96 127 4.353336
97 99 3.348552
97 103 2.783512
97 109 4.269833
98 99 3.318191
98 100 4.566045
98 103 3.587620
98 109 4.544881
98 111 4.322813
98 112 4.609944
98 115 3.502345
98 121 4.179865
99 105 2.813171
99 106 4.200185
99 107 4.668947
99 109 2.528719
99 111 4.301621
99 115 3.616764
99 121 3.818915
100 105 2.432236
100 106 3.801578
100 107 4.365482
100 109 2.551690
100 110 4.161744
100 111 4.370698
100 115 3.965584
100 117 4.530193
100 121 3.647628
100 127 4.304828
101 105 1.334973
101 106 2.434150
101 107 2.954325
101 108 3.753683
101 109 2.027838
101 110 2.752954
101 111 3.247062
101 112 4.395536
101 113 4.456058
101 115 3.094165
101 117 3.734667
101 118 4.450678
101 121 3.009482
101 123 4.139891
101 127 3.139059
102 105 2.253952
102 106 2.777239
102 107 2.870847
102 108 3.289540
102 109 3.144059
102 110 2.818287
102 111 3.353886
102 112 4.254894
102 113 3.930347
102 115 3.548131
102 117 3.127079
102 118 3.575020
102 119 3.742060
102 121 2.669102
102 122 4.640016
102 123 2.964255
102 124 3.917844
102 127 1.981894
102 128 4.475086
102 133 4.352227
103 105 3.348631
103 109 2.783661
103 115 4.269395
104 105 3.318567
104 106 4.565920
104 109 3.587967
104 115 4.545060
104 117 4.322481
104 118 4.610840
104 121 3.501555
104 127 4.180042
105 111 2.812975
105 112 4.199671
105 113 4.669669
105 115 2.528209
105 117 4.301260
105 121 3.615649
105 127 3.820036
106 111 2.432276
106 112 3.801659
106 113 4.366458
106 115 2.551590
106 116 4.161745
106 117 4.370655
106 121 3.964693
106 123 4.530545
106 127 3.648768
106 133 4.303995
107 111 1.334255
107 112 2.434420
107 113 2.955504
107 114 3.754002
107 115 2.026837
107 116 2.753254
107 117 3.247244
107 118 4.396055
107 119 4.455937
107 121 3.093396
107 123 3.735585
107 124 4.451174
107 127 3.011353
107 129 4.140586
107 133 3.139280
108 111 2.252844
108 112 2.777065
108 113 2.870979
108 114 3.288625
108 115 3.143200
108 116 2.818009
108 117 3.353676
108 118 4.254703
108 119 3.929809
108 121 3.547127
108 123 3.127498
108 124 3.575250
108 125 3.743164
108 127 2.670460
108 128 4.640266
108 129 2.964308
108 130 3.918047
108 133 1.981396
108 134 4.475425
108 139 4.352421
109 111 3.348508
109 115 2.783174
109 121 4.268291
110 111 3.317757
110 112 4.565389
110 115 3.587178
110 121 4.543241
110 123 4.322106
110 124 4.610169
110 127 3.501628
110 133 4.178479
111 117 2.812896
111 118 4.199876
111 119 4.668703
111 121 2.528203
111 123 4.301474
111 127 3.617160
111 133 3.819125
112 117 2.432890
112 118 3.802277
112 119 4.366472
112 121 2.552291
112 122 4.162479
112 123 4.371886
112 127 3.967022
112 129 4.531351
112 133 3.649626
112 139 4.304788
113 117 1.335198
113 118 2.434483
113 119 2.954984
113 120 3.753911
113 121 2.028151
113 122 2.753118
113 123 3.248250
113 124 4.396531
113 125 4.456371
113 127 3.095648
113 129 3.735509
113 130 4.451076
113 133 3.011518
113 135 4.140387
113 139 3.138794
114 117 2.254253
114 118 2.777604
114 119 2.871058
114 120 3.289124
114 121 3.144555
114 122 2.818612
114 123 3.354304
114 124 4.254770
114 125 3.929476
114 127 3.548580
114 129 3.126797
114 130 3.574420
114 131 3.742630
114 133 2.670191
114 134 4.639436
114 135 2.964217
114 136 3.917961
114 139 1.981000
114 140 4.475337
114 145 4.351794
115 117 3.348065
115 121 2.782799
115 127 4.269653
116 117 3.317877
116 118 4.565307
116 121 3.587316
116 127 4.545067
116 129 4.322959
116 130 4.611390
116 133 3.502740
116 139 4.178929
117 123 2.813683
117 124 4.200197
117 125 4.669456
117 127 2.529635
117 129 4.301618
117 133 3.617048
117 139 3.819930
118 123 2.433283
118 124 3.802250
118 125 4.366227
118 127 2.553066
118 128 4.162642
118 129 4.371044
118 133 3.966097
118 135 4.530934
118 139 3.649284
118 145 4.303855
119 123 1.335310
119 124 2.434980
119 125 2.955401
119 126 3.754785
119 127 2.027569
119 128 2.754123
119 129 3.247777
119 130 4.396218
119 131 4.456553
119 133 3.094712
119 135 3.736075
119 136 4.451586
119 139 3.012140
119 141 4.140495
119 145 3.139253
120 123 2.253712
120 124 2.777297
120 125 2.870181
120 126 3.289048
120 127 3.143727
120 128 2.818867
120 129 3.353420
120 130 4.253976
120 131 3.929359
120 133 3.547752
120 135 3.127102
120 136 3.574932
120 137 3.742263
120 139 2.670831
120 140 4.639847
120 141 2.963784
120 142 3.918065
120 145 1.980907
120 146 4.475139
120 151 4.352491
121 123 3.347946
121 127 2.783244
121 133 4.268645
122 123 3.318603
122 124 4.565613
122 127 3.588486
122 133 4.544541
122 135 4.322073
122 136 4.610382
122 139 3.501944
122 145 4.177779
123 129 2.812924
123 130 4.199697
123 131 4.669120
123 133 2.528464
123 135 4.302101
123 139 3.617842
123 145 3.819540
124 129 2.432698
124 130 3.801814
124 131 4.366043
124 133 2.551905
124 134 4.161663
124 135 4.371812
124 139 3.967107
124 141 4.531009
124 145 3.649583
124 151 4.304447
125 129 1.334992
125 130 2.434090
125 131 2.954229
125 132 3.753706
125 133 2.027699
125 134 2.752761
125 135 3.247604
125 136 4.395476
125 137 4.455453
125 139 3.094999
125 141 3.734817
125 142 4.450522
125 145 3.011002
125 147 4.140249
125 151 3.138618
126 129 2.253546
126 130 2.776551
126 131 2.869766
126 132 3.288717
126 133 3.143737
126 134 2.817272
126 135 3.354044
126 136 4.254297
126 137 3.929500
126 139 3.548714
126 141 3.127300
126 142 3.574910
126 143 3.742979
126 145 2.671077
126 146 4.639542
126 147 2.964328
126 148 3.917360
126 151 1.981015
126 152 4.474381
126 157 4.352839
127 129 3.347496
127 133 2.782457
127 139 4.269744
128 129 3.318425
128 130 4.565568
128 133 3.587700
128 139 4.546142
128 141 4.323053
128 142 4.611054
128 145 3.503242
128 151 4.179034
129 135 2.813702
129 136 4.199825
129 137 4.669169
129 139 2.529157
129 141 4.301471
129 145 3.617038
129 151 3.819768
130 135 2.432952
130 136 3.801464
130 137 4.365878
130 139 2.552055
130 140 4.161404
130 141 4.370728
130 145 3.965807
130 147 4.530956
130 151 3.649008
130 157 4.305122
131 135 1.335683
131 136 2.434498
131 137 2.954948
131 138 3.754492
131 139 2.028103
131 140 2.753186
131 141 3.247180
131 142 4.395707
131 143 4.456085
131 145 3.094272
131 147 3.735215
131 148 4.449851
131 151 3.011055
131 153 4.140559
131 157 3.139536
132 135 2.253781
132 136 2.776808
132 137 2.870726
132 138 3.289277
132 139 3.143969
132 140 2.817475
132 141 3.353886
132 142 4.254602
132 143 3.930147
132 145 3.548183
132 147 3.127553
132 148 3.574328
132 149 3.742154
132 151 2.670965
132 152 4.638863
132 153 2.964686
132 154 3.917441
132 157 1.982083
132 158 4.474055
133 135 3.348968
133 139 2.783738
133 145 4.269235
134 135 3.318548
134 136 4.565086
134 139 3.587811
134 145 4.544519
134 147 4.322231
134 148 4.609691
134 151 3.501669
134 157 4.179551
135 141 2.812805
135 142 4.200071
135 143 4.669714
135 145 2.528297
135 147 4.302245
135 151 3.617900
135 157 3.820145
136 141 2.432430
136 142 3.802181
136 143 4.366477
136 145 2.551549
136 146 4.162580
136 147 4.371501
136 151 3.966758
136 153 4.530937
136 157 3.649090
137 141 1.334730
137 142 2.434633
137 143 2.955341
137 144 3.754337
137 145 2.027172
137 146 2.753724
137 147 3.248078
137 148 4.395692
137 149 4.455852
137 151 3.095409
137 153 3.735851
137 154 4.450492
137 157 3.011563
138 141 2.254300
138 142 2.777509
138 143 2.870638
138 144 3.288838
138 145 3.144379
138 146 2.818962
138 147 3.354139
138 148 4.253925
138 149 3.928932
138 151 3.549012
138 153 3.126836
138 154 3.573577
138 155 3.741753
138 157 2.670007
138 158 4.638229
139 141 3.348482
139 145 2.783347
139 151 4.270465
140 141 3.317916
140 142 4.565588
140 145 3.587127
140 151 4.545065
140 153 4.322057
140 154 4.609267
140 157 3.501594
141 147 2.814145
141 148 4.200079
141 149 4.669253
141 151 2.529765
141 153 4.302349
141 157 3.617744
142 147 2.432863
142 148 3.801596
142 149 4.365674
142 151 2.552345
142 152 4.161469
142 153 4.371441
142 157 3.966454
143 147 1.335488
143 148 2.434595
143 149 2.954671
143 150 3.753975
143 151 2.028334
143 152 2.753002
143 153 3.247979
143 154 4.395714
143 155 4.455959
143 157 3.095111
144 147 2.253670
144 148 2.777358
144 149 2.870587
144 150 3.289161
144 151 3.144117
144 152 2.818216
144 153 3.354138
144 154 4.254510
144 155 3.929897
144 157 3.548262
145 147 3.349505
145 151 2.784503
145 157 4.270127
146 147 3.318297
146 148 4.565247
146 151 3.587856
146 157 4.545169
147 153 2.813671
147 154 4.199733
147 155 4.669230
147 157 2.529429
148 153 2.432759
148 154 3.801665
148 155 4.366053
148 157 2.551921
148 158 4.161580
149 153 1.335002
149 154 2.434820
149 155 2.955243
149 156 3.733713
149 157 2.027109
149 158 2.753518
150 153 2.253337
150 154 2.777429
150 155 2.870584
150 156 3.270499
150 157 3.143337
150 158 2.818589
151 153 3.349237
151 157 2.784502
152 153 3.317817
152 154 4.565041
152 157 3.587082

RESIDUES
ALA 1
 0.0 8.000000
 0.1 8.000000
 0.2 8.000000
 0.3 8.000000
 0.4 8.000000
 0.5 8.000000
 0.6 8.000000
 0.7 8.000000
 0.8 8.000000
 0.9 8.000000
 1.0 8.000000
 1.1 7.666667
 1.2 7.666667
 1.3 7.666667
 1.4 7.666667
 1.5 7.666667
 1.6 7.545455
 1.7 6.875000
 1.8 6.531250
 1.9 6.500000
 2.0 6.360465
 2.1 6.242424
 2.2 5.798246
 2.3 4.461268
 2.4 4.022989
 2.5 3.423414
 2.6 2.521416
 2.7 1.980156
 2.8 0.979124
 2.9 0.330592
 3.0 0.033405
 3.1 -0.435637
 3.2 -0.377893
 3.3 0.169880
 3.4 1.035969
 3.5 1.429720
 3.6 1.764944
 3.7 1.791018
 3.8 1.790413
 3.9 1.598836
 4.0 1.419766
 4.1 1.178666
 4.2 1.013471
 4.3 0.969656
 4.4 0.920824
 4.5 0.819394
 4.6 0.766616

ALA 2
 0.0 6.000000
 0.1 6.000000
 0.2 6.000000
 0.3 6.000000
 0.4 6.000000
 0.5 6.000000
 0.6 6.000000
 0.7 6.000000
 0.8 6.000000
 0.9 6.000000
 1.0 6.000000
 1.1 5.166667
 1.2 5.166667
 1.3 5.166667
 1.4 5.166667
 1.5 5.166667
 1.6 5.045455
 1.7 4.437500
 1.8 3.921875
 1.9 3.857143
 2.0 3.569767
 2.1 3.338384
 2.2 2.513158
 2.3 0.098592
 2.4 -0.632184
 2.5 -1.641153
 2.6 -3.446824
 2.7 -4.489387
 2.8 -6.279570
 2.9 -7.050793
 3.0 -7.428279
 3.1 -7.691611
 3.2 -7.295647
 3.3 -5.810398
 3.4 -3.835995
 3.5 -2.867134
 3.6 -1.908689
 3.7 -1.582282
 3.8 -1.411187
 3.9 -1.491360
 4.0 -1.716049
 4.1 -1.634268
 4.2 -1.392145
 4.3 -0.986564
 4.4 -0.589758
 4.5 -0.267347
 4.6 0.129170

ALA 3
 0.0 6.000000
 0.1 6.000000
 0.2 6.000000
 0.3 6.000000
 0.4 6.000000
 0.5 6.000000
 0.6 6.000000
 0.7 6.000000
 0.8 6.000000
 0.9 6.000000
 1.0 6.000000
 1.1 5.166667
 1.2 5.166667
 1.3 5.166667
 1.4 5.166667
 1.5 5.166667
 1.6 5.136364
 1.7 4.875000
 1.8 4.343750
 1.9 4.285714
 2.0 4.011628
 2.1 3.787879
 2.2 3.035088
 2.3 0.982394
 2.4 0.350575
 2.5 -0.623883
 2.6 -2.518173
 2.7 -3.562855
 2.8 -5.325503
 2.9 -5.809715
 3.0 -6.038481
 3.1 -5.704191
 3.2 -4.987647
 3.3 -2.794423
 3.4 -0.057500
 3.5 1.100880
 3.6 2.284265
 3.7 2.695850
 3.8 2.795070
 3.9 2.650340
 4.0 2.669591
 4.1 2.275160
 4.2 1.924972
 4.3 2.091364
 4.4 2.259221
 4.5 2.161569
 4.6 2.369848

ALA 4
 0.0 6.000000
 0.1 6.000000
 0.2 6.000000
 0.3 6.000000
 0.4 6.000000
 0.5 6.000000
 0.6 6.000000
 0.7 6.000000
 0.8 6.000000
 0.9 6.000000
 1.0 6.000000
 1.1 5.500000
 1.2 5.500000
 1.3 5.500000
 1.4 5.500000
 1.5 5.500000
 1.6 5.409091
 1.7 4.875000
 1.8 4.468750
 1.9 4.428571
 2.0 4.156977
 2.1 3.939394
 2.2 3.228070
 2.3 1.183099
 2.4 0.459770
 2.5 -0.674198
 2.6 -2.612123
 2.7 -3.673667
 2.8 -5.551337
 2.9 -6.121944
 3.0 -6.340710
 3.1 -6.071814
 3.2 -5.401868
 3.3 -3.373125
 3.4 -0.875765
 3.5 0.110005
 3.6 0.911921
 3.7 1.081634
 3.8 1.055604
 3.9 0.534066
 4.0 -0.018023
 4.1 -0.340096
 4.2 -0.475216
 4.3 -0.074048
 4.4 0.258610
 4.5 0.448408
 4.6 0.804219

ALA 5
 0.0 6.000000
 0.1 6.000000
 0.2 6.000000
 0.3 6.000000
 0.4 6.000000
 0.5 6.000000
 0.6 6.000000
 0.7 6.000000
 0.8 6.000000
 0.9 6.000000
 1.0 6.000000
 1.1 5.500000
 1.2 5.500000
 1.3 5.500000
 1.4 5.500000
 1.5 5.500000
 1.6 5.409091
 1.7 4.812500
 1.8 4.140625
 1.9 4.071429
 2.0 3.750000
 2.1 3.484848
 2.2 2.653509
 2.3 0.454225
 2.4 -0.247126
 2.5 -1.305559
 2.6 -3.161789
 2.7 -4.161747
 2.8 -5.973920
 2.9 -6.447689
 3.0 -6.621549
 3.1 -6.155379
 3.2 -5.425226
 3.3 -3.136215
 3.4 -0.279380
 3.5 0.893621
 3.6 1.941726
 3.7 2.241244
 3.8 2.243896
 3.9 1.679510
 4.0 0.874333
 4.1 0.467009
 4.2 0.554091
 4.3 1.569271
 4.4 2.647959
 4.5 3.423985
 4.6 4.473821

ALA 6
 0.0 6.000000
 0.1 6.000000
 0.2 6.000000
 0.3 6.000000
 0.4 6.000000
 0.5 6.000000
 0.6 6.000000
 0.7 6.000000
 0.8 6.000000
 0.9 6.000000
 1.0 6.000000
 1.1 5.500000
 1.2 5.500000
 1.3 5.500000
 1.4 5.500000
 1.5 5.500000
 1.6 5.409091
 1.7 4.812500
 1.8 4.078125
 1.9 4.000000
 2.0 3.691860
 2.1 3.434343
 2.2 2.640351
 2.3 0.496479
 2.4 -0.166667
 2.5 -1.204207
 2.6 -3.081144
 2.7 -4.114704
 2.8 -5.930054
 2.9 -6.409877
 3.0 -6.605967
 3.1 -6.134754
 3.2 -5.377192
 3.3 -3.097948
 3.4 -0.254434
 3.5 0.910118
 3.6 1.951360
 3.7 2.264264
 3.8 2.287005
 3.9 1.736767
 4.0 0.947258
 4.1 0.486963
 4.2 0.466907
 4.3 1.325928
 4.4 2.257106
 4.5 2.915475
 4.6 3.827884

ALA 7
 0.0 6.000000
 0.1 6.000000
 0.2 6.000000
 0.3 6.000000
 0.4 6.000000
 0.5 6.000000
 0.6 6.000000
 0.7 6.000000
 0.8 6.000000
 0.9 6.000000
 1.0 6.000000
 1.1 5.500000
 1.2 5.500000
 1.3 5.500000
 1.4 5.500000
 1.5 5.500000
 1.6 5.409091
 1.7 4.750000
 1.8 4.000000
 1.9 3.928571
 2.0 3.662791
 2.1 3.434343
 2.2 2.644737
 2.3 0.598592
 2.4 -0.074713
 2.5 -1.147901
 2.6 -3.010762
 2.7 -4.047500
 2.8 -5.906777
 2.9 -6.399276
 3.0 -6.584913
 3.1 -6.143504
 3.2 -5.379256
 3.3 -3.081287
 3.4 -0.212071
 3.5 0.944464
 3.6 1.997005
 3.7 2.293394
 3.8 2.319998
 3.9 1.747043
 4.0 0.943076
 4.1 0.493350
 4.2 0.475446
 4.3 1.325760
 4.4 2.252491
 4.5 2.917378
 4.6 3.813806

ALA 8
 0.0 6.000000
 0.1 6.000000
 0.2 6.000000
 0.3 6.000000
 0.4 6.000000
 0.5 6.000000
 0.6 6.000000
 0.7 6.000000
 0.8 6.000000
 0.9 6.000000
 1.0 6.000000
 1.1 5.333333
 1.2 5.333333
 1.3 5.333333
 1.4 5.333333
 1.5 5.333333
 1.6 5.272727
 1.7 4.750000
 1.8 3.937500
 1.9 3.857143
 2.0 3.604651
 2.1 3.383838
 2.2 2.539474
 2.3 0.454225
 2.4 -0.198276
 2.5 -1.226730
 2.6 -3.076745
 2.7 -4.085134
 2.8 -5.912813
 2.9 -6.434544
 3.0 -6.633553
 3.1 -6.175308
 3.2 -5.416570
 3.3 -3.125360
 3.4 -0.233890
 3.5 0.942920
 3.6 1.994529
 3.7 2.275993
 3.8 2.294723
 3.9 1.746597
 4.0 0.941865
 4.1 0.485474
 4.2 0.489398
 4.3 1.355285
 4.4 2.282012
 4.5 2.944354
 4.6 3.847616

ALA 9
 0.0 6.000000
 0.1 6.000000
 0.2 6.000000
 0.3 6.000000
 0.4 6.000000
 0.5 6.000000
 0.6 6.000000
 0.7 6.000000
 0.8 6.000000
 0.9 6.000000
 1.0 6.000000
 1.1 5.333333
 1.2 5.333333
 1.3 5.333333
 1.4 5.333333
 1.5 5.333333
 1.6 5.272727
 1.7 4.812500
 1.8 4.078125
 1.9 4.000000
 2.0 3.720930
 2.1 3.484848
 2.2 2.653509
 2.3 0.545775
 2.4 -0.120690
 2.5 -1.200450
 2.6 -3.098240
 2.7 -4.110215
 2.8 -5.925707
 2.9 -6.463462
 3.0 -6.642214
 3.1 -6.127697
 3.2 -5.350132
 3.3 -3.048172
 3.4 -0.119880
 3.5 1.040682
 3.6 2.050295
 3.7 2.300630
 3.8 2.278126
 3.9 1.691853
 4.0 0.863604
 4.1 0.419533
 4.2 0.455895
 4.3 1.333126
 4.4 2.264859
 4.5 2.942505
 4.6 3.862536

ALA 10
 0.0 6.000000
 0.1 6.000000
 0.2 6.000000
 0.3 6.000000
 0.4 6.000000
 0.5 6.000000
 0.6 6.000000
 0.7 6.000000
 0.8 6.000000
 0.9 6.000000
 1.0 6.000000
 1.1 5.166667
 1.2 5.166667
 1.3 5.166667
 1.4 5.166667
 1.5 5.166667
 1.6 5.136364
 1.7 4.750000
 1.8 4.000000
 1.9 3.928571
 2.0 3.633721
 2.1 3.383838
 2.2 2.570175
 2.3 0.538732
 2.4 -0.132184
 2.5 -1.195207
 2.6 -3.032786
 2.7 -4.052903
 2.8 -5.899860
 2.9 -6.445881
 3.0 -6.628105
 3.1 -6.163542
 3.2 -5.389167
 3.3 -3.095403
 3.4 -0.196327
 3.5 0.976205
 3.6 2.002032
 3.7 2.285194
 3.8 2.298680
 3.9 1.768092
 4.0 0.951344
 4.1 0.497334
 4.2 0.474760
 4.3 1.321549
 4.4 2.243057
 4.5 2.904617
 4.6 3.803342

ALA 11
 0.0 6.000000
 0.1 6.000000
 0.2 6.000000
 0.3 6.000000
 0.4 6.000000
 0.5 6.000000
 0.6 6.000000
 0.7 6.000000
 0.8 6.000000
 0.9 6.000000
 1.0 6.000000
 1.1 5.166667
 1.2 5.166667
 1.3 5.166667
 1.4 5.166667
 1.5 5.166667
 1.6 5.136364
 1.7 4.656250
 1.8 3.859375
 1.9 3.785714
 2.0 3.517442
 2.1 3.282828
 2.2 2.491228
 2.3 0.464789
 2.4 -0.209770
 2.5 -1.228234
 2.6 -3.024457
 2.7 -4.049301
 2.8 -5.879544
 2.9 -6.403214
 3.0 -6.603386
 3.1 -6.163525
 3.2 -5.387913
 3.3 -3.067022
 3.4 -0.174997
 3.5 1.000146
 3.6 2.039306
 3.7 2.311936
 3.8 2.303995
 3.9 1.748003
 4.0 0.917781
 4.1 0.450229
 4.2 0.442050
 4.3 1.306975
 4.4 2.239263
 4.5 2.913814
 4.6 3.823183

ALA 12
 0.0 6.000000
 0.1 6.000000
 0.2 6.000000
 0.3 6.000000
 0.4 6.000000
 0.5 6.000000
 0.6 6.000000
 0.7 6.000000
 0.8 6.000000
 0.9 6.000000
 1.0 6.000000
 1.1 5.333333
 1.2 5.333333
 1.3 5.333333
 1.4 5.333333
 1.5 5.333333
 1.6 5.272727
 1.7 4.750000
 1.8 4.000000
 1.9 3.928571
 2.0 3.662791
 2.1 3.434343
 2.2 2.614035
 2.3 0.545775
 2.4 -0.143678
 2.5 -1.230486
 2.6 -3.066979
 2.7 -4.077527
 2.8 -5.896163
 2.9 -6.361782
 3.0 -6.519852
 3.1 -6.028260
 3.2 -5.253560
 3.3 -2.937450
 3.4 -0.105750
 3.5 1.047579
 3.6 2.060427
 3.7 2.302099
 3.8 2.291282
 3.9 1.712741
 4.0 0.897047
 4.1 0.461069
 4.2 0.485044
 4.3 1.345018
 4.4 2.269730
 4.5 2.940725
 4.6 3.835672

ALA 13
 0.0 6.000000
 0.1 6.000000
 0.2 6.000000
 0.3 6.000000
 0.4 6.000000
 0.5 6.000000
 0.6 6.000000
 0.7 6.000000
 0.8 6.000000
 0.9 6.000000
 1.0 6.000000
 1.1 5.333333
 1.2 5.333333
 1.3 5.333333
 1.4 5.333333
 1.5 5.333333
 1.6 5.272727
 1.7 4.750000
 1.8 4.125000
 1.9 4.071429
 2.0 3.779070
 2.1 3.535354
 2.2 2.701754
 2.3 0.556338
 2.4 -0.143678
 2.5 -1.256009
 2.6 -3.141261
 2.7 -4.140242
 2.8 -5.982562
 2.9 -6.479555
 3.0 -6.644804
 3.1 -6.155000
 3.2 -5.406602
 3.3 -3.102020
 3.4 -0.245758
 3.5 0.922134
 3.6 1.970132
 3.7 2.241800
 3.8 2.242568
 3.9 1.703605
 4.0 0.919474
 4.1 0.489737
 4.2 0.474539
 4.3 1.335549
 4.4 2.264437
 4.5 2.921203
 4.6 3.798871

ALA 14
 0.0 6.000000
 0.1 6.000000
 0.2 6.000000
 0.3 6.000000
 0.4 6.000000
 0.5 6.000000
 0.6 6.000000
 0.7 6.000000
 0.8 6.000000
 0.9 6.000000
 1.0 6.000000
 1.1 5.500000
 1.2 5.500000
 1.3 5.500000
 1.4 5.500000
 1.5 5.500000
 1.6 5.409091
 1.7 4.750000
 1.8 4.187500
 1.9 4.142857
 2.0 3.866279
 2.1 3.636364
 2.2 2.820175
 2.3 0.619718
 2.4 -0.114943
 2.5 -1.237234
 2.6 -3.150528
 2.7 -4.172930
 2.8 -6.003456
 2.9 -6.471760
 3.0 -6.633880
 3.1 -6.119998
 3.2 -5.333609
 3.3 -3.043295
 3.4 -0.197980
 3.5 0.954814
 3.6 1.995636
 3.7 2.267665
 3.8 2.288034
 3.9 1.732170
 4.0 0.936893
 4.1 0.484805
 4.2 0.457341
 4.3 1.320727
 4.4 2.263340
 4.5 2.928876
 4.6 3.826654

ALA 15
 0.0 6.000000
 0.1 6.000000
 0.2 6.000000
 0.3 6.000000
 0.4 6.000000
 0.5 6.000000
 0.6 6.000000
 0.7 6.000000
 0.8 6.000000
 0.9 6.000000
 1.0 6.000000
 1.1 5.500000
 1.2 5.500000
 1.3 5.500000
 1.4 5.500000
 1.5 5.500000
 1.6 5.409091
 1.7 4.656250
 1.8 4.046875
 1.9 4.000000
 2.0 3.750000
 2.1 3.535354
 2.2 2.771930
 2.3 0.718310
 2.4 0.011494
 2.5 -1.107360
 2.6 -3.022493
 2.7 -4.074382
 2.8 -5.955337
 2.9 -6.489974
 3.0 -6.668416
 3.1 -6.207146
 3.2 -5.443958
 3.3 -3.154972
 3.4 -0.261528
 3.5 0.913485
 3.6 1.972383
 3.7 2.284366
 3.8 2.313808
 3.9 1.793695
 4.0 0.984281
 4.1 0.514215
 4.2 0.473808
 4.3 1.325153
 4.4 2.259335
 4.5 2.918649
 4.6 3.813913

ALA 16
 0.0 6.000000
 0.1 6.000000
 0.2 6.000000
 0.3 6.000000
 0.4 6.000000
 0.5 6.000000
 0.6 6.000000
 0.7 6.000000
 0.8 6.000000
 0.9 6.000000
 1.0 6.000000
 1.1 5.333333
 1.2 5.333333
 1.3 5.333333
 1.4 5.333333
 1.5 5.333333
 1.6 5.272727
 1.7 4.750000
 1.8 4.000000
 1.9 3.928571
 2.0 3.633721
 2.1 3.383838
 2.2 2.600877
 2.3 0.591549
 2.4 -0.074713
 2.5 -1.149405
 2.6 -3.008328
 2.7 -4.031828
 2.8 -5.874567
 2.9 -6.415432
 3.0 -6.597224
 3.1 -6.145461
 3.2 -5.373833
 3.3 -3.095792
 3.4 -0.217309
 3.5 0.939155
 3.6 1.991060
 3.7 2.242855
 3.8 2.245553
 3.9 1.708357
 4.0 0.904185
 4.1 0.442620
 4.2 0.442026
 4.3 1.303037
 4.4 2.236244
 4.5 2.900424
 4.6 3.809246

ALA 17
 0.0 6.000000
 0.1 6.000000
 0.2 6.000000
 0.3 6.000000
 0.4 6.000000
 0.5 6.000000
 0.6 6.000000
 0.7 6.000000
 0.8 6.000000
 0.9 6.000000
 1.0 6.000000
 1.1 5.333333
 1.2 5.333333
 1.3 5.333333
 1.4 5.333333
 1.5 5.333333
 1.6 5.272727
 1.7 4.812500
 1.8 4.078125
 1.9 4.000000
 2.0 3.691860
 2.1 3.434343
 2.2 2.578947
 2.3 0.503521
 2.4 -0.172414
 2.5 -1.237991
 2.6 -3.056217
 2.7 -4.058253
 2.8 -5.904821
 2.9 -6.407555
 3.0 -6.574739
 3.1 -6.125983
 3.2 -5.379256
 3.3 -3.093730
 3.4 -0.240306
 3.5 0.921285
 3.6 1.969165
 3.7 2.250965
 3.8 2.265211
 3.9 1.719023
 4.0 0.923648
 4.1 0.482698
 4.2 0.485143
 4.3 1.353795
 4.4 2.280504
 4.5 2.942970
 4.6 3.834911

ALA 18
 0.0 6.000000
 0.1 6.000000
 0.2 6.000000
 0.3 6.000000
 0.4 6.000000
 0.5 6.000000
 0.6 6.000000
 0.7 6.000000
 0.8 6.000000
 0.9 6.000000
 1.0 6.000000
 1.1 5.166667
 1.2 5.166667
 1.3 5.166667
 1.4 5.166667
 1.5 5.166667
 1.6 5.136364
 1.7 4.750000
 1.8 4.000000
 1.9 3.928571
 2.0 3.633721
 2.1 3.383838
 2.2 2.508772
 2.3 0.440141
 2.4 -0.206897
 2.5 -1.247757
 2.6 -3.079208
 2.7 -4.072608
 2.8 -5.901816
 2.9 -6.363795
 3.0 -6.535867
 3.1 -6.051146
 3.2 -5.287963
 3.3 -2.974515
 3.4 -0.142712
 3.5 1.009402
 3.6 2.042109
 3.7 2.323379
 3.8 2.341444
 3.9 1.764597
 4.0 0.947565
 4.1 0.471570
 4.2 0.455848
 4.3 1.312847
 4.4 2.241435
 4.5 2.908312
 4.6 3.814288

ALA 19
 0.0 6.000000
 0.1 6.000000
 0.2 6.000000
 0.3 6.000000
 0.4 6.000000
 0.5 6.000000
 0.6 6.000000
 0.7 6.000000
 0.8 6.000000
 0.9 6.000000
 1.0 6.000000
 1.1 5.166667
 1.2 5.166667
 1.3 5.166667
 1.4 5.166667
 1.5 5.166667
 1.6 5.136364
 1.7 4.750000
 1.8 4.000000
 1.9 3.928571
 2.0 3.633721
 2.1 3.383838
 2.2 2.539474
 2.3 0.447183
 2.4 -0.218391
 2.5 -1.271018
 2.6 -3.090411
 2.7 -4.082876
 2.8 -5.904368
 2.9 -6.415989
 3.0 -6.589959
 3.1 -6.158210
 3.2 -5.438137
 3.3 -3.149573
 3.4 -0.267099
 3.5 0.917428
 3.6 1.995497
 3.7 2.299502
 3.8 2.309515
 3.9 1.761744
 4.0 0.950935
 4.1 0.496840
 4.2 0.491222
 4.3 1.354777
 4.4 2.282509
 4.5 2.943527
 4.6 3.833502

ALA 20
 0.0 6.000000
 0.1 6.000000
 0.2 6.000000
 0.3 6.000000
 0.4 6.000000
 0.5 6.000000
 0.6 6.000000
 0.7 6.000000
 0.8 6.000000
 0.9 6.000000
 1.0 6.000000
 1.1 5.333333
 1.2 5.333333
 1.3 5.333333
 1.4 5.333333
 1.5 5.333333
 1.6 5.272727
 1.7 4.750000
 1.8 4.062500
 1.9 4.000000
 2.0 3.720930
 2.1 3.484848
 2.2 2.688596
 2.3 0.637324
 2.4 -0.045977
 2.5 -1.130631
 2.6 -2.972141
 2.7 -4.002688
 2.8 -5.869617
 2.9 -6.404089
 3.0 -6.588497
 3.1 -6.147021
 3.2 -5.383336
 3.3 -3.087015
 3.4 -0.190102
 3.5 0.989668
 3.6 2.036884
 3.7 2.303608
 3.8 2.331806
 3.9 1.770922
 4.0 0.934378
 4.1 0.462906
 4.2 0.469016
 4.3 1.325443
 4.4 2.261419
 4.5 2.933992
 4.6 3.846317

ALA 21
 0.0 6.000000
 0.1 6.000000
 0.2 6.000000
 0.3 6.000000
 0.4 6.000000
 0.5 6.000000
 0.6 6.000000
 0.7 6.000000
 0.8 6.000000
 0.9 6.000000
 1.0 6.000000
 1.1 5.333333
 1.2 5.333333
 1.3 5.333333
 1.4 5.333333
 1.5 5.333333
 1.6 5.272727
 1.7 4.812500
 1.8 4.140625
 1.9 4.071429
 2.0 3.779070
 2.1 3.535354
 2.2 2.728070
 2.3 0.637324
 2.4 -0.034483
 2.5 -1.122369
 2.6 -3.028827
 2.7 -4.072124
 2.8 -5.945163
 2.9 -6.529013
 3.0 -6.733039
 3.1 -6.297458
 3.2 -5.533933
 3.3 -3.259582
 3.4 -0.318781
 3.5 0.881558
 3.6 1.967963
 3.7 2.265106
 3.8 2.295112
 3.9 1.775608
 4.0 0.972404
 4.1 0.529151
 4.2 0.504055
 4.3 1.358767
 4.4 2.284868
 4.5 2.940945
 4.6 3.822743

ALA 22
 0.0 6.000000
 0.1 6.000000
 0.2 6.000000
 0.3 6.000000
 0.4 6.000000
 0.5 6.000000
 0.6 6.000000
 0.7 6.000000
 0.8 6.000000
 0.9 6.000000
 1.0 6.000000
 1.1 5.500000
 1.2 5.500000
 1.3 5.500000
 1.4 5.500000
 1.5 5.500000
 1.6 5.409091
 1.7 4.812500
 1.8 4.140625
 1.9 4.071429
 2.0 3.779070
 2.1 3.535354
 2.2 2.697368
 2.3 0.556338
 2.4 -0.120690
 2.5 -1.199703
 2.6 -3.103138
 2.7 -4.121425
 2.8 -5.963536
 2.9 -6.492832
 3.0 -6.680015
 3.1 -6.186024
 3.2 -5.419430
 3.3 -3.110357
 3.4 -0.172480
 3.5 1.000045
 3.6 2.033355
 3.7 2.308742
 3.8 2.320051
 3.9 1.731769
 4.0 0.909797
 4.1 0.473588
 4.2 0.549463
 4.3 1.543522
 4.4 2.625463
 4.5 3.398466
 4.6 4.454886

ALA 23
 0.0 6.000000
 0.1 6.000000
 0.2 6.000000
 0.3 6.000000
 0.4 6.000000
 0.5 6.000000
 0.6 6.000000
 0.7 6.000000
 0.8 6.000000
 0.9 6.000000
 1.0 6.000000
 1.1 5.500000
 1.2 5.500000
 1.3 5.500000
 1.4 5.500000
 1.5 5.500000
 1.6 5.409091
 1.7 4.875000
 1.8 4.343750
 1.9 4.285714
 2.0 4.040698
 2.1 3.838384
 2.2 3.078947
 2.3 1.045775
 2.4 0.379310
 2.5 -0.683180
 2.6 -2.605991
 2.7 -3.650425
 2.8 -5.498352
 2.9 -6.092352
 3.0 -6.335031
 3.1 -6.079804
 3.2 -5.430455
 3.3 -3.372097
 3.4 -0.815679
 3.5 0.178501
 3.6 0.992385
 3.7 1.162055
 3.8 1.103201
 3.9 0.527798
 4.0 -0.082039
 4.1 -0.270387
 4.2 -0.237986
 4.3 0.320260
 4.4 0.908421
 4.5 1.325010
 4.6 1.856420

ALA 24
 0.0 6.000000
 0.1 6.000000
 0.2 6.000000
 0.3 6.000000
 0.4 6.000000
 0.5 6.000000
 0.6 6.000000
 0.7 6.000000
 0.8 6.000000
 0.9 6.000000
 1.0 6.000000
 1.1 5.333333
 1.2 5.333333
 1.3 5.333333
 1.4 5.333333
 1.5 5.333333
 1.6 5.272727
 1.7 4.875000
 1.8 4.343750
 1.9 4.285714
 2.0 4.040698
 2.1 3.838384
 2.2 3.109649
 2.3 1.109155
 2.4 0.465517
 2.5 -0.492495
 2.6 -2.263880
 2.7 -3.269618
 2.8 -5.034845
 2.9 -5.588527
 3.0 -5.827754
 3.1 -5.721785
 3.2 -5.138938
 3.3 -3.138630
 3.4 -0.398327
 3.5 0.849628
 3.6 2.205775
 3.7 2.657253
 3.8 2.842051
 3.9 2.519311
 4.0 1.981174
 4.1 1.787117
 4.2 1.901400
 4.3 2.494957
 4.4 3.171441
 4.5 3.664914
 4.6 4.261085

ALA 25
 0.0 6.000000
 0.1 6.000000
 0.2 6.000000
 0.3 6.000000
 0.4 6.000000
 0.5 6.000000
 0.6 6.000000
 0.7 6.000000
 0.8 6.000000
 0.9 6.000000
 1.0 6.000000
 1.1 5.333333
 1.2 5.333333
 1.3 5.333333
 1.4 5.333333
 1.5 5.333333
 1.6 5.272727
 1.7 4.875000
 1.8 4.343750
 1.9 4.285714
 2.0 4.011628
 2.1 3.787879
 2.2 3.096491
 2.3 1.137324
 2.4 0.494253
 2.5 -0.464712
 2.6 -2.226226
 2.7 -3.241823
 2.8 -5.035907
 2.9 -5.902391
 3.0 -6.319715
 3.1 -6.802819
 3.2 -6.542853
 3.3 -5.286097
 3.4 -3.482232
 3.5 -2.697574
 3.6 -1.856865
 3.7 -1.533731
 3.8 -1.405177
 3.9 -1.693827
 4.0 -2.132076
 4.1 -2.077503
 4.2 -1.836077
 4.3 -1.275501
 4.4 -0.742806
 4.5 -0.245881
 4.6 0.282138

ALA 26
 0.0 0.000000
 0.1 0.000000
 0.2 0.000000
 0.3 0.000000
 0.4 0.000000
 0.5 0.000000
 0.6 0.000000
 0.7 0.000000
 0.8 0.000000
 0.9 0.000000
 1.0 0.000000
 1.1 0.000000
 1.2 0.000000
 1.3 0.000000
 1.4 0.000000
 1.5 0.000000
 1.6 0.000000
 1.7 0.000000
 1.8 0.000000
 1.9 0.000000
 2.0 0.000000
 2.1 0.000000
 2.2 0.000000
 2.3 0.000000
 2.4 0.000000
 2.5 0.000000
 2.6 0.000000
 2.7 0.000000
 2.8 0.000000
 2.9 0.000000
 3.0 0.000000
 3.1 0.000000
 3.2 0.000000
 3.3 0.000000
 3.4 0.000000
 3.5 0.000000
 3.6 0.000000
 3.7 0.000000
 3.8 0.000000
 3.9 0.000000
 4.0 0.000000
 4.1 0.000000
 4.2 0.000000
 4.3 0.000000
 4.4 0.000000
 4.5 0.000000
 4.6 0.000000

