ATOMS
N -18.076 -16.552 -10.791
O -14.995 -14.866 -10.326

N -16.906 -14.193 -11.314
O -15.219 -11.400 -9.933
H -17.806 -14.471 -11.679

N -16.465 -13.000 -8.949
O -14.008 -11.829 -6.683
H -17.114 -13.761 -9.085

N -13.842 -13.241 -8.432
O -10.782 -11.511 -7.991
H -14.339 -13.807 -9.104

N -12.731 -10.842 -8.905
O -11.061 -8.065 -7.475
H -13.635 -11.125 -9.256

N -12.250 -9.721 -6.513
O -9.754 -8.579 -4.274
H -12.889 -10.489 -6.658

N -9.609 -9.927 -6.074
O -6.572 -8.153 -5.655
H -10.114 -10.479 -6.753

N -8.557 -7.493 -6.494
O -6.902 -4.733 -5.014
H -9.464 -7.782 -6.831

N -8.032 -6.444 -4.078
O -5.499 -5.328 -1.868
H -8.660 -7.220 -4.232

N -5.377 -6.612 -3.716
O -2.364 -4.793 -3.317
H -5.889 -7.151 -4.399

N -4.383 -4.145 -4.080
O -2.741 -1.403 -2.551
H -5.293 -4.440 -4.402

N -3.813 -3.167 -1.645
O -1.243 -2.076 0.535
H -4.430 -3.950 -1.809

N -1.147 -3.295 -1.359
O 1.841 -1.431 -0.978
H -1.667 -3.822 -2.046

N -0.210 -0.797 -1.665
O 1.421 1.923 -0.087
H -1.123 -1.099 -1.973

N 0.407 0.109 0.786
O 3.014 1.177 2.934
H -0.199 -0.680 0.612

N 3.082 0.024 0.998
O 6.044 1.933 1.363
H 2.554 -0.490 0.307

N 3.963 2.549 0.753
O 5.585 5.246 2.379
H 3.047 2.239 0.460

N 4.629 3.384 3.216
O 7.273 4.431 5.329
H 4.033 2.590 3.031

N 7.310 3.346 3.354
O 10.244 5.299 3.706
H 6.773 2.846 2.660

N 8.136 5.894 3.172
O 9.750 8.566 4.847
H 7.219 5.577 2.891

N 8.852 6.659 5.644
O 11.532 7.686 7.721
H 8.267 5.860 5.447

N 11.537 6.669 5.710
O 14.441 8.667 6.052
H 10.991 6.182 5.014

N 12.309 9.237 5.594
O 13.917 11.883 7.315
H 11.391 8.910 5.328

N 13.077 9.933 8.071
O 15.792 10.942 10.110
H 12.501 9.130 7.863

N 15.762 9.994 8.066
O 18.636 12.037 8.399
H 15.207 9.521 7.368

N 16.482 12.580 8.017
O 18.066 15.220 9.718
H 15.563 12.245 7.764

EDGES
1 3 2.684643
1 5 2.278597
1 6 4.313350
1 8 3.409628
1 11 4.934183
2 3 2.254106
2 4 3.495394
2 5 3.144575
2 6 2.745721
2 7 4.844480
2 8 2.692818
2 9 2.749049
2 11 1.745022
2 12 4.830892
2 14 4.121842
3 6 2.685322
3 8 2.279984
3 9 4.312809
3 11 3.409191
3 14 4.934311
4 6 2.254057
4 7 3.494719
4 8 3.143955
4 9 2.745617
4 10 4.844652
4 11 2.693565
4 12 2.749235
4 14 1.744423
4 15 4.830155
4 17 4.121219
5 6 3.378612
5 8 2.777013
5 9 5.269649
5 11 4.369395
6 9 2.684306
6 11 2.279287
6 12 4.312964
6 14 3.408632
6 17 4.933718
7 9 2.253952
7 10 3.495578
7 11 3.143769
7 12 2.746303
7 13 4.845593
7 14 2.693524
7 15 2.750114
7 17 1.745963
7 18 4.831116
7 20 4.121970
8 9 3.376802
8 11 2.775446
8 12 5.269122
8 14 4.368201
9 12 2.685750
9 14 2.280193
9 15 4.313632
9 17 3.410101
9 20 4.934133
10 12 2.254231
10 13 3.495570
10 14 3.144651
10 15 2.746563
10 16 4.844533
10 17 2.694591
10 18 2.749523
10 20 1.744675
10 21 4.830731
10 23 4.121670
11 12 3.378830
11 14 2.777021
11 15 5.269971
11 17 4.369730
12 15 2.685082
12 17 2.280040
12 18 4.312618
12 20 3.407574
12 23 4.933393
13 15 2.254218
13 16 3.495547
13 17 3.144018
13 18 2.745569
13 19 4.844715
13 20 2.691745
13 21 2.749466
13 23 1.745060
13 24 4.831365
13 26 4.122605
14 15 3.378386
14 17 2.776800
14 18 5.269630
14 20 4.368039
15 18 2.685151
15 20 2.279180
15 21 4.313072
15 23 3.409199
15 26 4.934173
16 18 2.253470
16 19 3.494819
16 20 3.144049
16 21 2.746016
16 22 4.844917
16 23 2.693986
16 24 2.749895
16 26 1.745131
16 27 4.831002
16 29 4.122261
17 18 3.378654
17 20 2.776644
17 21 5.269643
17 23 4.369028
18 21 2.684671
18 23 2.279276
18 24 4.313031
18 26 3.409020
18 29 4.934592
19 21 2.253829
19 22 3.495165
19 23 3.143928
19 24 2.745762
19 25 4.844928
19 26 2.693541
19 27 2.749987
19 29 1.745861
19 30 4.830777
19 32 4.122162
20 21 3.377503
20 23 2.775319
20 24 5.269874
20 26 4.369283
21 24 2.685718
21 26 2.280742
21 27 4.313449
21 29 3.409430
21 32 4.934670
22 24 2.254000
22 25 3.495676
22 26 3.144401
22 27 2.746101
22 28 4.845292
22 29 2.692790
22 30 2.750175
22 32 1.746217
22 33 4.831608
22 35 4.122608
23 24 3.379331
23 26 2.777960
23 27 5.270265
23 29 4.369601
24 27 2.684826
24 29 2.279329
24 30 4.312842
24 32 3.409269
24 35 4.933842
25 27 2.253585
25 28 3.494861
25 29 3.143468
25 30 2.745522
25 31 4.845480
25 32 2.692979
25 33 2.749954
25 35 1.745029
25 36 4.830329
25 38 4.121158
26 27 3.378463
26 29 2.776885
26 30 5.269863
26 32 4.369667
27 30 2.684515
27 32 2.279306
27 33 4.313138
27 35 3.408768
27 38 4.933265
28 30 2.253538
28 31 3.495853
28 32 3.143386
28 33 2.745735
28 34 4.845269
28 35 2.693152
28 36 2.749338
28 38 1.744732
28 39 4.830821
28 41 4.122142
29 30 3.377252
29 32 2.775742
29 33 5.269397
29 35 4.368430
30 33 2.685258
30 35 2.279841
30 36 4.312544
30 38 3.408539
30 41 4.934082
31 33 2.254266
31 34 3.495759
31 35 3.144916
31 36 2.746154
31 37 4.844568
31 38 2.694450
31 39 2.749217
31 41 1.744828
31 42 4.830281
31 44 4.121779
32 33 3.378162
32 35 2.776422
32 36 5.268794
32 38 4.368127
33 36 2.684350
33 38 2.279285
33 39 4.312645
33 41 3.408857
33 44 4.933580
34 36 2.254421
34 37 3.495175
34 38 3.144814
34 39 2.746440
34 40 4.845181
34 41 2.694252
34 42 2.749496
34 44 1.744901
34 45 4.830113
34 47 4.121236
35 36 3.377812
35 38 2.776098
35 39 5.269777
35 41 4.369364
36 39 2.685444
36 41 2.280348
36 42 4.313138
36 44 3.409072
36 47 4.933658
37 39 2.254002
37 40 3.495654
37 41 3.144129
37 42 2.745843
37 43 4.845755
37 44 2.693270
37 45 2.749851
37 47 1.745014
37 48 4.831112
37 50 4.122036
38 39 3.379147
38 41 2.777768
38 42 5.270148
38 44 4.369457
39 42 2.684944
39 44 2.280030
39 45 4.313105
39 47 3.409212
39 50 4.933657
40 42 2.254090
40 43 3.495798
40 44 3.144616
40 45 2.746333
40 46 4.845073
40 47 2.694716
40 48 2.749407
40 50 1.744403
40 51 4.830693
40 53 4.121815
41 42 3.378201
41 44 2.776970
41 45 5.269724
41 47 4.369166
42 45 2.684734
42 47 2.279880
42 48 4.312751
42 50 3.407752
42 53 4.933889
43 45 2.254358
43 46 3.495780
43 47 3.145094
43 48 2.745860
43 49 4.845083
43 50 2.692510
43 51 2.749290
43 53 1.744803
43 54 4.830795
43 56 4.121980
44 45 3.377806
44 47 2.776353
44 48 5.269589
44 50 4.368087
45 48 2.685482
45 50 2.279670
45 51 4.313042
45 53 3.409083
45 56 4.934512
46 48 2.254355
46 49 3.495555
46 50 3.145005
46 51 2.746131
46 52 4.845575
46 53 2.694066
46 54 2.750165
46 56 1.745629
46 57 4.830990
46 59 4.122396
47 48 3.379307
47 50 2.777391
47 51 5.270273
47 53 4.369670
48 51 2.684614
48 53 2.279444
48 54 4.313099
48 56 3.408953
48 59 4.933697
49 51 2.254229
49 52 3.495149
49 53 3.144542
49 54 2.745223
49 55 4.844587
49 56 2.692639
49 57 2.748882
49 59 1.744036
49 60 4.830122
49 62 4.121012
50 51 3.377763
50 53 2.775867
50 54 5.270091
50 56 4.369385
51 54 2.684818
51 56 2.279324
51 57 4.312898
51 59 3.409248
51 62 4.933861
52 54 2.253712
52 55 3.494910
52 56 3.144167
52 57 2.745503
52 58 4.844180
52 59 2.694453
52 60 2.748900
52 62 1.744707
52 63 4.830683
52 65 4.121741
53 54 3.378549
53 56 2.776829
53 57 5.269811
53 59 4.369481
54 57 2.684717
54 59 2.280353
54 60 4.312520
54 62 3.408327
54 65 4.934395
55 57 2.254517
55 58 3.495598
55 59 3.145176
55 60 2.746472
55 61 4.845301
55 62 2.693387
55 63 2.750412
55 65 1.746013
55 66 4.830798
55 68 4.121385
56 57 3.377901
56 59 2.776804
56 60 5.269295
56 62 4.368478
57 60 2.684896
57 62 2.279022
57 63 4.313800
57 65 3.409829
57 68 4.933520
58 60 2.253500
58 61 3.494252
58 62 3.143521
58 63 2.745314
58 64 4.844348
58 65 2.692847
58 66 2.748951
58 68 1.744299
58 69 4.830300
58 71 4.120965
59 60 3.378820
59 62 2.776964
59 63 5.271086
59 65 4.370485
60 63 2.685830
60 65 2.280296
60 66 4.312706
60 68 3.407841
60 71 4.934066
61 63 2.253538
61 64 3.494310
61 65 3.143652
61 66 2.744715
61 67 4.844365
61 68 2.691562
61 69 2.749279
61 71 1.744781
61 72 4.831024
61 74 4.122797
62 63 3.378839
62 65 2.776932
62 66 5.269108
62 68 4.367612
63 66 2.684039
63 68 2.278008
63 69 4.312727
63 71 3.408992
63 74 4.934751
64 66 2.253905
64 67 3.494625
64 68 3.144157
64 69 2.745836
64 70 4.844398
64 71 2.694010
64 72 2.749939
64 74 1.745832
64 75 4.830991
64 77 4.122125
65 66 3.377358
65 68 2.774992
65 69 5.269407
65 71 4.368936
66 69 2.685101
66 71 2.279621
66 72 4.313588
66 74 3.409712
66 77 4.934114
67 69 2.253805
67 70 3.494729
67 71 3.143942
67 72 2.745241
67 73 4.844351
67 74 2.691831
67 75 2.749152
67 77 1.744122
68 69 3.378339
68 71 2.776099
68 72 5.270421
68 74 4.369986
69 72 2.685697
69 74 2.280538
69 75 4.313183
69 77 3.408781
70 72 2.253340
70 73 3.494980
70 74 3.143252
70 75 2.745868
70 76 4.860661
70 77 2.693319
71 72 3.379619
71 74 2.778550
71 75 5.270159
71 77 4.369081
72 75 2.684809
72 77 2.279870
73 75 2.253994
73 76 3.492299
73 77 3.144808
74 75 3.377026
74 77 2.775559

RESIDUES
ALA 1
 0.0 2.000000
 0.1 2.000000
 0.2 2.000000
 0.3 2.000000
 0.4 2.000000
 0.5 2.000000
 0.6 2.000000
 0.7 2.000000
 0.8 2.000000
 0.9 2.000000
 1.0 2.000000
 1.1 2.000000
 1.2 2.000000
 1.3 2.000000
 1.4 2.000000
 1.5 2.000000
 1.6 2.000000
 1.7 1.666667
 1.8 1.666667
 1.9 1.666667
 2.0 1.666667
 2.1 1.666667
 2.2 1.666667
 2.3 0.857143
 2.4 0.857143
 2.5 0.857143
 2.6 0.857143
 2.7 -0.030455
 2.8 0.111333
 2.9 0.111333
 3.0 0.111333
 3.1 0.111333
 3.2 0.111333
 3.3 0.111333
 3.4 0.547714
 3.5 0.583500
 3.6 0.583500
 3.7 0.583500
 3.8 0.583500
 3.9 0.583500
 4.0 0.583500
 4.1 0.489333
 4.2 0.489333
 4.3 0.483000
 4.4 0.355333
 4.5 0.355333
 4.6 0.355333
 4.7 0.355333
 4.8 0.269333
 4.9 0.233500
 5.0 0.233500
 5.1 0.233500
 5.2 0.233500

ALA 2
 0.0 3.000000
 0.1 3.000000
 0.2 3.000000
 0.3 3.000000
 0.4 3.000000
 0.5 3.000000
 0.6 3.000000
 0.7 3.000000
 0.8 3.000000
 0.9 3.000000
 1.0 3.000000
 1.1 3.000000
 1.2 3.000000
 1.3 3.000000
 1.4 3.000000
 1.5 3.000000
 1.6 3.000000
 1.7 2.500000
 1.8 2.500000
 1.9 2.500000
 2.0 2.500000
 2.1 2.500000
 2.2 2.500000
 2.3 1.285714
 2.4 1.285714
 2.5 1.285714
 2.6 1.285714
 2.7 -0.166818
 2.8 -0.083000
 2.9 -0.083000
 3.0 -0.083000
 3.1 -0.333000
 3.2 -0.333000
 3.3 -0.333000
 3.4 0.000429
 3.5 0.333500
 3.6 0.333500
 3.7 0.333500
 3.8 0.333500
 3.9 0.333500
 4.0 0.333500
 4.1 0.138667
 4.2 0.138667
 4.3 0.633000
 4.4 0.610333
 4.5 0.610333
 4.6 0.610333
 4.7 0.610333
 4.8 0.624333
 4.9 0.549500
 5.0 0.549500
 5.1 0.549500
 5.2 0.549500

ALA 3
 0.0 3.000000
 0.1 3.000000
 0.2 3.000000
 0.3 3.000000
 0.4 3.000000
 0.5 3.000000
 0.6 3.000000
 0.7 3.000000
 0.8 3.000000
 0.9 3.000000
 1.0 3.000000
 1.1 3.000000
 1.2 3.000000
 1.3 3.000000
 1.4 3.000000
 1.5 3.000000
 1.6 3.000000
 1.7 2.833333
 1.8 2.833333
 1.9 2.833333
 2.0 2.833333
 2.1 2.833333
 2.2 2.833333
 2.3 1.285714
 2.4 1.285714
 2.5 1.285714
 2.6 1.285714
 2.7 -0.258000
 2.8 0.111667
 2.9 0.111667
 3.0 0.111667
 3.1 -0.110667
 3.2 -0.110667
 3.3 -0.110667
 3.4 0.619143
 3.5 0.541500
 3.6 0.541500
 3.7 0.541500
 3.8 0.541500
 3.9 0.541500
 4.0 0.541500
 4.1 0.127333
 4.2 0.127333
 4.3 0.367000
 4.4 0.355000
 4.5 0.355000
 4.6 0.355000
 4.7 0.355000
 4.8 0.377833
 4.9 0.283500
 5.0 0.283500
 5.1 0.283500
 5.2 0.283500

ALA 4
 0.0 3.000000
 0.1 3.000000
 0.2 3.000000
 0.3 3.000000
 0.4 3.000000
 0.5 3.000000
 0.6 3.000000
 0.7 3.000000
 0.8 3.000000
 0.9 3.000000
 1.0 3.000000
 1.1 3.000000
 1.2 3.000000
 1.3 3.000000
 1.4 3.000000
 1.5 3.000000
 1.6 3.000000
 1.7 2.333333
 1.8 2.333333
 1.9 2.333333
 2.0 2.333333
 2.1 2.333333
 2.2 2.333333
 2.3 0.785714
 2.4 0.785714
 2.5 0.785714
 2.6 0.785714
 2.7 -0.621455
 2.8 -0.055667
 2.9 -0.055667
 3.0 -0.055667
 3.1 0.055667
 3.2 0.055667
 3.3 0.055667
 3.4 0.786143
 3.5 0.583750
 3.6 0.583750
 3.7 0.583750
 3.8 0.583750
 3.9 0.583750
 4.0 0.583750
 4.1 0.005333
 4.2 0.005333
 4.3 0.017000
 4.4 0.050000
 4.5 0.050000
 4.6 0.050000
 4.7 0.050000
 4.8 0.027833
 4.9 0.050250
 5.0 0.050250
 5.1 0.050250
 5.2 0.050250

ALA 5
 0.0 3.000000
 0.1 3.000000
 0.2 3.000000
 0.3 3.000000
 0.4 3.000000
 0.5 3.000000
 0.6 3.000000
 0.7 3.000000
 0.8 3.000000
 0.9 3.000000
 1.0 3.000000
 1.1 3.000000
 1.2 3.000000
 1.3 3.000000
 1.4 3.000000
 1.5 3.000000
 1.6 3.000000
 1.7 2.166667
 1.8 2.166667
 1.9 2.166667
 2.0 2.166667
 2.1 2.166667
 2.2 2.166667
 2.3 0.857143
 2.4 0.857143
 2.5 0.857143
 2.6 0.857143
 2.7 -0.712364
 2.8 0.111333
 2.9 0.111333
 3.0 0.111333
 3.1 0.055667
 3.2 0.055667
 3.3 0.055667
 3.4 0.762429
 3.5 0.666750
 3.6 0.666750
 3.7 0.666750
 3.8 0.666750
 3.9 0.666750
 4.0 0.666750
 4.1 0.027333
 4.2 0.027333
 4.3 -0.083000
 4.4 -0.033333
 4.5 -0.033333
 4.6 -0.033333
 4.7 -0.033333
 4.8 0.011167
 4.9 -0.008000
 5.0 -0.008000
 5.1 -0.008000
 5.2 -0.008000

ALA 6
 0.0 3.000000
 0.1 3.000000
 0.2 3.000000
 0.3 3.000000
 0.4 3.000000
 0.5 3.000000
 0.6 3.000000
 0.7 3.000000
 0.8 3.000000
 0.9 3.000000
 1.0 3.000000
 1.1 3.000000
 1.2 3.000000
 1.3 3.000000
 1.4 3.000000
 1.5 3.000000
 1.6 3.000000
 1.7 2.500000
 1.8 2.500000
 1.9 2.500000
 2.0 2.500000
 2.1 2.500000
 2.2 2.500000
 2.3 0.714286
 2.4 0.714286
 2.5 0.714286
 2.6 0.714286
 2.7 -0.576000
 2.8 -0.055667
 2.9 -0.055667
 3.0 -0.055667
 3.1 -0.111000
 3.2 -0.111000
 3.3 -0.111000
 3.4 0.809857
 3.5 0.708500
 3.6 0.708500
 3.7 0.708500
 3.8 0.708500
 3.9 0.708500
 4.0 0.708500
 4.1 -0.000333
 4.2 -0.000333
 4.3 0.001000
 4.4 0.033333
 4.5 0.033333
 4.6 0.033333
 4.7 0.033333
 4.8 0.002833
 4.9 -0.041250
 5.0 -0.041250
 5.1 -0.041250
 5.2 -0.041250

ALA 7
 0.0 3.000000
 0.1 3.000000
 0.2 3.000000
 0.3 3.000000
 0.4 3.000000
 0.5 3.000000
 0.6 3.000000
 0.7 3.000000
 0.8 3.000000
 0.9 3.000000
 1.0 3.000000
 1.1 3.000000
 1.2 3.000000
 1.3 3.000000
 1.4 3.000000
 1.5 3.000000
 1.6 3.000000
 1.7 2.500000
 1.8 2.500000
 1.9 2.500000
 2.0 2.500000
 2.1 2.500000
 2.2 2.500000
 2.3 0.642857
 2.4 0.642857
 2.5 0.642857
 2.6 0.642857
 2.7 -0.667000
 2.8 -0.055667
 2.9 -0.055667
 3.0 -0.055667
 3.1 0.000000
 3.2 0.000000
 3.3 0.000000
 3.4 0.786143
 3.5 0.667000
 3.6 0.667000
 3.7 0.667000
 3.8 0.667000
 3.9 0.667000
 4.0 0.667000
 4.1 0.005333
 4.2 0.005333
 4.3 0.001000
 4.4 0.006000
 4.5 0.006000
 4.6 0.006000
 4.7 0.006000
 4.8 0.005667
 4.9 -0.033000
 5.0 -0.033000
 5.1 -0.033000
 5.2 -0.033000

ALA 8
 0.0 3.000000
 0.1 3.000000
 0.2 3.000000
 0.3 3.000000
 0.4 3.000000
 0.5 3.000000
 0.6 3.000000
 0.7 3.000000
 0.8 3.000000
 0.9 3.000000
 1.0 3.000000
 1.1 3.000000
 1.2 3.000000
 1.3 3.000000
 1.4 3.000000
 1.5 3.000000
 1.6 3.000000
 1.7 2.500000
 1.8 2.500000
 1.9 2.500000
 2.0 2.500000
 2.1 2.500000
 2.2 2.500000
 2.3 0.857143
 2.4 0.857143
 2.5 0.857143
 2.6 0.857143
 2.7 -0.621455
 2.8 0.027833
 2.9 0.027833
 3.0 0.027833
 3.1 0.000000
 3.2 0.000000
 3.3 0.000000
 3.4 0.881429
 3.5 0.625000
 3.6 0.625000
 3.7 0.625000
 3.8 0.625000
 3.9 0.625000
 4.0 0.625000
 4.1 -0.016667
 4.2 -0.016667
 4.3 0.001000
 4.4 0.005667
 4.5 0.005667
 4.6 0.005667
 4.7 0.005667
 4.8 0.003167
 4.9 0.008750
 5.0 0.008750
 5.1 0.008750
 5.2 0.008750

ALA 9
 0.0 3.000000
 0.1 3.000000
 0.2 3.000000
 0.3 3.000000
 0.4 3.000000
 0.5 3.000000
 0.6 3.000000
 0.7 3.000000
 0.8 3.000000
 0.9 3.000000
 1.0 3.000000
 1.1 3.000000
 1.2 3.000000
 1.3 3.000000
 1.4 3.000000
 1.5 3.000000
 1.6 3.000000
 1.7 2.333333
 1.8 2.333333
 1.9 2.333333
 2.0 2.333333
 2.1 2.333333
 2.2 2.333333
 2.3 0.857143
 2.4 0.857143
 2.5 0.857143
 2.6 0.857143
 2.7 -0.576091
 2.8 0.083500
 2.9 0.083500
 3.0 0.083500
 3.1 -0.055667
 3.2 -0.055667
 3.3 -0.055667
 3.4 0.881429
 3.5 0.542000
 3.6 0.542000
 3.7 0.542000
 3.8 0.542000
 3.9 0.542000
 4.0 0.542000
 4.1 0.005333
 4.2 0.005333
 4.3 0.001000
 4.4 -0.027667
 4.5 -0.027667
 4.6 -0.027667
 4.7 -0.027667
 4.8 0.000500
 4.9 0.050250
 5.0 0.050250
 5.1 0.050250
 5.2 0.050250

ALA 10
 0.0 3.000000
 0.1 3.000000
 0.2 3.000000
 0.3 3.000000
 0.4 3.000000
 0.5 3.000000
 0.6 3.000000
 0.7 3.000000
 0.8 3.000000
 0.9 3.000000
 1.0 3.000000
 1.1 3.000000
 1.2 3.000000
 1.3 3.000000
 1.4 3.000000
 1.5 3.000000
 1.6 3.000000
 1.7 2.500000
 1.8 2.500000
 1.9 2.500000
 2.0 2.500000
 2.1 2.500000
 2.2 2.500000
 2.3 0.714286
 2.4 0.714286
 2.5 0.714286
 2.6 0.714286
 2.7 -0.651909
 2.8 0.027833
 2.9 0.027833
 3.0 0.027833
 3.1 -0.111000
 3.2 -0.111000
 3.3 -0.111000
 3.4 0.881571
 3.5 0.625000
 3.6 0.625000
 3.7 0.625000
 3.8 0.625000
 3.9 0.625000
 4.0 0.625000
 4.1 -0.000333
 4.2 -0.000333
 4.3 0.001000
 4.4 -0.027667
 4.5 -0.027667
 4.6 -0.027667
 4.7 -0.027667
 4.8 0.000500
 4.9 0.008750
 5.0 0.008750
 5.1 0.008750
 5.2 0.008750

ALA 11
 0.0 3.000000
 0.1 3.000000
 0.2 3.000000
 0.3 3.000000
 0.4 3.000000
 0.5 3.000000
 0.6 3.000000
 0.7 3.000000
 0.8 3.000000
 0.9 3.000000
 1.0 3.000000
 1.1 3.000000
 1.2 3.000000
 1.3 3.000000
 1.4 3.000000
 1.5 3.000000
 1.6 3.000000
 1.7 2.500000
 1.8 2.500000
 1.9 2.500000
 2.0 2.500000
 2.1 2.500000
 2.2 2.500000
 2.3 0.785714
 2.4 0.785714
 2.5 0.785714
 2.6 0.785714
 2.7 -0.636727
 2.8 -0.111333
 2.9 -0.111333
 3.0 -0.111333
 3.1 0.111333
 3.2 0.111333
 3.3 0.111333
 3.4 0.833857
 3.5 0.666750
 3.6 0.666750
 3.7 0.666750
 3.8 0.666750
 3.9 0.666750
 4.0 0.666750
 4.1 -0.028000
 4.2 -0.028000
 4.3 0.001000
 4.4 0.022000
 4.5 0.022000
 4.6 0.022000
 4.7 0.022000
 4.8 -0.016167
 4.9 0.000250
 5.0 0.000250
 5.1 0.000250
 5.2 0.000250

ALA 12
 0.0 3.000000
 0.1 3.000000
 0.2 3.000000
 0.3 3.000000
 0.4 3.000000
 0.5 3.000000
 0.6 3.000000
 0.7 3.000000
 0.8 3.000000
 0.9 3.000000
 1.0 3.000000
 1.1 3.000000
 1.2 3.000000
 1.3 3.000000
 1.4 3.000000
 1.5 3.000000
 1.6 3.000000
 1.7 2.333333
 1.8 2.333333
 1.9 2.333333
 2.0 2.333333
 2.1 2.333333
 2.2 2.333333
 2.3 0.785714
 2.4 0.785714
 2.5 0.785714
 2.6 0.785714
 2.7 -0.682091
 2.8 -0.055667
 2.9 -0.055667
 3.0 -0.055667
 3.1 0.222667
 3.2 0.222667
 3.3 0.222667
 3.4 0.810000
 3.5 0.625000
 3.6 0.625000
 3.7 0.625000
 3.8 0.625000
 3.9 0.625000
 4.0 0.625000
 4.1 0.021667
 4.2 0.021667
 4.3 0.001000
 4.4 0.016667
 4.5 0.016667
 4.6 0.016667
 4.7 0.016667
 4.8 0.008667
 4.9 -0.008000
 5.0 -0.008000
 5.1 -0.008000
 5.2 -0.008000

ALA 13
 0.0 3.000000
 0.1 3.000000
 0.2 3.000000
 0.3 3.000000
 0.4 3.000000
 0.5 3.000000
 0.6 3.000000
 0.7 3.000000
 0.8 3.000000
 0.9 3.000000
 1.0 3.000000
 1.1 3.000000
 1.2 3.000000
 1.3 3.000000
 1.4 3.000000
 1.5 3.000000
 1.6 3.000000
 1.7 2.333333
 1.8 2.333333
 1.9 2.333333
 2.0 2.333333
 2.1 2.333333
 2.2 2.333333
 2.3 0.785714
 2.4 0.785714
 2.5 0.785714
 2.6 0.785714
 2.7 -0.682091
 2.8 0.055667
 2.9 0.055667
 3.0 0.055667
 3.1 -0.055667
 3.2 -0.055667
 3.3 -0.055667
 3.4 0.833857
 3.5 0.708500
 3.6 0.708500
 3.7 0.708500
 3.8 0.708500
 3.9 0.708500
 4.0 0.708500
 4.1 -0.011667
 4.2 -0.011667
 4.3 0.001000
 4.4 -0.011000
 4.5 -0.011000
 4.6 -0.011000
 4.7 -0.011000
 4.8 -0.002333
 4.9 -0.008000
 5.0 -0.008000
 5.1 -0.008000
 5.2 -0.008000

ALA 14
 0.0 3.000000
 0.1 3.000000
 0.2 3.000000
 0.3 3.000000
 0.4 3.000000
 0.5 3.000000
 0.6 3.000000
 0.7 3.000000
 0.8 3.000000
 0.9 3.000000
 1.0 3.000000
 1.1 3.000000
 1.2 3.000000
 1.3 3.000000
 1.4 3.000000
 1.5 3.000000
 1.6 3.000000
 1.7 2.166667
 1.8 2.166667
 1.9 2.166667
 2.0 2.166667
 2.1 2.166667
 2.2 2.166667
 2.3 0.857143
 2.4 0.857143
 2.5 0.857143
 2.6 0.857143
 2.7 -0.591182
 2.8 0.027833
 2.9 0.027833
 3.0 0.027833
 3.1 -0.055333
 3.2 -0.055333
 3.3 -0.055333
 3.4 0.762286
 3.5 0.666750
 3.6 0.666750
 3.7 0.666750
 3.8 0.666750
 3.9 0.666750
 4.0 0.666750
 4.1 -0.006000
 4.2 -0.006000
 4.3 0.001000
 4.4 0.000333
 4.5 0.000333
 4.6 0.000333
 4.7 0.000333
 4.8 -0.013667
 4.9 0.000500
 5.0 0.000500
 5.1 0.000500
 5.2 0.000500

ALA 15
 0.0 3.000000
 0.1 3.000000
 0.2 3.000000
 0.3 3.000000
 0.4 3.000000
 0.5 3.000000
 0.6 3.000000
 0.7 3.000000
 0.8 3.000000
 0.9 3.000000
 1.0 3.000000
 1.1 3.000000
 1.2 3.000000
 1.3 3.000000
 1.4 3.000000
 1.5 3.000000
 1.6 3.000000
 1.7 2.333333
 1.8 2.333333
 1.9 2.333333
 2.0 2.333333
 2.1 2.333333
 2.2 2.333333
 2.3 0.857143
 2.4 0.857143
 2.5 0.857143
 2.6 0.857143
 2.7 -0.727545
 2.8 0.027833
 2.9 0.027833
 3.0 0.027833
 3.1 0.111333
 3.2 0.111333
 3.3 0.111333
 3.4 0.810000
 3.5 0.666750
 3.6 0.666750
 3.7 0.666750
 3.8 0.666750
 3.9 0.666750
 4.0 0.666750
 4.1 0.021667
 4.2 0.021667
 4.3 0.001000
 4.4 0.000333
 4.5 0.000333
 4.6 0.000333
 4.7 0.000333
 4.8 0.014167
 4.9 -0.032750
 5.0 -0.032750
 5.1 -0.032750
 5.2 -0.032750

ALA 16
 0.0 3.000000
 0.1 3.000000
 0.2 3.000000
 0.3 3.000000
 0.4 3.000000
 0.5 3.000000
 0.6 3.000000
 0.7 3.000000
 0.8 3.000000
 0.9 3.000000
 1.0 3.000000
 1.1 3.000000
 1.2 3.000000
 1.3 3.000000
 1.4 3.000000
 1.5 3.000000
 1.6 3.000000
 1.7 2.500000
 1.8 2.500000
 1.9 2.500000
 2.0 2.500000
 2.1 2.500000
 2.2 2.500000
 2.3 0.857143
 2.4 0.857143
 2.5 0.857143
 2.6 0.857143
 2.7 -0.560818
 2.8 -0.027833
 2.9 -0.027833
 3.0 -0.027833
 3.1 0.000000
 3.2 0.000000
 3.3 0.000000
 3.4 0.809857
 3.5 0.750250
 3.6 0.750250
 3.7 0.750250
 3.8 0.750250
 3.9 0.750250
 4.0 0.750250
 4.1 -0.006000
 4.2 -0.006000
 4.3 0.001000
 4.4 0.027667
 4.5 0.027667
 4.6 0.027667
 4.7 0.027667
 4.8 0.008333
 4.9 0.008750
 5.0 0.008750
 5.1 0.008750
 5.2 0.008750

ALA 17
 0.0 3.000000
 0.1 3.000000
 0.2 3.000000
 0.3 3.000000
 0.4 3.000000
 0.5 3.000000
 0.6 3.000000
 0.7 3.000000
 0.8 3.000000
 0.9 3.000000
 1.0 3.000000
 1.1 3.000000
 1.2 3.000000
 1.3 3.000000
 1.4 3.000000
 1.5 3.000000
 1.6 3.000000
 1.7 2.000000
 1.8 2.000000
 1.9 2.000000
 2.0 2.000000
 2.1 2.000000
 2.2 2.000000
 2.3 0.785714
 2.4 0.785714
 2.5 0.785714
 2.6 0.785714
 2.7 -0.651818
 2.8 -0.027833
 2.9 -0.027833
 3.0 -0.027833
 3.1 0.000000
 3.2 0.000000
 3.3 0.000000
 3.4 0.786143
 3.5 0.708500
 3.6 0.708500
 3.7 0.708500
 3.8 0.708500
 3.9 0.708500
 4.0 0.708500
 4.1 -0.006000
 4.2 -0.006000
 4.3 0.001000
 4.4 -0.033333
 4.5 -0.033333
 4.6 -0.033333
 4.7 -0.033333
 4.8 -0.019333
 4.9 0.009000
 5.0 0.009000
 5.1 0.009000
 5.2 0.009000

ALA 18
 0.0 3.000000
 0.1 3.000000
 0.2 3.000000
 0.3 3.000000
 0.4 3.000000
 0.5 3.000000
 0.6 3.000000
 0.7 3.000000
 0.8 3.000000
 0.9 3.000000
 1.0 3.000000
 1.1 3.000000
 1.2 3.000000
 1.3 3.000000
 1.4 3.000000
 1.5 3.000000
 1.6 3.000000
 1.7 2.333333
 1.8 2.333333
 1.9 2.333333
 2.0 2.333333
 2.1 2.333333
 2.2 2.333333
 2.3 0.714286
 2.4 0.714286
 2.5 0.714286
 2.6 0.714286
 2.7 -0.606273
 2.8 -0.027833
 2.9 -0.027833
 3.0 -0.027833
 3.1 -0.055667
 3.2 -0.055667
 3.3 -0.055667
 3.4 0.762286
 3.5 0.667000
 3.6 0.667000
 3.7 0.667000
 3.8 0.667000
 3.9 0.667000
 4.0 0.667000
 4.1 -0.006000
 4.2 -0.006000
 4.3 0.001000
 4.4 0.005667
 4.5 0.005667
 4.6 0.005667
 4.7 0.005667
 4.8 -0.002333
 4.9 0.009000
 5.0 0.009000
 5.1 0.009000
 5.2 0.009000

ALA 19
 0.0 3.000000
 0.1 3.000000
 0.2 3.000000
 0.3 3.000000
 0.4 3.000000
 0.5 3.000000
 0.6 3.000000
 0.7 3.000000
 0.8 3.000000
 0.9 3.000000
 1.0 3.000000
 1.1 3.000000
 1.2 3.000000
 1.3 3.000000
 1.4 3.000000
 1.5 3.000000
 1.6 3.000000
 1.7 2.666667
 1.8 2.666667
 1.9 2.666667
 2.0 2.666667
 2.1 2.666667
 2.2 2.666667
 2.3 0.857143
 2.4 0.857143
 2.5 0.857143
 2.6 0.857143
 2.7 -0.621455
 2.8 0.000000
 2.9 0.000000
 3.0 0.000000
 3.1 -0.055333
 3.2 -0.055333
 3.3 -0.055333
 3.4 0.762429
 3.5 0.625000
 3.6 0.625000
 3.7 0.625000
 3.8 0.625000
 3.9 0.625000
 4.0 0.625000
 4.1 -0.011667
 4.2 -0.011667
 4.3 0.084000
 4.4 -0.005333
 4.5 -0.005333
 4.6 -0.005333
 4.7 -0.005333
 4.8 0.025000
 4.9 0.008750
 5.0 0.008750
 5.1 0.008750
 5.2 0.008750

ALA 20
 0.0 3.000000
 0.1 3.000000
 0.2 3.000000
 0.3 3.000000
 0.4 3.000000
 0.5 3.000000
 0.6 3.000000
 0.7 3.000000
 0.8 3.000000
 0.9 3.000000
 1.0 3.000000
 1.1 3.000000
 1.2 3.000000
 1.3 3.000000
 1.4 3.000000
 1.5 3.000000
 1.6 3.000000
 1.7 2.000000
 1.8 2.000000
 1.9 2.000000
 2.0 2.000000
 2.1 2.000000
 2.2 2.000000
 2.3 0.857143
 2.4 0.857143
 2.5 0.857143
 2.6 0.857143
 2.7 -0.576000
 2.8 0.111333
 2.9 0.111333
 3.0 0.111333
 3.1 0.055667
 3.2 0.055667
 3.3 0.055667
 3.4 0.833571
 3.5 0.500250
 3.6 0.500250
 3.7 0.500250
 3.8 0.500250
 3.9 0.500250
 4.0 0.500250
 4.1 0.010333
 4.2 0.010333
 4.3 0.001000
 4.4 0.022000
 4.5 0.022000
 4.6 0.022000
 4.7 0.022000
 4.8 0.002833
 4.9 0.000500
 5.0 0.000500
 5.1 0.000500
 5.2 0.000500

ALA 21
 0.0 3.000000
 0.1 3.000000
 0.2 3.000000
 0.3 3.000000
 0.4 3.000000
 0.5 3.000000
 0.6 3.000000
 0.7 3.000000
 0.8 3.000000
 0.9 3.000000
 1.0 3.000000
 1.1 3.000000
 1.2 3.000000
 1.3 3.000000
 1.4 3.000000
 1.5 3.000000
 1.6 3.000000
 1.7 2.333333
 1.8 2.333333
 1.9 2.333333
 2.0 2.333333
 2.1 2.333333
 2.2 2.333333
 2.3 0.785714
 2.4 0.785714
 2.5 0.785714
 2.6 0.785714
 2.7 -0.591182
 2.8 0.055667
 2.9 0.055667
 3.0 0.055667
 3.1 -0.111000
 3.2 -0.111000
 3.3 -0.111000
 3.4 0.833857
 3.5 0.500250
 3.6 0.500250
 3.7 0.500250
 3.8 0.500250
 3.9 0.500250
 4.0 0.500250
 4.1 -0.011667
 4.2 -0.011667
 4.3 -0.083000
 4.4 -0.027667
 4.5 -0.027667
 4.6 -0.027667
 4.7 -0.027667
 4.8 0.005833
 4.9 -0.032750
 5.0 -0.032750
 5.1 -0.032750
 5.2 -0.032750

ALA 22
 0.0 3.000000
 0.1 3.000000
 0.2 3.000000
 0.3 3.000000
 0.4 3.000000
 0.5 3.000000
 0.6 3.000000
 0.7 3.000000
 0.8 3.000000
 0.9 3.000000
 1.0 3.000000
 1.1 3.000000
 1.2 3.000000
 1.3 3.000000
 1.4 3.000000
 1.5 3.000000
 1.6 3.000000
 1.7 2.666667
 1.8 2.666667
 1.9 2.666667
 2.0 2.666667
 2.1 2.666667
 2.2 2.666667
 2.3 0.714286
 2.4 0.714286
 2.5 0.714286
 2.6 0.714286
 2.7 -0.515455
 2.8 -0.167000
 2.9 -0.167000
 3.0 -0.167000
 3.1 0.000000
 3.2 0.000000
 3.3 0.000000
 3.4 0.809857
 3.5 0.458250
 3.6 0.458250
 3.7 0.458250
 3.8 0.458250
 3.9 0.458250
 4.0 0.458250
 4.1 0.021667
 4.2 0.021667
 4.3 0.084000
 4.4 0.033333
 4.5 0.033333
 4.6 0.033333
 4.7 0.033333
 4.8 0.003000
 4.9 0.008750
 5.0 0.008750
 5.1 0.008750
 5.2 0.008750

ALA 23
 0.0 3.000000
 0.1 3.000000
 0.2 3.000000
 0.3 3.000000
 0.4 3.000000
 0.5 3.000000
 0.6 3.000000
 0.7 3.000000
 0.8 3.000000
 0.9 3.000000
 1.0 3.000000
 1.1 3.000000
 1.2 3.000000
 1.3 3.000000
 1.4 3.000000
 1.5 3.000000
 1.6 3.000000
 1.7 2.000000
 1.8 2.000000
 1.9 2.000000
 2.0 2.000000
 2.1 2.000000
 2.2 2.000000
 2.3 0.714286
 2.4 0.714286
 2.5 0.714286
 2.6 0.714286
 2.7 -0.682091
 2.8 -0.027833
 2.9 -0.027833
 3.0 -0.027833
 3.1 0.000000
 3.2 0.000000
 3.3 0.000000
 3.4 0.833714
 3.5 0.334000
 3.6 0.334000
 3.7 0.334000
 3.8 0.334000
 3.9 0.334000
 4.0 0.334000
 4.1 0.033000
 4.2 0.033000
 4.3 0.017000
 4.4 0.028000
 4.5 0.028000
 4.6 0.028000
 4.7 0.028000
 4.8 0.080667
 4.9 0.025500
 5.0 0.025500
 5.1 0.025500
 5.2 0.025500

ALA 24
 0.0 3.000000
 0.1 3.000000
 0.2 3.000000
 0.3 3.000000
 0.4 3.000000
 0.5 3.000000
 0.6 3.000000
 0.7 3.000000
 0.8 3.000000
 0.9 3.000000
 1.0 3.000000
 1.1 3.000000
 1.2 3.000000
 1.3 3.000000
 1.4 3.000000
 1.5 3.000000
 1.6 3.000000
 1.7 2.666667
 1.8 2.666667
 1.9 2.666667
 2.0 2.666667
 2.1 2.666667
 2.2 2.666667
 2.3 1.357143
 2.4 1.357143
 2.5 1.357143
 2.6 1.357143
 2.7 -0.091000
 2.8 0.194833
 2.9 0.194833
 3.0 0.194833
 3.1 -0.055667
 3.2 -0.055667
 3.3 -0.055667
 3.4 0.595286
 3.5 0.416500
 3.6 0.416500
 3.7 0.416500
 3.8 0.416500
 3.9 0.416500
 4.0 0.416500
 4.1 0.160667
 4.2 0.160667
 4.3 0.283000
 4.4 0.366667
 4.5 0.366667
 4.6 0.366667
 4.7 0.366667
 4.8 0.291667
 4.9 -0.041000
 5.0 -0.041000
 5.1 -0.041000
 5.2 -0.041000

ALA 25
 0.0 3.000000
 0.1 3.000000
 0.2 3.000000
 0.3 3.000000
 0.4 3.000000
 0.5 3.000000
 0.6 3.000000
 0.7 3.000000
 0.8 3.000000
 0.9 3.000000
 1.0 3.000000
 1.1 3.000000
 1.2 3.000000
 1.3 3.000000
 1.4 3.000000
 1.5 3.000000
 1.6 3.000000
 1.7 2.833333
 1.8 2.833333
 1.9 2.833333
 2.0 2.833333
 2.1 2.833333
 2.2 2.833333
 2.3 1.357143
 2.4 1.357143
 2.5 1.357143
 2.6 1.357143
 2.7 -0.000182
 2.8 0.527833
 2.9 0.527833
 3.0 0.527833
 3.1 0.222333
 3.2 0.222333
 3.3 0.222333
 3.4 0.309857
 3.5 -0.249500
 3.6 -0.249500
 3.7 -0.249500
 3.8 -0.249500
 3.9 -0.249500
 4.0 -0.249500
 4.1 -0.460667
 4.2 -0.460667
 4.3 -0.283000
 4.4 -0.244000
 4.5 -0.244000
 4.6 -0.244000
 4.7 -0.244000
 4.8 -0.224833
 4.9 0.058000
 5.0 0.058000
 5.1 0.058000
 5.2 0.058000

ALA 26
 0.0 3.000000
 0.1 3.000000
 0.2 3.000000
 0.3 3.000000
 0.4 3.000000
 0.5 3.000000
 0.6 3.000000
 0.7 3.000000
 0.8 3.000000
 0.9 3.000000
 1.0 3.000000
 1.1 3.000000
 1.2 3.000000
 1.3 3.000000
 1.4 3.000000
 1.5 3.000000
 1.6 3.000000
 1.7 2.500000
 1.8 2.500000
 1.9 2.500000
 2.0 2.500000
 2.1 2.500000
 2.2 2.500000
 2.3 1.928571
 2.4 1.928571
 2.5 1.928571
 2.6 1.928571
 2.7 1.000000
 2.8 0.722667
 2.9 0.722667
 3.0 0.722667
 3.1 0.833333
 3.2 0.833333
 3.3 0.833333
 3.4 0.666000
 3.5 0.333000
 3.6 0.333000
 3.7 0.333000
 3.8 0.333000
 3.9 0.333000
 4.0 0.333000
 4.1 0.488667
 4.2 0.488667
 4.3 0.483000
 4.4 0.472333
 4.5 0.472333
 4.6 0.472333
 4.7 0.472333
 4.8 0.519333
 4.9 0.399500
 5.0 0.399500
 5.1 0.399500
 5.2 0.399500

