ATOMS
N -6.071 -8.536 -9.758
O -3.545 -6.647 -8.762

N -4.277 -6.405 -10.880
O -3.752 -3.735 -8.999

N -5.756 -3.940 -10.010
O -5.597 -3.142 -6.803

N -6.895 -4.887 -7.398
O -4.797 -5.179 -4.857

N -4.706 -6.731 -6.489
O -1.920 -5.332 -5.384

N -2.306 -5.312 -7.605
O -1.346 -2.543 -6.071

N -3.199 -2.457 -7.351
O -3.229 -1.153 -4.311

N -4.848 -2.626 -4.847
O -3.215 -2.935 -1.987

N -3.328 -4.733 -3.340
O -0.431 -3.843 -2.016

N -0.529 -4.135 -4.248
O 0.915 -1.434 -2.998

N -0.687 -1.152 -4.559
O -0.748 0.649 -1.785

N -2.613 -0.480 -2.355
O -1.469 -0.638 0.745

N -1.875 -2.575 -0.334
O 0.973 -2.157 1.296

N 1.072 -2.816 -0.857
O 2.997 -0.344 0.204

N 1.720 0.016 -1.618
O 1.788 2.251 0.819

N -0.221 1.502 0.126
O 0.463 1.644 3.359

N -0.291 -0.308 2.522
O 2.352 -0.275 4.511

N 2.538 -1.316 2.521
O 4.888 0.792 3.508

N 3.974 1.104 1.471
O 4.318 3.664 3.537

N 2.282 3.289 2.646
O 2.586 3.849 5.892

N 1.465 2.007 5.236
O 3.769 1.785 7.598

N 3.921 0.387 5.836
O 6.596 2.035 6.873

N 6.043 2.178 4.692
O 6.779 4.918 6.392

N 4.837 4.871 5.249
O 4.882 5.921 8.386

N 3.414 4.302 7.832
O 5.284 3.981 10.542

N 5.285 2.292 9.049
O 8.107 3.389 10.293

EDGES
1 3 3.003079
1 5 4.613669
1 7 4.423096
1 9 3.975879
2 3 2.253955
2 4 2.928952
2 5 3.711317
2 6 4.509258
2 7 4.022511
2 8 4.355635
2 9 2.553724
2 10 3.972497
2 11 2.157775
2 13 4.434719
3 5 3.003426
3 7 4.613304
3 9 4.423935
3 11 3.975565
4 5 2.253921
4 6 2.928838
4 7 3.710627
4 8 4.509249
4 9 4.023212
4 10 4.356014
4 11 2.553641
4 12 3.972768
4 13 2.157544
4 15 4.435110
5 7 3.002778
5 9 4.614068
5 11 4.423676
5 13 3.975905
6 7 2.254740
6 8 2.928529
6 9 3.711253
6 10 4.508879
6 11 4.022783
6 12 4.354954
6 13 2.553416
6 14 3.971600
6 15 2.157126
6 17 4.435314
7 9 3.003055
7 11 4.613285
7 13 4.423520
7 15 3.976170
8 9 2.253976
8 10 2.928868
8 11 3.711371
8 12 4.509068
8 13 4.022801
8 14 4.354930
8 15 2.553529
8 16 3.971796
8 17 2.158278
8 19 4.435836
9 11 3.003168
9 13 4.613152
9 15 4.423500
9 17 3.975813
10 11 2.254382
10 12 2.929158
10 13 3.710870
10 14 4.508753
10 15 4.022933
10 16 4.354566
10 17 2.553273
10 18 3.972111
10 19 2.158283
10 21 4.435461
11 13 3.002164
11 15 4.613342
11 17 4.423794
11 19 3.976494
12 13 2.253754
12 14 2.928377
12 15 3.710670
12 16 4.508423
12 17 4.022783
12 18 4.355485
12 19 2.554463
12 20 3.973076
12 21 2.157616
12 23 4.435078
13 15 3.002962
13 17 4.613560
13 19 4.424160
13 21 3.975982
14 15 2.253483
14 16 2.928600
14 17 3.710666
14 18 4.509094
14 19 4.023219
14 20 4.356107
14 21 2.554069
14 22 3.972813
14 23 2.158314
14 25 4.435305
15 17 3.003481
15 19 4.614070
15 21 4.423747
15 23 3.976255
16 17 2.253038
16 18 2.928474
16 19 3.710353
16 20 4.509104
16 21 4.023066
16 22 4.355680
16 23 2.554379
16 24 3.973481
16 25 2.158149
16 27 4.435023
17 19 3.002744
17 21 4.613502
17 23 4.423738
17 25 3.975451
18 19 2.253152
18 20 2.929048
18 21 3.711316
18 22 4.509092
18 23 4.023160
18 24 4.355754
18 25 2.553837
18 26 3.972802
18 27 2.158013
18 29 4.435886
19 21 3.003327
19 23 4.613624
19 25 4.423202
19 27 3.975153
20 21 2.254473
20 22 2.928451
20 23 3.710842
20 24 4.508561
20 25 4.022795
20 26 4.354828
20 27 2.553126
20 28 3.971854
20 29 2.157528
20 31 4.435084
21 23 3.003111
21 25 4.613773
21 27 4.423548
21 29 3.975846
22 23 2.253390
22 24 2.928670
22 25 3.710755
22 26 4.508663
22 27 4.022413
22 28 4.355134
22 29 2.553351
22 30 3.972218
22 31 2.158068
22 33 4.435645
23 25 3.003017
23 27 4.613039
23 29 4.423129
23 31 3.975594
24 25 2.254118
24 26 2.928195
24 27 3.710360
24 28 4.508245
24 29 4.022587
24 30 4.354291
24 31 2.553481
24 32 3.971542
24 33 2.157386
24 35 4.435077
25 27 3.002735
25 29 4.613671
25 31 4.423714
25 33 3.975560
26 27 2.253773
26 28 2.928482
26 29 3.710975
26 30 4.508017
26 31 4.022787
26 32 4.354730
26 33 2.553345
26 34 3.972378
26 35 2.158039
26 37 4.435172
27 29 3.003206
27 31 4.613379
27 33 4.423288
27 35 3.976184
28 29 2.253888
28 30 2.928128
28 31 3.710704
28 32 4.508583
28 33 4.023104
28 34 4.355575
28 35 2.554203
28 36 3.972756
28 37 2.157898
28 39 4.435457
29 31 3.002867
29 33 4.613968
29 35 4.424327
29 37 3.975699
30 31 2.253293
30 32 2.928425
30 33 3.710921
30 34 4.508840
30 35 4.022784
30 36 4.355388
30 37 2.553294
30 38 3.973033
30 39 2.158566
30 41 4.435511
31 33 3.003634
31 35 4.614025
31 37 4.423285
31 39 3.976025
32 33 2.253750
32 34 2.928820
32 35 3.710724
32 36 4.508739
32 37 4.022843
32 38 4.355813
32 39 2.554047
32 40 3.973065
32 41 2.158449
32 43 4.435464
33 35 3.003216
33 37 4.613954
33 39 4.424264
33 41 3.975998
34 35 2.253525
34 36 2.928446
34 37 3.711351
34 38 4.508831
34 39 4.023086
34 40 4.355375
34 41 2.553413
34 42 3.972538
34 43 2.157691
34 45 4.435476
35 37 3.003497
35 39 4.613804
35 41 4.423221
35 43 3.975188
36 37 2.254353
36 38 2.928161
36 39 3.710699
36 40 4.508648
36 41 4.022330
36 42 4.355033
36 43 2.553174
36 44 3.973102
36 45 2.157980
36 47 4.435304
37 39 3.002951
37 41 4.613644
37 43 4.423813
37 45 3.976063
38 39 2.253842
38 40 2.929176
38 41 3.711046
38 42 4.508188
38 43 4.022653
38 44 4.355665
38 45 2.553007
38 46 3.972413
38 47 2.158044
38 49 4.435232
39 41 3.003184
39 43 4.613461
39 45 4.423297
39 47 3.975721
40 41 2.253872
40 42 2.927460
40 43 3.710904
40 44 4.509219
40 45 4.022821
40 46 4.355917
40 47 2.554395
40 48 3.973013
40 49 2.157404
40 51 4.435707
41 43 3.002721
41 45 4.613378
41 47 4.424144
41 49 3.975530
42 43 2.254363
42 44 2.929173
42 45 3.710844
42 46 4.508905
42 47 4.022663
42 48 4.355021
42 49 2.552659
42 50 3.973006
42 51 2.158867
43 45 3.003215
43 47 4.614096
43 49 4.423606
43 51 3.976542
44 45 2.254555
44 46 2.928573
44 47 3.711382
44 48 4.508654
44 49 4.022946
44 50 4.355436
44 51 2.553379
44 52 3.976536
45 47 3.002821
45 49 4.613309
45 51 4.423913
46 47 2.253890
46 48 2.929275
46 49 3.711641
46 50 4.509489
46 51 4.023377
46 52 4.395364
47 49 3.003428
47 51 4.614320
48 49 2.254573
48 50 2.928061
48 51 3.711013
48 52 4.521979
49 51 3.003636
50 51 2.254278
50 52 2.895133

RESIDUES
ALA 1
 0.0 2.000000
 0.1 2.000000
 0.2 2.000000
 0.3 2.000000
 0.4 2.000000
 0.5 2.000000
 0.6 2.000000
 0.7 2.000000
 0.8 2.000000
 0.9 2.000000
 1.0 2.000000
 1.1 2.000000
 1.2 2.000000
 1.3 2.000000
 1.4 2.000000
 1.5 2.000000
 1.6 2.000000
 1.7 2.000000
 1.8 2.000000
 1.9 1.666667
 2.0 1.500000
 2.1 1.416667
 2.2 1.416667
 2.3 1.321429
 2.4 1.176471
 2.5 0.947368
 2.6 0.738095
 2.7 0.567852
 2.8 0.414634
 2.9 0.357143
 3.0 0.357143
 3.1 0.357143
 3.2 0.273564
 3.3 0.222333
 3.4 0.222333
 3.5 0.273714
 3.6 0.277667
 3.7 0.218511
 3.8 0.145875
 3.9 0.141700
 4.0 0.097853
 4.1 0.089209
 4.2 0.123369
 4.3 0.185289
 4.4 0.204352
 4.5 0.205308
 4.6 0.214898

ALA 2
 0.0 2.000000
 0.1 2.000000
 0.2 2.000000
 0.3 2.000000
 0.4 2.000000
 0.5 2.000000
 0.6 2.000000
 0.7 2.000000
 0.8 2.000000
 0.9 2.000000
 1.0 2.000000
 1.1 2.000000
 1.2 2.000000
 1.3 2.000000
 1.4 2.000000
 1.5 2.000000
 1.6 2.000000
 1.7 2.000000
 1.8 2.000000
 1.9 1.666667
 2.0 1.388889
 2.1 1.250000
 2.2 1.250000
 2.3 1.107143
 2.4 0.882353
 2.5 0.526316
 2.6 0.238095
 2.7 0.043259
 2.8 -0.247927
 2.9 -0.333286
 3.0 -0.333286
 3.1 -0.333286
 3.2 -0.538436
 3.3 -0.666667
 3.4 -0.666667
 3.5 -0.464500
 3.6 -0.444667
 3.7 -0.374244
 3.8 -0.288187
 3.9 -0.283300
 4.0 -0.222107
 4.1 -0.188779
 4.2 -0.118338
 4.3 -0.029368
 4.4 0.000469
 4.5 0.002462
 4.6 0.011153

ALA 3
 0.0 2.000000
 0.1 2.000000
 0.2 2.000000
 0.3 2.000000
 0.4 2.000000
 0.5 2.000000
 0.6 2.000000
 0.7 2.000000
 0.8 2.000000
 0.9 2.000000
 1.0 2.000000
 1.1 2.000000
 1.2 2.000000
 1.3 2.000000
 1.4 2.000000
 1.5 2.000000
 1.6 2.000000
 1.7 2.000000
 1.8 2.000000
 1.9 1.500000
 2.0 1.333333
 2.1 1.250000
 2.2 1.250000
 2.3 1.071429
 2.4 0.838235
 2.5 0.473684
 2.6 0.000000
 2.7 -0.049333
 2.8 -0.325122
 2.9 -0.380857
 3.0 -0.380857
 3.1 -0.380857
 3.2 -0.623821
 3.3 -0.777667
 3.4 -0.777667
 3.5 -0.357143
 3.6 -0.333333
 3.7 -0.255622
 3.8 -0.149354
 3.9 -0.141700
 4.0 -0.068933
 4.1 -0.011628
 4.2 0.065662
 4.3 0.130211
 4.4 0.133375
 4.5 0.133308
 4.6 0.127068

ALA 4
 0.0 2.000000
 0.1 2.000000
 0.2 2.000000
 0.3 2.000000
 0.4 2.000000
 0.5 2.000000
 0.6 2.000000
 0.7 2.000000
 0.8 2.000000
 0.9 2.000000
 1.0 2.000000
 1.1 2.000000
 1.2 2.000000
 1.3 2.000000
 1.4 2.000000
 1.5 2.000000
 1.6 2.000000
 1.7 2.000000
 1.8 2.000000
 1.9 1.666667
 2.0 1.444444
 2.1 1.333333
 2.2 1.333333
 2.3 1.178571
 2.4 0.955882
 2.5 0.605263
 2.6 0.238095
 2.7 0.043259
 2.8 -0.288537
 2.9 -0.380857
 3.0 -0.380857
 3.1 -0.380857
 3.2 -0.623821
 3.3 -0.777667
 3.4 -0.777667
 3.5 -0.357143
 3.6 -0.333333
 3.7 -0.255622
 3.8 -0.149354
 3.9 -0.141700
 4.0 -0.068933
 4.1 -0.011628
 4.2 0.031708
 4.3 0.045509
 4.4 0.040086
 4.5 0.039769
 4.6 0.024017

ALA 5
 0.0 2.000000
 0.1 2.000000
 0.2 2.000000
 0.3 2.000000
 0.4 2.000000
 0.5 2.000000
 0.6 2.000000
 0.7 2.000000
 0.8 2.000000
 0.9 2.000000
 1.0 2.000000
 1.1 2.000000
 1.2 2.000000
 1.3 2.000000
 1.4 2.000000
 1.5 2.000000
 1.6 2.000000
 1.7 2.000000
 1.8 2.000000
 1.9 1.666667
 2.0 1.388889
 2.1 1.250000
 2.2 1.250000
 2.3 1.035714
 2.4 0.735294
 2.5 0.263158
 2.6 -0.261905
 2.7 -0.456741
 2.8 -0.707317
 2.9 -0.785714
 3.0 -0.785714
 3.1 -0.785714
 3.2 -0.953051
 3.3 -1.055667
 3.4 -1.055667
 3.5 -0.524143
 3.6 -0.500333
 3.7 -0.544622
 3.8 -0.604146
 3.9 -0.608300
 4.0 -0.635400
 4.1 -0.602523
 4.2 -0.348331
 4.3 -0.021088
 4.4 0.008703
 4.5 0.007692
 4.6 0.048000

ALA 6
 0.0 2.000000
 0.1 2.000000
 0.2 2.000000
 0.3 2.000000
 0.4 2.000000
 0.5 2.000000
 0.6 2.000000
 0.7 2.000000
 0.8 2.000000
 0.9 2.000000
 1.0 2.000000
 1.1 2.000000
 1.2 2.000000
 1.3 2.000000
 1.4 2.000000
 1.5 2.000000
 1.6 2.000000
 1.7 2.000000
 1.8 2.000000
 1.9 1.333333
 2.0 1.000000
 2.1 0.833333
 2.2 0.833333
 2.3 0.642857
 2.4 0.352941
 2.5 -0.105263
 2.6 -0.523810
 2.7 -0.839556
 2.8 -0.967439
 2.9 -1.047571
 3.0 -1.047571
 3.1 -1.047571
 3.2 -1.055410
 3.3 -1.055333
 3.4 -1.055333
 3.5 -0.357143
 3.6 -0.333333
 3.7 -0.200022
 3.8 -0.069479
 3.9 -0.066700
 4.0 0.031067
 4.1 0.048430
 4.2 0.028869
 4.3 -0.003193
 4.4 -0.003930
 4.5 -0.004000
 4.6 -0.010068

ALA 7
 0.0 2.000000
 0.1 2.000000
 0.2 2.000000
 0.3 2.000000
 0.4 2.000000
 0.5 2.000000
 0.6 2.000000
 0.7 2.000000
 0.8 2.000000
 0.9 2.000000
 1.0 2.000000
 1.1 2.000000
 1.2 2.000000
 1.3 2.000000
 1.4 2.000000
 1.5 2.000000
 1.6 2.000000
 1.7 2.000000
 1.8 2.000000
 1.9 1.333333
 2.0 0.944444
 2.1 0.750000
 2.2 0.750000
 2.3 0.535714
 2.4 0.205882
 2.5 -0.315789
 2.6 -0.761905
 2.7 -0.932148
 2.8 -1.004024
 2.9 -1.047571
 3.0 -1.047571
 3.1 -1.047571
 3.2 -1.055410
 3.3 -1.055333
 3.4 -1.055333
 3.5 -0.357143
 3.6 -0.333333
 3.7 -0.233356
 3.8 -0.121562
 3.9 -0.116700
 4.0 -0.035600
 4.1 -0.019419
 4.2 -0.013831
 4.3 0.005877
 4.4 0.003898
 4.5 0.003692
 4.6 0.004068

ALA 8
 0.0 2.000000
 0.1 2.000000
 0.2 2.000000
 0.3 2.000000
 0.4 2.000000
 0.5 2.000000
 0.6 2.000000
 0.7 2.000000
 0.8 2.000000
 0.9 2.000000
 1.0 2.000000
 1.1 2.000000
 1.2 2.000000
 1.3 2.000000
 1.4 2.000000
 1.5 2.000000
 1.6 2.000000
 1.7 2.000000
 1.8 2.000000
 1.9 1.166667
 2.0 0.777778
 2.1 0.583333
 2.2 0.583333
 2.3 0.428571
 2.4 0.161765
 2.5 -0.263158
 2.6 -0.523810
 2.7 -0.839556
 2.8 -0.947195
 2.9 -1.023857
 3.0 -1.023857
 3.1 -1.023857
 3.2 -1.012846
 3.3 -1.000000
 3.4 -1.000000
 3.5 -0.297500
 3.6 -0.277667
 3.7 -0.151844
 3.8 -0.034792
 3.9 -0.033400
 4.0 0.055427
 4.1 0.048372
 4.2 0.008638
 4.3 -0.034912
 4.4 -0.031938
 4.5 -0.031538
 4.6 -0.029119

ALA 9
 0.0 2.000000
 0.1 2.000000
 0.2 2.000000
 0.3 2.000000
 0.4 2.000000
 0.5 2.000000
 0.6 2.000000
 0.7 2.000000
 0.8 2.000000
 0.9 2.000000
 1.0 2.000000
 1.1 2.000000
 1.2 2.000000
 1.3 2.000000
 1.4 2.000000
 1.5 2.000000
 1.6 2.000000
 1.7 2.000000
 1.8 2.000000
 1.9 1.333333
 2.0 0.888889
 2.1 0.666667
 2.2 0.666667
 2.3 0.464286
 2.4 0.132353
 2.5 -0.394737
 2.6 -0.761905
 2.7 -0.932148
 2.8 -0.983780
 2.9 -1.023857
 3.0 -1.023857
 3.1 -1.023857
 3.2 -1.012846
 3.3 -1.000000
 3.4 -1.000000
 3.5 -0.119286
 3.6 -0.111333
 3.7 -0.052022
 3.8 -0.000104
 3.9 -0.000100
 4.0 0.039947
 4.1 0.033895
 4.2 0.009915
 4.3 -0.021842
 4.4 -0.018820
 4.5 -0.018462
 4.6 -0.017525

ALA 10
 0.0 2.000000
 0.1 2.000000
 0.2 2.000000
 0.3 2.000000
 0.4 2.000000
 0.5 2.000000
 0.6 2.000000
 0.7 2.000000
 0.8 2.000000
 0.9 2.000000
 1.0 2.000000
 1.1 2.000000
 1.2 2.000000
 1.3 2.000000
 1.4 2.000000
 1.5 2.000000
 1.6 2.000000
 1.7 2.000000
 1.8 2.000000
 1.9 1.333333
 2.0 0.944444
 2.1 0.750000
 2.2 0.750000
 2.3 0.535714
 2.4 0.205882
 2.5 -0.315789
 2.6 -0.761905
 2.7 -0.932148
 2.8 -0.983780
 2.9 -1.023857
 3.0 -1.023857
 3.1 -1.023857
 3.2 -1.012846
 3.3 -1.000000
 3.4 -1.000000
 3.5 -0.297500
 3.6 -0.277667
 3.7 -0.185111
 3.8 -0.079854
 3.9 -0.075000
 4.0 -0.000040
 4.1 0.004826
 4.2 -0.004192
 4.3 -0.000623
 4.4 -0.001164
 4.5 -0.001000
 4.6 0.001712

ALA 11
 0.0 2.000000
 0.1 2.000000
 0.2 2.000000
 0.3 2.000000
 0.4 2.000000
 0.5 2.000000
 0.6 2.000000
 0.7 2.000000
 0.8 2.000000
 0.9 2.000000
 1.0 2.000000
 1.1 2.000000
 1.2 2.000000
 1.3 2.000000
 1.4 2.000000
 1.5 2.000000
 1.6 2.000000
 1.7 2.000000
 1.8 2.000000
 1.9 1.333333
 2.0 0.944444
 2.1 0.750000
 2.2 0.750000
 2.3 0.535714
 2.4 0.205882
 2.5 -0.315789
 2.6 -0.761905
 2.7 -0.882815
 2.8 -0.943171
 2.9 -0.976286
 3.0 -0.976286
 3.1 -0.976286
 3.2 -0.987231
 3.3 -1.000000
 3.4 -1.000000
 3.5 -0.357143
 3.6 -0.333333
 3.7 -0.233356
 3.8 -0.093812
 3.9 -0.083400
 4.0 0.008800
 4.1 0.024128
 4.2 0.014838
 4.3 0.013237
 4.4 0.005320
 4.5 0.005385
 4.6 0.003119

ALA 12
 0.0 2.000000
 0.1 2.000000
 0.2 2.000000
 0.3 2.000000
 0.4 2.000000
 0.5 2.000000
 0.6 2.000000
 0.7 2.000000
 0.8 2.000000
 0.9 2.000000
 1.0 2.000000
 1.1 2.000000
 1.2 2.000000
 1.3 2.000000
 1.4 2.000000
 1.5 2.000000
 1.6 2.000000
 1.7 2.000000
 1.8 2.000000
 1.9 1.166667
 2.0 0.833333
 2.1 0.666667
 2.2 0.666667
 2.3 0.464286
 2.4 0.161765
 2.5 -0.315789
 2.6 -0.761905
 2.7 -0.932148
 2.8 -1.024390
 2.9 -1.071429
 3.0 -1.071429
 3.1 -1.071429
 3.2 -1.098231
 3.3 -1.111000
 3.4 -1.111000
 3.5 -0.297500
 3.6 -0.277667
 3.7 -0.196244
 3.8 -0.097250
 3.9 -0.091700
 4.0 -0.022307
 4.1 0.004767
 4.2 0.010231
 4.3 0.002184
 4.4 0.000141
 4.5 0.000154
 4.6 -0.008305

ALA 13
 0.0 2.000000
 0.1 2.000000
 0.2 2.000000
 0.3 2.000000
 0.4 2.000000
 0.5 2.000000
 0.6 2.000000
 0.7 2.000000
 0.8 2.000000
 0.9 2.000000
 1.0 2.000000
 1.1 2.000000
 1.2 2.000000
 1.3 2.000000
 1.4 2.000000
 1.5 2.000000
 1.6 2.000000
 1.7 2.000000
 1.8 2.000000
 1.9 1.333333
 2.0 1.000000
 2.1 0.833333
 2.2 0.833333
 2.3 0.607143
 2.4 0.279412
 2.5 -0.236842
 2.6 -0.761905
 2.7 -0.907407
 2.8 -0.963415
 2.9 -1.000000
 3.0 -1.000000
 3.1 -1.000000
 3.2 -1.000000
 3.3 -1.000000
 3.4 -1.000000
 3.5 -0.119286
 3.6 -0.111333
 3.7 -0.096422
 3.8 -0.062563
 3.9 -0.058400
 4.0 -0.037787
 4.1 -0.019360
 4.2 0.000569
 4.3 0.025693
 4.4 0.019953
 4.5 0.019538
 4.6 0.015864

ALA 14
 0.0 2.000000
 0.1 2.000000
 0.2 2.000000
 0.3 2.000000
 0.4 2.000000
 0.5 2.000000
 0.6 2.000000
 0.7 2.000000
 0.8 2.000000
 0.9 2.000000
 1.0 2.000000
 1.1 2.000000
 1.2 2.000000
 1.3 2.000000
 1.4 2.000000
 1.5 2.000000
 1.6 2.000000
 1.7 2.000000
 1.8 2.000000
 1.9 1.333333
 2.0 1.000000
 2.1 0.833333
 2.2 0.833333
 2.3 0.607143
 2.4 0.279412
 2.5 -0.236842
 2.6 -0.761905
 2.7 -0.956741
 2.8 -1.004024
 2.9 -1.047571
 3.0 -1.047571
 3.1 -1.047571
 3.2 -1.025615
 3.3 -1.000000
 3.4 -1.000000
 3.5 -0.297500
 3.6 -0.277667
 3.7 -0.207311
 3.8 -0.093708
 3.9 -0.083300
 4.0 -0.011107
 4.1 0.004826
 4.2 0.011508
 4.3 0.021921
 4.4 0.010734
 4.5 0.010462
 4.6 0.008712

ALA 15
 0.0 2.000000
 0.1 2.000000
 0.2 2.000000
 0.3 2.000000
 0.4 2.000000
 0.5 2.000000
 0.6 2.000000
 0.7 2.000000
 0.8 2.000000
 0.9 2.000000
 1.0 2.000000
 1.1 2.000000
 1.2 2.000000
 1.3 2.000000
 1.4 2.000000
 1.5 2.000000
 1.6 2.000000
 1.7 2.000000
 1.8 2.000000
 1.9 1.500000
 2.0 1.055556
 2.1 0.833333
 2.2 0.833333
 2.3 0.571429
 2.4 0.176471
 2.5 -0.447368
 2.6 -1.000000
 2.7 -1.000000
 2.8 -1.000000
 2.9 -1.000000
 3.0 -1.000000
 3.1 -1.000000
 3.2 -1.000000
 3.3 -1.000000
 3.4 -1.000000
 3.5 -0.357143
 3.6 -0.333333
 3.7 -0.211156
 3.8 -0.079958
 3.9 -0.075100
 4.0 0.019867
 4.1 0.028953
 4.2 0.012131
 4.3 -0.019746
 4.4 -0.020023
 4.5 -0.019769
 4.6 -0.021780

ALA 16
 0.0 2.000000
 0.1 2.000000
 0.2 2.000000
 0.3 2.000000
 0.4 2.000000
 0.5 2.000000
 0.6 2.000000
 0.7 2.000000
 0.8 2.000000
 0.9 2.000000
 1.0 2.000000
 1.1 2.000000
 1.2 2.000000
 1.3 2.000000
 1.4 2.000000
 1.5 2.000000
 1.6 2.000000
 1.7 2.000000
 1.8 2.000000
 1.9 1.333333
 2.0 0.944444
 2.1 0.750000
 2.2 0.750000
 2.3 0.535714
 2.4 0.205882
 2.5 -0.315789
 2.6 -0.761905
 2.7 -0.932148
 2.8 -0.963415
 2.9 -1.000000
 3.0 -1.000000
 3.1 -1.000000
 3.2 -0.970026
 3.3 -0.944333
 3.4 -0.944333
 3.5 -0.357143
 3.6 -0.333333
 3.7 -0.211156
 3.8 -0.086875
 3.9 -0.083400
 4.0 0.008800
 4.1 0.009593
 4.2 0.004585
 4.3 0.001491
 4.4 0.000344
 4.5 0.000231
 4.6 0.005915

ALA 17
 0.0 2.000000
 0.1 2.000000
 0.2 2.000000
 0.3 2.000000
 0.4 2.000000
 0.5 2.000000
 0.6 2.000000
 0.7 2.000000
 0.8 2.000000
 0.9 2.000000
 1.0 2.000000
 1.1 2.000000
 1.2 2.000000
 1.3 2.000000
 1.4 2.000000
 1.5 2.000000
 1.6 2.000000
 1.7 2.000000
 1.8 2.000000
 1.9 1.166667
 2.0 0.888889
 2.1 0.750000
 2.2 0.750000
 2.3 0.500000
 2.4 0.161765
 2.5 -0.368421
 2.6 -1.000000
 2.7 -0.975407
 2.8 -0.959390
 2.9 -0.952429
 3.0 -0.952429
 3.1 -0.952429
 3.2 -0.944410
 3.3 -0.944333
 3.4 -0.944333
 3.5 -0.357143
 3.6 -0.333333
 3.7 -0.188956
 3.8 -0.045271
 3.9 -0.041800
 4.0 0.064267
 4.1 0.053140
 4.2 0.016085
 4.3 -0.013868
 4.4 -0.013453
 4.5 -0.013154
 4.6 -0.006017

ALA 18
 0.0 2.000000
 0.1 2.000000
 0.2 2.000000
 0.3 2.000000
 0.4 2.000000
 0.5 2.000000
 0.6 2.000000
 0.7 2.000000
 0.8 2.000000
 0.9 2.000000
 1.0 2.000000
 1.1 2.000000
 1.2 2.000000
 1.3 2.000000
 1.4 2.000000
 1.5 2.000000
 1.6 2.000000
 1.7 2.000000
 1.8 2.000000
 1.9 1.333333
 2.0 1.000000
 2.1 0.833333
 2.2 0.833333
 2.3 0.607143
 2.4 0.279412
 2.5 -0.236842
 2.6 -0.761905
 2.7 -0.907407
 2.8 -0.963415
 2.9 -1.000000
 3.0 -1.000000
 3.1 -1.000000
 3.2 -1.000000
 3.3 -1.000000
 3.4 -1.000000
 3.5 -0.357143
 3.6 -0.333333
 3.7 -0.211089
 3.8 -0.059021
 3.9 -0.050000
 4.0 0.053333
 4.1 0.058140
 4.2 0.032338
 4.3 0.007360
 4.4 0.000789
 4.5 0.001000
 4.6 0.001102

ALA 19
 0.0 2.000000
 0.1 2.000000
 0.2 2.000000
 0.3 2.000000
 0.4 2.000000
 0.5 2.000000
 0.6 2.000000
 0.7 2.000000
 0.8 2.000000
 0.9 2.000000
 1.0 2.000000
 1.1 2.000000
 1.2 2.000000
 1.3 2.000000
 1.4 2.000000
 1.5 2.000000
 1.6 2.000000
 1.7 2.000000
 1.8 2.000000
 1.9 1.333333
 2.0 1.000000
 2.1 0.833333
 2.2 0.833333
 2.3 0.571429
 2.4 0.205882
 2.5 -0.368421
 2.6 -1.000000
 2.7 -0.975407
 2.8 -0.979756
 2.9 -0.976286
 3.0 -0.976286
 3.1 -0.976286
 3.2 -0.987231
 3.3 -1.000000
 3.4 -1.000000
 3.5 -0.357143
 3.6 -0.333333
 3.7 -0.233356
 3.8 -0.114646
 3.9 -0.108400
 4.0 -0.024533
 4.1 -0.014651
 4.2 -0.009438
 4.3 -0.016851
 4.4 -0.015477
 4.5 -0.015077
 4.6 -0.013763

ALA 20
 0.0 2.000000
 0.1 2.000000
 0.2 2.000000
 0.3 2.000000
 0.4 2.000000
 0.5 2.000000
 0.6 2.000000
 0.7 2.000000
 0.8 2.000000
 0.9 2.000000
 1.0 2.000000
 1.1 2.000000
 1.2 2.000000
 1.3 2.000000
 1.4 2.000000
 1.5 2.000000
 1.6 2.000000
 1.7 2.000000
 1.8 2.000000
 1.9 1.333333
 2.0 1.000000
 2.1 0.833333
 2.2 0.833333
 2.3 0.642857
 2.4 0.352941
 2.5 -0.105263
 2.6 -0.523810
 2.7 -0.814963
 2.8 -0.926951
 2.9 -1.000143
 3.0 -1.000143
 3.1 -1.000143
 3.2 -1.000077
 3.3 -1.000000
 3.4 -1.000000
 3.5 -0.357143
 3.6 -0.333333
 3.7 -0.222222
 3.8 -0.097250
 3.9 -0.091700
 4.0 -0.002267
 4.1 0.009651
 4.2 0.017515
 4.3 0.029904
 4.4 0.025039
 4.5 0.024692
 4.6 0.027203

ALA 21
 0.0 2.000000
 0.1 2.000000
 0.2 2.000000
 0.3 2.000000
 0.4 2.000000
 0.5 2.000000
 0.6 2.000000
 0.7 2.000000
 0.8 2.000000
 0.9 2.000000
 1.0 2.000000
 1.1 2.000000
 1.2 2.000000
 1.3 2.000000
 1.4 2.000000
 1.5 2.000000
 1.6 2.000000
 1.7 2.000000
 1.8 2.000000
 1.9 1.500000
 2.0 1.111111
 2.1 0.916667
 2.2 0.916667
 2.3 0.642857
 2.4 0.250000
 2.5 -0.368421
 2.6 -1.000000
 2.7 -1.049481
 2.8 -1.081341
 2.9 -1.095286
 3.0 -1.095286
 3.1 -1.095286
 3.2 -1.111077
 3.3 -1.111000
 3.4 -1.111000
 3.5 -0.357143
 3.6 -0.333333
 3.7 -0.244422
 3.8 -0.111104
 3.9 -0.100000
 4.0 -0.013333
 4.1 0.009651
 4.2 0.018531
 4.3 0.012763
 4.4 0.004164
 4.5 0.004154
 4.6 -0.001051

ALA 22
 0.0 2.000000
 0.1 2.000000
 0.2 2.000000
 0.3 2.000000
 0.4 2.000000
 0.5 2.000000
 0.6 2.000000
 0.7 2.000000
 0.8 2.000000
 0.9 2.000000
 1.0 2.000000
 1.1 2.000000
 1.2 2.000000
 1.3 2.000000
 1.4 2.000000
 1.5 2.000000
 1.6 2.000000
 1.7 2.000000
 1.8 2.000000
 1.9 1.666667
 2.0 1.444444
 2.1 1.333333
 2.2 1.333333
 2.3 1.071429
 2.4 0.735294
 2.5 0.210526
 2.6 -0.500000
 2.7 -0.500148
 2.8 -0.703537
 2.9 -0.738429
 3.0 -0.738429
 3.1 -0.738429
 3.2 -0.927769
 3.3 -1.056000
 3.4 -1.056000
 3.5 -0.524143
 3.6 -0.500333
 3.7 -0.422356
 3.8 -0.406187
 3.9 -0.416600
 4.0 -0.379800
 4.1 -0.408674
 4.2 -0.285485
 4.3 -0.121535
 4.4 -0.081039
 4.5 -0.080231
 4.6 -0.031915

ALA 23
 0.0 2.000000
 0.1 2.000000
 0.2 2.000000
 0.3 2.000000
 0.4 2.000000
 0.5 2.000000
 0.6 2.000000
 0.7 2.000000
 0.8 2.000000
 0.9 2.000000
 1.0 2.000000
 1.1 2.000000
 1.2 2.000000
 1.3 2.000000
 1.4 2.000000
 1.5 2.000000
 1.6 2.000000
 1.7 2.000000
 1.8 2.000000
 1.9 1.666667
 2.0 1.444444
 2.1 1.333333
 2.2 1.333333
 2.3 1.142857
 2.4 0.882353
 2.5 0.473684
 2.6 0.000000
 2.7 -0.049481
 2.8 -0.365976
 2.9 -0.428714
 3.0 -0.428714
 3.1 -0.428714
 3.2 -0.709538
 3.3 -0.889000
 3.4 -0.889000
 3.5 -0.410821
 3.6 -0.389000
 3.7 -0.248333
 3.8 -0.097375
 3.9 -0.091800
 4.0 0.015413
 4.1 0.021221
 4.2 -0.033315
 4.3 -0.054596
 4.4 -0.046344
 4.5 -0.045231
 4.6 -0.047017

ALA 24
 0.0 2.000000
 0.1 2.000000
 0.2 2.000000
 0.3 2.000000
 0.4 2.000000
 0.5 2.000000
 0.6 2.000000
 0.7 2.000000
 0.8 2.000000
 0.9 2.000000
 1.0 2.000000
 1.1 2.000000
 1.2 2.000000
 1.3 2.000000
 1.4 2.000000
 1.5 2.000000
 1.6 2.000000
 1.7 2.000000
 1.8 2.000000
 1.9 1.666667
 2.0 1.444444
 2.1 1.333333
 2.2 1.333333
 2.3 1.178571
 2.4 0.955882
 2.5 0.605263
 2.6 0.238095
 2.7 -0.080296
 2.8 -0.430976
 2.9 -0.547714
 3.0 -0.547714
 3.1 -0.547714
 3.2 -0.773615
 3.3 -0.889000
 3.4 -0.889000
 3.5 -0.571214
 3.6 -0.555333
 3.7 -0.325889
 3.8 -0.097271
 3.9 -0.091700
 4.0 0.068773
 4.1 0.095826
 4.2 0.065123
 4.3 0.063667
 4.4 0.070758
 4.5 0.071231
 4.6 0.072814

ALA 25
 0.0 2.000000
 0.1 2.000000
 0.2 2.000000
 0.3 2.000000
 0.4 2.000000
 0.5 2.000000
 0.6 2.000000
 0.7 2.000000
 0.8 2.000000
 0.9 2.000000
 1.0 2.000000
 1.1 2.000000
 1.2 2.000000
 1.3 2.000000
 1.4 2.000000
 1.5 2.000000
 1.6 2.000000
 1.7 2.000000
 1.8 2.000000
 1.9 1.500000
 2.0 1.333333
 2.1 1.250000
 2.2 1.250000
 2.3 1.071429
 2.4 0.838235
 2.5 0.473684
 2.6 -0.023810
 2.7 -0.314963
 2.8 -0.548902
 2.9 -0.643000
 3.0 -0.643000
 3.1 -0.643000
 3.2 -0.756487
 3.3 -0.833333
 3.4 -0.833333
 3.5 -0.518179
 3.6 -0.500333
 3.7 -0.366822
 3.8 -0.236000
 3.9 -0.233200
 4.0 -0.137493
 4.1 -0.117930
 4.2 -0.103208
 4.3 -0.047930
 4.4 -0.009625
 4.5 -0.007000
 4.6 0.003576

ALA 26
 0.0 0.000000
 0.1 0.000000
 0.2 0.000000
 0.3 0.000000
 0.4 0.000000
 0.5 0.000000
 0.6 0.000000
 0.7 0.000000
 0.8 0.000000
 0.9 0.000000
 1.0 0.000000
 1.1 0.000000
 1.2 0.000000
 1.3 0.000000
 1.4 0.000000
 1.5 0.000000
 1.6 0.000000
 1.7 0.000000
 1.8 0.000000
 1.9 0.000000
 2.0 0.000000
 2.1 0.000000
 2.2 0.000000
 2.3 0.000000
 2.4 0.000000
 2.5 0.000000
 2.6 0.000000
 2.7 0.000000
 2.8 0.000000
 2.9 0.000000
 3.0 0.000000
 3.1 0.000000
 3.2 0.000000
 3.3 0.000000
 3.4 0.000000
 3.5 0.000000
 3.6 0.000000
 3.7 0.000000
 3.8 0.000000
 3.9 0.000000
 4.0 0.000000
 4.1 0.000000
 4.2 0.000000
 4.3 0.000000
 4.4 0.000000
 4.5 0.000000
 4.6 0.000000

