ATOMS
N 5.199 35.047 56.202
O 3.196 32.202 55.249

N 5.251 32.712 54.441
O 6.886 30.599 55.262
H 6.049 33.327 54.520

N 6.131 29.308 53.487
O 8.923 27.614 52.862
H 5.595 29.396 52.636

N 8.582 27.251 55.048
O 11.174 24.793 55.246
H 7.937 27.251 55.825

N 8.994 24.584 54.852
O 9.626 23.589 52.299
H 8.083 25.018 54.806

N 10.756 21.963 53.348
O 11.060 21.552 49.922
H 10.845 21.425 54.198

N 9.777 20.378 51.366
O 7.980 20.788 48.356
H 9.588 20.168 52.336

N 8.080 22.120 50.124
O 7.950 24.869 47.745
H 8.380 22.262 51.078

N 9.735 24.054 48.829
O 10.431 23.563 46.115
H 10.114 23.408 49.507

N 10.402 25.797 45.860
O 12.700 26.242 44.404
H 10.325 26.688 46.329

N 12.008 24.834 42.809
O 12.141 25.554 40.140
H 11.273 24.221 42.486

N 14.390 25.310 39.997
O 14.085 23.643 37.480
H 15.229 25.056 40.499

N 12.791 25.499 37.082
O 13.515 25.459 34.350
H 12.640 26.449 37.390

N 12.514 23.419 34.389
O 15.186 23.416 32.125
H 11.879 22.847 34.927

N 15.332 22.708 34.273
O 17.334 20.945 32.975
H 14.824 22.391 35.086

N 18.365 22.899 32.501
O 21.259 22.971 32.284
H 18.473 23.864 32.778

N 20.832 20.790 31.890
O 24.379 21.266 32.322
H 20.184 20.112 31.515

N 23.223 20.890 30.415
O 25.516 23.434 29.593
H 22.374 20.520 30.012

N 23.362 23.780 29.925
O 24.767 26.797 31.338
H 22.440 23.399 30.083

N 24.208 24.780 32.234
O 26.974 24.638 34.592
H 23.734 23.904 32.066

N 26.772 23.913 32.465
O 28.954 25.687 31.991
H 26.154 23.764 31.680

N 26.793 27.558 55.579
O 25.702 25.602 57.482
H 26.371 28.306 56.111

N 26.783 23.934 56.539
O 27.484 23.496 58.995

N 26.272 21.617 59.249
O 28.328 19.994 59.245
H 25.606 20.977 58.839

N 29.113 20.784 61.176
O 31.015 21.903 59.325
H 28.925 21.324 62.009

N 32.279 19.998 59.594
O 32.099 19.743 56.570
H 32.330 19.121 60.093

N 33.285 21.648 56.583
O 35.011 23.066 55.312
H 33.914 22.252 57.092

N 33.951 23.130 53.332
O 33.725 25.895 53.180
H 33.156 22.791 52.809

N 35.954 25.983 53.371
O 34.938 29.308 52.833
H 36.818 25.467 53.289

N 28.336 14.535 30.313
O 26.650 14.055 28.117
H 27.330 14.595 30.241

N 28.038 12.635 27.080
O 24.729 12.055 25.669
H 28.919 12.142 27.089

N 25.692 10.994 27.427
O 22.626 10.724 29.386
H 26.541 10.810 27.942

N 23.956 12.483 29.100
O 22.903 13.754 32.307
H 24.785 12.865 28.667

N 24.653 12.495 31.772
O 26.946 13.974 32.814
H 25.147 12.012 31.035

N 41.222 18.999 61.378
O 43.079 20.152 64.312
H 42.133 19.266 61.034

N 43.793 18.723 62.687
O 46.895 20.643 62.987
H 43.486 18.073 61.978

N 44.878 21.032 61.967
O 46.556 23.326 59.861
H 43.996 20.572 61.789

N 16.630 12.722 39.192
O 14.524 13.169 37.712
H 16.700 12.729 38.184

N 13.035 12.540 39.264
O 10.784 14.897 37.809
H 12.867 12.144 40.178

N 12.495 15.171 39.194
O 14.808 16.595 38.919
H 13.128 14.728 39.844

N 13.748 17.680 37.254
O 17.172 18.785 37.107

N 15.580 19.764 38.286
O 17.790 20.553 41.037
H 14.592 19.858 38.473

N 39.910 13.571 45.957
O 42.442 11.069 46.112
H 40.227 13.940 46.842

N 42.028 12.853 47.450
O 40.536 11.815 49.524
H 41.626 13.778 47.499

N 42.270 10.512 50.015
O 39.720 9.835 52.431
H 43.259 10.354 49.888

N 41.637 11.050 52.723
O 39.421 13.148 54.694
H 42.561 11.238 52.360

N 39.697 13.091 52.434
O 37.203 12.189 51.906
H 40.177 12.675 51.649

N 36.378 14.138 52.736
O 34.305 13.758 50.707
H 36.591 15.106 52.929

N 33.772 11.918 51.967
O 31.278 11.093 52.746
H 33.955 11.458 52.847

N 20.317 31.632 36.012
O 21.221 32.268 32.667
H 20.013 32.337 36.668

N 21.792 30.622 34.134
O 25.171 30.288 33.139
H 21.589 30.243 35.048

N 23.952 32.144 32.905
O 26.550 34.636 33.364
H 23.030 32.547 32.995

N 24.903 34.096 34.776
O 26.469 34.565 37.789
H 24.104 33.517 34.992

N 13.804 18.224 59.951
O 11.387 17.240 59.771
H 14.007 17.259 59.730

N 11.142 17.103 62.067
O 7.774 16.570 60.861
H 11.528 17.369 62.962

N 8.865 18.502 61.523
O 7.345 20.421 58.782
H 9.655 18.878 62.028

N 9.130 19.072 58.813
O 10.682 20.184 55.771
H 9.794 18.545 59.362

N 10.690 21.082 57.873
O 13.167 20.190 58.066
H 10.231 21.068 58.773

N 31.182 35.182 36.915
O 32.226 36.016 39.382
H 30.954 34.926 35.965

N 34.289 35.891 38.482
O 34.905 37.029 41.799

N 34.351 38.212 39.988
O 32.451 40.717 41.826
H 34.181 38.188 38.993

N 31.855 38.682 41.027
O 29.511 38.860 39.465
H 32.104 37.898 40.441

N 28.318 39.326 41.336
O 27.068 41.842 41.440
H 28.385 39.465 42.334

N 26.030 41.341 39.472
O 23.801 42.016 40.826

N 14.253 30.394 50.707
O 15.328 28.222 53.368
H 13.282 30.605 50.890

N 14.295 30.222 53.381
O 16.039 30.127 56.510
H 13.821 30.912 52.816

N 16.657 31.020 54.496
O 19.751 32.860 54.643
H 16.317 31.332 53.598

N 17.600 33.538 54.625
O 18.331 34.868 57.013
H 16.623 33.281 54.617

N 19.769 36.063 55.650
O 22.318 35.774 58.158
H 19.944 36.274 54.678

N 21.761 34.384 56.453
O 24.294 31.792 56.131
H 21.264 34.276 55.580

N 24.074 33.833 55.199
O 26.140 35.725 55.205
H 23.531 34.683 55.146

N 27.515 34.061 54.468
O 29.375 33.902 52.445
H 27.547 33.093 54.181

N 30.160 35.917 52.940
O 32.668 34.736 52.702
H 30.133 36.695 53.583

N 32.567 34.625 50.448
O 34.918 35.080 48.835
H 32.100 34.940 49.610

N 36.073 34.143 50.513
O 37.950 32.650 49.042
H 36.050 33.560 51.337

N 38.455 34.655 48.056
O 40.561 36.064 46.598
H 38.294 35.651 48.090

N 41.566 34.255 47.533
O 45.186 33.946 47.317
H 41.422 33.345 47.947

N 43.671 33.198 45.879
O 46.326 30.854 45.690
H 42.714 33.257 45.562

N 44.688 30.838 47.241
O 46.705 27.960 47.671
H 43.770 31.169 47.501

N 44.619 28.164 46.710
O 45.047 28.161 43.976
H 43.801 28.751 46.627

N 45.305 26.021 43.905

EDGES
1 3 2.925073
1 4 4.849152
1 5 2.551475
2 3 2.266272
2 4 4.023168
2 5 3.152249
2 6 4.482645
2 8 4.522898
3 6 3.643039
3 8 3.791071
4 6 2.321062
4 7 4.338156
4 8 3.163821
4 9 3.759164
4 11 3.553966
4 14 5.726107
5 6 4.150443
5 8 4.382731
6 9 3.560249
6 11 3.599879
6 12 5.690006
6 14 4.894299
7 9 2.242018
7 10 4.325332
7 11 3.143777
7 12 3.625747
7 13 4.124537
7 14 3.350217
7 23 5.667575
7 24 5.440407
7 26 5.510439
7 190 5.642317
8 9 4.397833
8 11 4.500634
8 14 5.483241
9 12 2.705744
9 13 4.696507
9 14 2.300838
10 12 2.225156
10 13 3.539877
10 14 3.130257
10 15 3.433079
10 17 3.542594
10 20 5.689826
10 23 5.620020
10 167 4.664823
10 169 4.572407
10 170 5.754308
10 171 5.215803
10 189 5.704440
11 12 3.029334
11 13 5.356831
11 14 2.458855
12 15 3.498042
12 17 3.719301
12 18 5.518670
12 20 5.117045
12 21 5.409314
12 23 4.473450
12 26 5.586269
12 167 4.801448
12 169 4.926141
12 171 5.409867
13 15 2.240798
13 16 3.443233
13 17 3.126509
13 18 3.347209
13 19 5.109028
13 20 3.421411
13 21 3.046096
13 22 5.018595
13 23 2.191868
13 24 3.502714
13 26 2.840100
13 167 4.976339
14 15 4.313203
14 17 4.572522
14 20 5.646984
14 21 5.506318
14 23 4.645614
14 167 5.572574
14 169 5.629834
15 18 2.720108
15 20 2.368627
15 21 4.192827
15 23 3.299648
15 24 5.082921
15 26 4.153730
15 167 3.006866
15 169 4.610438
15 170 5.587126
15 171 5.523339
16 18 2.260421
16 19 3.538708
16 20 3.147957
16 21 3.040366
16 22 5.041222
16 23 3.003804
16 24 3.034844
16 25 4.351208
16 26 2.124118
17 18 3.202664
17 20 2.574324
17 21 4.972497
17 23 4.063397
17 26 5.145107
17 166 5.456744
17 167 2.010219
17 169 3.694225
17 170 4.677428
17 171 4.629802
18 21 2.730739
18 23 2.363051
18 24 4.466666
18 26 3.570763
18 167 4.501187
19 21 2.215863
19 22 4.126594
19 23 3.121211
19 24 3.737715
19 25 4.327829
19 26 3.569756
20 21 3.313203
20 23 2.725191
20 24 5.236569
20 26 4.333303
20 167 3.605040
20 169 5.719106
21 24 2.855942
21 25 4.866367
21 26 2.485315
22 24 2.241764
22 25 3.243131
22 26 3.149930
22 27 3.229042
22 29 3.309750
23 24 3.178882
23 25 5.525448
23 26 2.605401
23 167 5.625081
24 27 3.506836
24 28 5.758402
24 29 3.679138
25 27 2.248693
25 28 3.905499
25 29 3.134112
25 30 3.877113
25 32 3.783063
26 27 4.369310
26 29 4.571937
27 30 3.579833
27 32 3.824434
28 30 2.237265
28 31 4.355172
28 32 3.130414
28 33 4.811068
28 35 4.801194
29 30 4.319746
29 32 4.664059
30 33 3.715891
30 35 3.969915
30 38 5.689746
31 33 2.266713
31 34 3.808761
31 35 3.148433
31 36 3.126802
31 38 2.934711
32 33 4.134819
32 34 5.770742
32 35 4.505034
32 36 5.756807
32 38 5.727293
33 36 3.330127
33 37 5.716331
33 38 3.340100
33 44 5.729471
33 123 5.664599
34 36 2.297298
34 37 3.663285
34 38 3.157493
34 39 3.474550
34 40 5.471723
34 41 3.466679
34 42 3.565681
34 44 2.800868
34 120 5.767917
34 121 4.234537
34 123 3.945798
35 36 4.220898
35 38 4.278931
35 121 5.746811
35 122 5.208183
35 123 5.615127
36 39 3.413997
36 41 3.536789
36 42 4.704981
36 44 4.216251
37 39 2.272690
37 40 3.452060
37 41 3.135597
37 42 3.297790
37 44 3.415816
37 45 5.787478
37 47 5.440310
38 39 4.266471
38 41 4.429435
38 42 5.563958
38 44 5.152246
39 42 2.908625
39 43 5.599328
39 44 2.622726
40 42 2.266381
40 43 3.382639
40 44 3.154234
40 45 3.242639
40 47 3.381047
41 42 3.517136
41 44 2.984333
41 123 5.372951
42 45 3.517891
42 47 3.665684
42 120 5.177556
42 121 4.983253
42 123 5.129337
43 45 2.259591
43 46 4.470770
43 47 3.139537
43 48 3.665686
43 50 3.308775
43 120 4.665326
43 121 5.716467
44 45 4.413499
44 47 4.561995
44 119 5.296369
44 120 4.754028
44 121 4.208642
44 123 4.235762
45 48 3.302619
45 50 3.471070
45 51 5.655762
45 53 5.284585
45 54 5.690514
45 56 4.764698
45 59 5.479545
46 48 2.257061
46 49 3.555681
46 50 3.149741
46 51 3.417750
46 52 5.057460
46 53 3.523153
46 54 3.262203
46 55 5.276292
46 56 2.534235
46 57 3.459997
46 59 2.653985
46 60 5.595828
46 62 4.995467
47 48 3.975286
47 50 4.312794
47 54 5.661182
47 56 4.818334
47 59 5.309112
48 51 2.811140
48 53 2.444902
48 54 4.382034
48 56 3.557779
48 57 5.237921
48 59 4.260232
49 51 2.261495
49 52 3.666120
49 53 3.148435
49 54 3.619405
49 55 5.631231
49 56 3.650004
49 57 3.519259
49 58 4.822583
49 59 2.727747
49 60 3.571205
49 62 3.130941
50 51 3.324275
50 53 2.687298
50 54 5.107055
50 56 4.236098
50 59 5.223540
51 54 2.934539
51 56 2.649225
51 57 4.405801
51 59 3.474351
51 60 5.092782
51 62 4.295447
52 54 2.206730
52 55 3.862097
52 56 3.114980
52 57 3.239979
52 58 5.344659
52 59 3.084178
52 60 3.171019
52 61 4.758808
52 62 2.207150
53 54 3.407538
53 56 2.880632
53 57 5.142805
53 59 4.185687
53 62 5.253014
54 57 2.654656
54 59 2.176612
54 60 4.254103
54 62 3.297809
55 57 2.276749
55 58 4.485604
55 59 3.156980
55 60 3.688849
55 61 4.380580
55 62 3.352584
55 148 5.594539
55 149 3.948911
55 151 5.631174
56 57 3.108020
56 59 2.421105
56 60 4.970346
56 62 4.059240
57 60 2.716458
57 61 4.837997
57 62 2.264087
57 149 5.664314
58 60 2.256226
58 61 3.433075
58 62 3.148971
59 60 3.064103
59 61 5.516622
59 62 2.454587
63 66 3.749010
63 67 5.352231
63 204 4.947369
63 211 5.758398
64 66 2.200008
64 67 3.146415
64 68 4.396295
64 70 4.820922
65 66 4.412178
65 67 5.717720
65 204 4.057897
65 211 5.293699
66 68 3.601904
66 69 5.023252
66 70 3.926726
66 72 5.458624
67 68 2.250356
67 69 3.610933
67 70 3.145883
67 71 3.842570
67 72 3.887738
67 73 3.984754
68 71 3.532492
68 72 4.752223
68 73 3.839513
69 71 2.229145
69 72 3.297067
69 73 3.124901
69 74 3.966386
69 75 4.630234
69 76 4.182970
70 71 4.218752
70 72 5.509170
70 73 4.602724
71 74 3.625476
71 75 5.587049
71 76 3.779887
72 74 2.301974
72 75 3.664789
72 76 3.171525
72 77 3.568822
72 78 5.781415
72 79 3.675907
73 74 4.340486
73 76 4.485342
74 77 3.577801
74 79 3.743494
75 77 2.244057
75 78 4.593978
75 79 3.140349
75 80 5.038484
75 82 4.955065
76 77 4.429205
76 79 4.617166
77 80 3.634402
77 81 5.459947
77 82 3.945398
78 80 2.246797
78 81 3.768615
78 82 3.127564
78 83 3.628446
78 85 3.622510
79 80 3.861328
79 81 5.348917
79 82 4.382827
79 83 5.650469
79 85 5.764742
80 83 3.486135
80 85 3.699068
81 83 2.238898
81 84 3.638729
81 85 3.124374
82 83 4.281765
82 85 4.560879
84 218 5.481592
84 220 4.642635
86 89 3.761794
86 91 4.057156
86 92 5.278107
86 94 4.766476
86 95 4.986629
86 97 4.255328
86 98 4.455869
86 99 2.915788
86 100 4.129956
87 89 2.240159
87 90 3.699046
87 91 3.140814
87 92 3.280790
87 93 5.375732
87 94 3.251543
87 95 3.270338
87 96 5.629095
87 97 2.279655
87 98 4.447542
87 99 4.707015
87 100 3.866210
88 89 3.786131
88 91 4.298515
88 92 4.854775
88 94 4.498238
88 95 4.140809
88 96 4.957214
88 97 3.456501
88 98 3.730990
88 99 2.674589
88 100 3.473876
89 92 2.883922
89 94 2.512902
89 95 4.556998
89 97 3.626772
89 98 5.787287
89 100 4.938424
90 92 2.267963
90 93 4.473283
90 94 3.162262
90 95 3.542947
90 97 3.106001
90 100 5.382428
91 92 3.441755
91 94 2.855997
91 95 5.365796
91 97 4.483611
91 100 5.460385
92 95 2.833681
92 97 2.420928
92 98 4.712913
92 100 3.788273
93 95 2.223685
93 96 4.217804
93 97 3.124440
93 98 3.596966
93 100 3.276215
94 95 3.289699
94 97 2.798604
94 98 4.590498
94 100 3.599262
95 98 2.761437
95 99 4.995696
95 100 2.320463
96 98 2.221217
96 99 4.080600
96 100 3.112569
97 98 3.129752
97 99 4.805977
97 100 2.542848
101 104 2.898223
101 106 2.518565
101 107 4.224494
101 109 3.215327
102 104 2.278697
102 105 4.069221
102 106 3.152054
102 107 3.083801
102 109 2.717134
103 104 2.404757
103 105 5.327944
103 106 2.035926
103 107 3.394742
103 109 2.397171
104 107 2.650869
104 109 2.065530
105 107 2.293471
105 108 4.133435
105 109 3.137586
106 107 3.270087
106 109 2.557503
110 113 3.600324
110 115 3.932741
110 116 4.805812
110 117 4.288863
110 118 4.088171
111 113 2.240863
111 114 4.121043
111 115 3.142838
111 116 3.212658
111 117 3.643485
111 118 2.987427
111 119 4.600115
112 113 3.825486
112 115 4.360063
112 116 4.966436
112 117 4.366445
112 118 4.417101
113 116 2.686757
113 117 4.439097
113 118 2.265479
113 119 5.564896
114 116 2.218293
114 117 4.506427
114 118 3.108717
114 119 4.103463
115 116 3.204586
115 117 5.016370
115 118 2.618536
116 119 3.410087
116 121 5.606901
116 123 5.185096
117 119 2.252343
117 120 3.697018
117 121 3.322534
117 122 5.389250
117 123 3.300415
118 119 3.975777
118 123 5.508161
119 121 2.960457
119 123 2.634764
120 121 2.209739
120 122 4.353464
120 123 3.110255
124 127 2.688958
124 128 4.024786
124 129 2.316305
124 130 5.603075
124 138 5.768273
125 127 2.268104
125 128 3.978831
125 129 3.150921
125 130 3.946295
125 132 3.928981
126 127 2.189711
126 128 3.435728
126 129 1.554057
126 130 5.098329
126 132 5.597369
126 136 5.680860
126 138 4.970913
127 130 3.481102
127 132 3.701919
127 133 5.586432
127 135 5.196192
127 136 5.507310
127 138 4.592329
128 130 2.223881
128 131 3.610665
128 132 3.111550
128 133 3.468577
128 134 5.454266
128 135 3.532202
128 136 3.286365
128 137 4.113720
128 138 2.320368
128 139 5.744757
129 130 4.172739
129 132 4.483055
129 135 5.563735
129 136 5.342961
129 138 4.531965
130 133 2.832560
130 135 2.472000
130 136 4.373000
130 137 5.662393
130 138 3.424788
131 133 2.288313
131 134 4.023250
131 135 3.169342
131 136 3.256083
131 137 3.486005
131 138 2.980935
131 139 5.456904
132 133 3.339540
132 135 2.716513
132 136 5.163442
132 138 4.241095
133 136 2.830689
133 137 4.650287
133 138 2.434276
134 136 2.277504
134 137 3.689465
134 138 3.172899
134 139 3.751495
134 141 3.867543
135 136 3.411976
135 137 5.460648
135 138 2.872968
136 139 3.493304
136 140 5.700972
136 141 3.735303
137 139 2.273351
137 140 3.506817
137 141 3.151184
137 142 3.442226
137 144 3.459674
138 139 4.213590
138 141 4.517472
139 142 3.508703
139 144 3.614644
140 142 2.292878
140 143 4.519123
140 144 3.161028
141 142 4.362975
141 144 4.501458
145 148 2.592799
145 149 5.798429
145 150 2.115798
145 151 4.809243
145 153 4.159313
145 154 5.350737
145 156 4.351436
146 148 2.277597
146 149 4.443612
146 150 3.147254
146 151 2.744154
146 153 1.859545
146 154 4.620237
146 156 3.908621
147 148 3.539382
147 150 3.081073
147 151 5.450976
147 153 4.757869
147 154 5.530447
147 156 4.575768
148 151 2.914194
148 153 2.556480
148 154 4.707352
148 156 3.802964
149 151 2.232813
149 152 4.566987
149 153 3.115718
149 154 4.153608
149 156 3.872795
150 151 3.713491
150 153 3.405834
150 154 5.089419
150 156 4.128854
151 154 2.866242
151 156 2.502759
152 154 2.235610
152 155 4.426311
152 156 3.144115
152 174 5.122940
153 154 3.013219
153 156 2.466249
155 172 4.832901
155 174 4.855154
155 181 5.523565
157 160 3.580550
157 162 3.870055
157 163 5.190587
157 165 4.685707
157 166 4.884713
157 167 5.573229
157 168 4.065718
157 169 4.709909
157 170 2.797168
157 171 4.716179
158 160 2.313095
158 161 3.832854
158 162 3.196718
158 163 3.320035
158 164 5.237809
158 165 3.282821
158 166 3.060725
158 167 5.016389
158 168 2.099513
158 169 4.341564
158 170 3.844207
158 171 4.121398
159 160 3.700558
159 162 4.074723
159 163 5.585702
159 165 5.180914
159 166 5.283274
159 168 4.420248
159 169 5.391314
159 170 3.473508
159 171 5.448165
160 163 2.727245
160 165 2.315883
160 166 4.302746
160 168 3.348655
160 169 5.798826
160 170 5.444097
160 171 5.234652
161 163 2.315416
161 164 4.397327
161 165 3.197955
161 166 3.506144
161 168 3.198129
161 171 5.534311
162 163 3.232024
162 165 2.580226
162 166 5.085746
162 168 4.165301
162 171 5.736944
163 166 2.781946
163 168 2.352618
163 169 4.827994
163 170 5.771256
163 171 4.001601
164 166 2.237630
164 167 4.500873
164 168 3.139009
164 169 3.528771
164 171 2.957649
165 166 3.263355
165 168 2.690310
165 169 4.815897
165 170 5.454625
165 171 3.965211
166 169 2.712434
166 170 4.255033
166 171 2.279872
167 169 2.285798
167 170 3.382645
167 171 3.161781
168 169 3.075111
168 170 3.970236
168 171 2.627436
172 175 3.551284
172 177 5.354138
172 179 4.727380
172 180 5.441642
172 181 4.777282
172 182 4.545263
173 175 2.254239
173 176 3.747679
173 177 3.115329
173 178 5.303128
173 179 2.948038
173 180 3.154556
173 181 3.932741
173 182 2.162935
173 183 5.481485
174 175 4.288209
174 179 5.497541
174 181 5.459726
174 182 5.494530
175 177 2.767476
175 179 2.355630
175 180 4.493447
175 181 5.710563
175 182 3.555271
176 177 2.232964
176 178 4.429920
176 179 3.121072
176 180 3.553997
176 182 3.231861
177 180 2.744164
177 181 4.911113
177 182 2.313615
178 180 2.266019
178 181 4.203138
178 182 3.159968
178 183 4.388242
178 184 5.512831
178 185 4.284615
179 180 3.129132
179 181 4.741652
179 182 2.548477
180 183 3.608405
180 184 5.750786
180 185 3.789754
181 183 2.267387
181 184 4.331420
181 185 3.140870
181 186 4.274666
182 183 4.144153
182 185 4.457566
183 186 3.573467
183 187 5.281997
184 186 2.280673
184 187 3.328748
185 186 4.154088
185 187 5.458454
188 191 2.679855
188 193 2.214233
188 194 4.530741
188 196 3.673938
188 199 5.407381
189 191 2.251057
189 192 3.742554
189 193 3.132388
189 194 3.296578
189 196 3.271562
189 199 5.369405
190 191 2.716236
190 193 2.023424
190 194 4.956419
190 196 4.131951
190 199 5.675719
191 194 2.731130
191 196 2.316824
191 197 4.844215
191 199 4.037915
192 194 2.288137
192 195 4.973321
192 196 3.163709
192 197 4.198198
192 198 5.289929
192 199 3.724543
193 194 3.298024
193 196 2.649139
193 197 4.944613
193 199 4.087416
194 197 2.691879
194 198 4.893329
194 199 2.264491
194 205 5.744653
195 197 2.255396
195 198 3.415460
195 199 3.156311
195 200 3.357616
195 201 5.237949
195 202 3.419630
195 203 3.104638
195 204 4.898328
195 205 2.274246
195 206 4.465892
195 208 4.226670
196 197 2.750864
196 198 5.312412
196 199 2.220495
197 200 3.482931
197 202 3.603171
197 203 4.622902
197 205 3.857663
198 200 2.313793
198 201 4.245943
198 202 3.167149
198 203 3.508954
198 205 3.317596
198 208 5.528102
199 200 4.324804
199 202 4.471108
199 203 5.566556
199 205 4.843168
200 203 2.726154
200 205 2.330943
200 206 4.869222
200 208 4.038695
201 203 2.269223
201 204 4.885655
201 205 3.162436
201 206 3.950531
201 207 4.830144
201 208 3.425463
202 203 3.166104
202 205 2.558908
202 206 4.825642
202 208 3.951819
203 206 2.688138
203 207 4.746728
203 208 2.220484
204 206 2.254486
204 207 4.442261
204 208 3.148059
204 209 4.276537
204 211 4.009627
205 206 2.870106
205 207 5.100549
205 208 2.343778
206 209 3.525170
206 211 3.694002
207 209 2.280941
207 210 4.626679
207 211 3.155257
207 212 4.618169
207 214 4.417673
208 209 4.088866
208 211 4.425786
209 212 3.574289
209 213 5.488879
209 214 3.817736
210 212 2.218440
210 213 3.406678
210 214 3.109736
210 215 3.834006
210 217 4.066976
211 212 4.042626
211 213 5.577771
211 214 4.474305
212 215 3.697699
212 217 3.975805
213 215 2.258990
213 216 4.487151
213 217 3.150350
213 218 4.091136
213 220 3.831987
214 215 4.476324
214 217 4.768002
215 218 3.539574
215 220 3.749111
216 218 2.242248
216 219 3.891115
216 220 3.138762
216 221 3.646620
216 223 3.504061
217 218 4.151548
217 220 4.526525
218 221 3.460190
218 223 3.616329
219 221 2.290687
219 222 4.944275
219 223 3.167119
219 224 4.234213
219 226 3.706324
220 221 4.212839
220 223 4.466635
221 224 3.179914
221 226 3.245161
221 229 5.129671
222 224 2.270844
222 225 5.137461
222 226 3.155009
222 227 4.289874
222 229 3.686184
223 224 3.600701
223 226 3.888762
223 229 5.626582
224 227 2.878192
224 229 2.489729
224 230 4.637676
224 232 3.792365
225 227 2.218687
225 228 3.675213
225 229 3.108944
225 230 3.148562
225 232 3.122602
225 235 5.420549
226 227 3.058796
226 229 2.713896
226 230 4.177349
226 232 3.232181
226 235 5.339183
227 230 2.908424
227 232 2.599524
227 233 5.189453
227 234 5.557531
227 235 4.511343
228 230 2.255859
228 231 3.527497
228 232 3.148346
228 233 3.345198
228 234 3.438879
228 235 3.417046
228 236 5.252290
229 230 3.545036
229 232 3.038849
229 233 5.557479
229 235 4.756031
230 233 2.727086
230 234 4.237385
230 235 2.349326
231 233 2.305761
231 234 4.054922
231 235 3.185723
231 236 4.461219
232 233 3.221259
232 234 4.806706
232 235 2.571296
233 236 3.595980
234 236 2.156665
235 236 4.138140

RESIDUES
GLU 1
 0.0 2.000000
 0.1 2.000000
 0.2 2.000000
 0.3 2.000000
 0.4 2.000000
 0.5 2.000000
 0.6 2.000000
 0.7 2.000000
 0.8 2.000000
 0.9 2.000000
 1.0 2.000000
 1.1 2.000000
 1.2 2.000000
 1.3 2.000000
 1.4 2.000000
 1.5 2.000000
 1.6 2.000000
 1.7 2.000000
 1.8 2.000000
 1.9 2.000000
 2.0 2.000000
 2.1 2.000000
 2.2 2.000000
 2.3 1.634146
 2.4 1.500000
 2.5 1.500000
 2.6 1.000000
 2.7 1.000000
 2.8 1.000000
 2.9 0.900000
 3.0 0.500000
 3.1 0.500000
 3.2 0.016129
 3.3 0.000000
 3.4 0.000000
 3.5 0.000000
 3.6 0.000000
 3.7 0.000000
 3.8 0.000000
 3.9 0.000000
 4.0 -0.156250
 4.1 -0.500000
 4.2 -0.500000
 4.3 -0.500000
 4.4 -0.500000
 4.5 -0.074074
 4.6 0.500000
 4.7 0.500000
 4.8 0.480769
 4.9 0.000000
 5.0 0.000000
 5.1 0.000000
 5.2 0.000000
 5.3 0.000000
 5.4 0.000000
 5.5 0.000000
 5.6 0.000000
 5.7 0.000000

ARG 2
 0.0 3.000000
 0.1 3.000000
 0.2 3.000000
 0.3 3.000000
 0.4 3.000000
 0.5 3.000000
 0.6 3.000000
 0.7 3.000000
 0.8 3.000000
 0.9 3.000000
 1.0 3.000000
 1.1 3.000000
 1.2 3.000000
 1.3 3.000000
 1.4 3.000000
 1.5 3.000000
 1.6 3.000000
 1.7 3.000000
 1.8 3.000000
 1.9 3.000000
 2.0 3.000000
 2.1 3.000000
 2.2 3.000000
 2.3 2.585366
 2.4 2.000000
 2.5 2.000000
 2.6 1.500000
 2.7 1.500000
 2.8 1.500000
 2.9 1.400000
 3.0 1.000000
 3.1 1.000000
 3.2 0.161290
 3.3 0.000000
 3.4 0.000000
 3.5 0.000000
 3.6 -0.351053
 3.7 -0.667000
 3.8 -1.120909
 3.9 -1.333000
 4.0 -1.489250
 4.1 -1.833000
 4.2 -2.333000
 4.3 -2.312250
 4.4 -2.321429
 4.5 -1.345778
 4.6 0.001000
 4.7 0.001000
 4.8 -0.018231
 4.9 -0.499000
 5.0 -0.499000
 5.1 -0.499000
 5.2 -0.499000
 5.3 -0.499000
 5.4 -0.499000
 5.5 -0.499000
 5.6 -0.499000
 5.7 -0.586130

ASP 3
 0.0 3.000000
 0.1 3.000000
 0.2 3.000000
 0.3 3.000000
 0.4 3.000000
 0.5 3.000000
 0.6 3.000000
 0.7 3.000000
 0.8 3.000000
 0.9 3.000000
 1.0 3.000000
 1.1 3.000000
 1.2 3.000000
 1.3 3.000000
 1.4 3.000000
 1.5 3.000000
 1.6 3.000000
 1.7 3.000000
 1.8 3.000000
 1.9 3.000000
 2.0 3.000000
 2.1 3.000000
 2.2 2.913793
 2.3 2.451220
 2.4 2.000000
 2.5 2.000000
 2.6 2.000000
 2.7 2.000000
 2.8 2.000000
 2.9 2.000000
 3.0 2.000000
 3.1 1.921053
 3.2 1.145161
 3.3 1.000000
 3.4 1.167000
 3.5 1.167000
 3.6 0.640368
 3.7 0.166000
 3.8 0.189364
 3.9 0.000000
 4.0 0.000000
 4.1 -0.185185
 4.2 -1.000000
 4.3 -0.833292
 4.4 -0.737929
 4.5 -0.641704
 4.6 -0.166000
 4.7 0.048071
 4.8 0.167000
 4.9 0.261857
 5.0 0.333000
 5.1 0.333000
 5.2 0.333000
 5.3 0.333000
 5.4 0.579105
 5.5 0.543933
 5.6 0.693917
 5.7 0.304217

CYS 4
 0.0 3.000000
 0.1 3.000000
 0.2 3.000000
 0.3 3.000000
 0.4 3.000000
 0.5 3.000000
 0.6 3.000000
 0.7 3.000000
 0.8 3.000000
 0.9 3.000000
 1.0 3.000000
 1.1 3.000000
 1.2 3.000000
 1.3 3.000000
 1.4 3.000000
 1.5 3.000000
 1.6 3.000000
 1.7 3.000000
 1.8 3.000000
 1.9 3.000000
 2.0 3.000000
 2.1 3.000000
 2.2 2.672414
 2.3 1.841463
 2.4 1.500000
 2.5 1.041667
 2.6 1.000000
 2.7 0.727273
 2.8 0.500000
 2.9 0.500000
 3.0 0.307692
 3.1 -0.289474
 3.2 -1.000000
 3.3 -1.000000
 3.4 -0.438167
 3.5 -0.656742
 3.6 -1.702000
 3.7 -1.230538
 3.8 -1.159409
 3.9 -1.167000
 4.0 -1.167000
 4.1 -1.167000
 4.2 -1.167000
 4.3 -0.812667
 4.4 0.250000
 4.5 0.099370
 4.6 0.273500
 4.7 0.393643
 4.8 0.224808
 4.9 0.541500
 5.0 0.723778
 5.1 0.650000
 5.2 0.620000
 5.3 0.566000
 5.4 0.436105
 5.5 0.840400
 5.6 0.970667
 5.7 0.536304

ARG 5
 0.0 3.000000
 0.1 3.000000
 0.2 3.000000
 0.3 3.000000
 0.4 3.000000
 0.5 3.000000
 0.6 3.000000
 0.7 3.000000
 0.8 3.000000
 0.9 3.000000
 1.0 3.000000
 1.1 3.000000
 1.2 3.000000
 1.3 3.000000
 1.4 3.000000
 1.5 3.000000
 1.6 3.000000
 1.7 3.000000
 1.8 3.000000
 1.9 3.000000
 2.0 3.000000
 2.1 3.000000
 2.2 2.224138
 2.3 1.341463
 2.4 1.000000
 2.5 0.541667
 2.6 0.500000
 2.7 0.227273
 2.8 -0.013917
 2.9 -0.167000
 3.0 -0.372077
 3.1 -1.293526
 3.2 -1.833000
 3.3 -1.612964
 3.4 -0.593583
 3.5 -0.596935
 3.6 -0.477816
 3.7 -0.401385
 3.8 -0.517000
 3.9 -0.517000
 4.0 -0.517000
 4.1 -0.843593
 4.2 -1.297111
 4.3 -1.115500
 4.4 -0.400000
 4.5 -0.285370
 4.6 -0.371727
 4.7 -0.357714
 4.8 -0.417000
 4.9 -0.327286
 5.0 -0.534667
 5.1 -0.871687
 5.2 -0.847857
 5.3 -0.733000
 5.4 -0.819316
 5.5 -0.399100
 5.6 0.040042
 5.7 -0.321783

VAL 6
 0.0 3.000000
 0.1 3.000000
 0.2 3.000000
 0.3 3.000000
 0.4 3.000000
 0.5 3.000000
 0.6 3.000000
 0.7 3.000000
 0.8 3.000000
 0.9 3.000000
 1.0 3.000000
 1.1 3.000000
 1.2 3.000000
 1.3 3.000000
 1.4 3.000000
 1.5 3.000000
 1.6 3.000000
 1.7 3.000000
 1.8 3.000000
 1.9 3.000000
 2.0 2.500000
 2.1 2.375000
 2.2 1.896552
 2.3 1.085366
 2.4 0.666667
 2.5 0.500000
 2.6 0.166667
 2.7 -0.159091
 2.8 -0.500000
 2.9 -0.500000
 3.0 -0.743385
 3.1 -1.096184
 3.2 -1.500161
 3.3 -1.238214
 3.4 -0.413167
 3.5 -0.988871
 3.6 -0.697184
 3.7 -0.535615
 3.8 -0.850000
 3.9 -0.850000
 4.0 -0.850000
 4.1 -0.850000
 4.2 -0.874296
 4.3 -0.934958
 4.4 -1.233000
 4.5 -0.457741
 4.6 0.302409
 4.7 0.928714
 4.8 1.025538
 4.9 1.184571
 5.0 0.766111
 5.1 0.294875
 5.2 0.241929
 5.3 0.267000
 5.4 0.338895
 5.5 1.034500
 5.6 0.894250
 5.7 0.345913

SER 7
 0.0 3.000000
 0.1 3.000000
 0.2 3.000000
 0.3 3.000000
 0.4 3.000000
 0.5 3.000000
 0.6 3.000000
 0.7 3.000000
 0.8 3.000000
 0.9 3.000000
 1.0 3.000000
 1.1 3.000000
 1.2 3.000000
 1.3 3.000000
 1.4 3.000000
 1.5 3.000000
 1.6 3.000000
 1.7 3.000000
 1.8 3.000000
 1.9 3.000000
 2.0 3.000000
 2.1 3.000000
 2.2 2.655172
 2.3 2.085366
 2.4 1.277778
 2.5 1.000000
 2.6 0.666667
 2.7 0.159091
 2.8 -1.000000
 2.9 -1.000000
 3.0 -0.743692
 3.1 -0.648816
 3.2 -1.161290
 3.3 -1.166643
 3.4 -0.260792
 3.5 -0.144452
 3.6 0.057921
 3.7 0.150000
 3.8 0.150000
 3.9 0.150000
 4.0 0.150000
 4.1 0.347593
 4.2 0.591815
 4.3 0.586000
 4.4 0.767000
 4.5 0.820556
 4.6 0.917000
 4.7 0.917000
 4.8 0.917000
 4.9 0.994071
 5.0 0.902556
 5.1 0.301313
 5.2 0.145286
 5.3 0.117000
 5.4 0.055474
 5.5 -0.116633
 5.6 -0.041083
 5.7 0.035087

SER 8
 0.0 3.000000
 0.1 3.000000
 0.2 3.000000
 0.3 3.000000
 0.4 3.000000
 0.5 3.000000
 0.6 3.000000
 0.7 3.000000
 0.8 3.000000
 0.9 3.000000
 1.0 3.000000
 1.1 3.000000
 1.2 3.000000
 1.3 3.000000
 1.4 3.000000
 1.5 3.000000
 1.6 3.000000
 1.7 3.000000
 1.8 3.000000
 1.9 3.000000
 2.0 3.000000
 2.1 3.000000
 2.2 2.137931
 2.3 1.500000
 2.4 1.111111
 2.5 0.666667
 2.6 0.300000
 2.7 -0.181818
 2.8 -0.972250
 2.9 -1.167000
 3.0 -1.000154
 3.1 -0.956500
 3.2 -1.505742
 3.3 -2.005786
 3.4 -1.496333
 3.5 -1.655548
 3.6 -0.651000
 3.7 -0.318308
 3.8 -0.101000
 3.9 -0.101000
 4.0 -0.101000
 4.1 -0.045333
 4.2 0.120148
 4.3 0.211583
 4.4 0.695429
 4.5 0.953111
 4.6 1.280045
 4.7 1.500000
 4.8 1.500000
 4.9 1.422929
 5.0 1.449444
 5.1 1.462625
 5.2 1.312143
 5.3 1.283000
 5.4 1.283000
 5.5 1.272033
 5.6 1.167125
 5.7 1.020696

PHE 9
 0.0 3.000000
 0.1 3.000000
 0.2 3.000000
 0.3 3.000000
 0.4 3.000000
 0.5 3.000000
 0.6 3.000000
 0.7 3.000000
 0.8 3.000000
 0.9 3.000000
 1.0 3.000000
 1.1 3.000000
 1.2 3.000000
 1.3 3.000000
 1.4 3.000000
 1.5 3.000000
 1.6 3.000000
 1.7 3.000000
 1.8 3.000000
 1.9 3.000000
 2.0 3.000000
 2.1 2.875000
 2.2 2.379310
 2.3 1.500000
 2.4 1.500000
 2.5 1.166667
 2.6 0.800000
 2.7 0.500000
 2.8 0.486083
 2.9 -0.167000
 3.0 0.012769
 3.1 0.481789
 3.2 -0.425097
 3.3 -0.523857
 3.4 -0.339917
 3.5 -0.579806
 3.6 -0.678974
 3.7 -0.811462
 3.8 -1.115273
 3.9 -1.052158
 4.0 -1.017000
 4.1 -0.794667
 4.2 -0.373630
 4.3 -0.302167
 4.4 -0.530429
 4.5 -0.580481
 4.6 -0.719636
 4.7 -0.440786
 4.8 -0.417000
 4.9 -0.494071
 5.0 -0.365833
 5.1 -0.168000
 5.2 -0.271714
 5.3 -0.300000
 5.4 -0.335158
 5.5 -0.533733
 5.6 -0.410292
 5.7 -0.344609

ARG 10
 0.0 3.000000
 0.1 3.000000
 0.2 3.000000
 0.3 3.000000
 0.4 3.000000
 0.5 3.000000
 0.6 3.000000
 0.7 3.000000
 0.8 3.000000
 0.9 3.000000
 1.0 3.000000
 1.1 3.000000
 1.2 3.000000
 1.3 3.000000
 1.4 3.000000
 1.5 3.000000
 1.6 3.000000
 1.7 3.000000
 1.8 3.000000
 1.9 3.000000
 2.0 3.000000
 2.1 3.000000
 2.2 2.793103
 2.3 2.000000
 2.4 2.000000
 2.5 2.000000
 2.6 2.000000
 2.7 2.000000
 2.8 2.000000
 2.9 2.000000
 3.0 2.000000
 3.1 1.618421
 3.2 0.940839
 3.3 0.761429
 3.4 0.666000
 3.5 0.585677
 3.6 0.171053
 3.7 -0.127692
 3.8 -0.226727
 3.9 -0.052368
 4.0 0.167000
 4.1 0.167000
 4.2 0.167000
 4.3 0.111333
 4.4 -0.594714
 4.5 -0.666000
 4.6 -0.802636
 4.7 -0.987143
 4.8 -0.422077
 4.9 0.001000
 5.0 0.001000
 5.1 0.001000
 5.2 0.001000
 5.3 0.001000
 5.4 0.001000
 5.5 0.001000
 5.6 0.001000
 5.7 0.001000

VAL 11
 0.0 3.000000
 0.1 3.000000
 0.2 3.000000
 0.3 3.000000
 0.4 3.000000
 0.5 3.000000
 0.6 3.000000
 0.7 3.000000
 0.8 3.000000
 0.9 3.000000
 1.0 3.000000
 1.1 3.000000
 1.2 3.000000
 1.3 3.000000
 1.4 3.000000
 1.5 3.000000
 1.6 3.000000
 1.7 3.000000
 1.8 3.000000
 1.9 3.000000
 2.0 3.000000
 2.1 3.000000
 2.2 2.827586
 2.3 2.146341
 2.4 2.000000
 2.5 2.000000
 2.6 2.000000
 2.7 2.000000
 2.8 2.000000
 2.9 1.933333
 3.0 1.500000
 3.1 1.000000
 3.2 0.000000
 3.3 0.107179
 3.4 0.667000
 3.5 0.667000
 3.6 0.338053
 3.7 -0.006077
 3.8 -0.704636
 3.9 -0.658211
 4.0 -0.708000
 4.1 -0.907074
 4.2 -1.221667
 4.3 -0.804917
 4.4 -1.297286
 4.5 -1.518185
 4.6 -1.833000
 4.7 -1.988071
 4.8 -0.845808
 4.9 0.001000
 5.0 0.001000
 5.1 0.001000
 5.2 0.001000
 5.3 0.001000
 5.4 0.001000
 5.5 0.001000
 5.6 0.001000
 5.7 0.138130

LYS 12
 0.0 3.000000
 0.1 3.000000
 0.2 3.000000
 0.3 3.000000
 0.4 3.000000
 0.5 3.000000
 0.6 3.000000
 0.7 3.000000
 0.8 3.000000
 0.9 3.000000
 1.0 3.000000
 1.1 3.000000
 1.2 3.000000
 1.3 3.000000
 1.4 3.000000
 1.5 3.000000
 1.6 3.000000
 1.7 3.000000
 1.8 3.000000
 1.9 3.000000
 2.0 3.000000
 2.1 3.000000
 2.2 3.000000
 2.3 2.475610
 2.4 2.000000
 2.5 2.000000
 2.6 2.000000
 2.7 2.000000
 2.8 1.750000
 2.9 1.500000
 3.0 1.500000
 3.1 1.460526
 3.2 0.580645
 3.3 0.446464
 3.4 0.167000
 3.5 0.199161
 3.6 0.640632
 3.7 0.326923
 3.8 0.075909
 3.9 0.114368
 4.0 -0.708000
 4.1 -0.907074
 4.2 -1.444296
 4.3 -1.333125
 4.4 -1.261429
 4.5 -1.184185
 4.6 -1.499000
 4.7 -1.594429
 4.8 -1.089077
 4.9 -0.666000
 5.0 -0.499500
 5.1 -0.228625
 5.2 -0.380286
 5.3 -0.666000
 5.4 -0.780263
 5.5 -0.833000
 5.6 -1.172667
 5.7 -1.412478

GLU 13
 0.0 3.000000
 0.1 3.000000
 0.2 3.000000
 0.3 3.000000
 0.4 3.000000
 0.5 3.000000
 0.6 3.000000
 0.7 3.000000
 0.8 3.000000
 0.9 3.000000
 1.0 3.000000
 1.1 3.000000
 1.2 3.000000
 1.3 3.000000
 1.4 3.000000
 1.5 3.000000
 1.6 3.000000
 1.7 3.000000
 1.8 3.000000
 1.9 3.000000
 2.0 3.000000
 2.1 3.000000
 2.2 3.000000
 2.3 2.524390
 2.4 2.000000
 2.5 2.000000
 2.6 2.000000
 2.7 2.000000
 2.8 2.000000
 2.9 1.933333
 3.0 1.500000
 3.1 1.092105
 3.2 0.080645
 3.3 -0.149107
 3.4 -0.695292
 3.5 -0.295710
 3.6 -0.167000
 3.7 -0.334000
 3.8 -0.030818
 3.9 0.333000
 4.0 0.333000
 4.1 0.333000
 4.2 0.277667
 4.3 -0.104375
 4.4 -0.202571
 4.5 -0.333000
 4.6 -0.333000
 4.7 -0.333000
 4.8 -0.333000
 4.9 -0.333000
 5.0 -0.333000
 5.1 -0.333000
 5.2 -0.333000
 5.3 -0.333000
 5.4 -0.333000
 5.5 -0.454733
 5.6 -0.499000
 5.7 -0.383565

ASN 14
 0.0 3.000000
 0.1 3.000000
 0.2 3.000000
 0.3 3.000000
 0.4 3.000000
 0.5 3.000000
 0.6 3.000000
 0.7 3.000000
 0.8 3.000000
 0.9 3.000000
 1.0 3.000000
 1.1 3.000000
 1.2 3.000000
 1.3 3.000000
 1.4 3.000000
 1.5 3.000000
 1.6 3.000000
 1.7 3.000000
 1.8 3.000000
 1.9 3.000000
 2.0 3.000000
 2.1 3.000000
 2.2 3.000000
 2.3 2.329268
 2.4 2.000000
 2.5 2.000000
 2.6 1.866667
 2.7 1.500000
 2.8 1.500000
 2.9 1.300000
 3.0 0.615385
 3.1 0.342105
 3.2 -0.500000
 3.3 -0.809714
 3.4 -0.930458
 3.5 -0.656097
 3.6 -0.104474
 3.7 -0.025615
 3.8 0.000000
 3.9 0.000000
 4.0 0.000000
 4.1 0.000000
 4.2 0.073778
 4.3 0.020750
 4.4 0.095250
 4.5 0.167000
 4.6 0.470636
 4.7 0.595857
 4.8 0.667000
 4.9 0.667000
 5.0 0.667000
 5.1 0.667000
 5.2 0.833000
 5.3 0.833000
 5.4 0.797842
 5.5 0.666000
 5.6 0.570000
 5.7 0.334000

PHE 15
 0.0 3.000000
 0.1 3.000000
 0.2 3.000000
 0.3 3.000000
 0.4 3.000000
 0.5 3.000000
 0.6 3.000000
 0.7 3.000000
 0.8 3.000000
 0.9 3.000000
 1.0 3.000000
 1.1 3.000000
 1.2 3.000000
 1.3 3.000000
 1.4 3.000000
 1.5 3.000000
 1.6 3.000000
 1.7 3.000000
 1.8 3.000000
 1.9 3.000000
 2.0 3.000000
 2.1 3.000000
 2.2 3.000000
 2.3 2.219512
 2.4 2.000000
 2.5 2.000000
 2.6 1.866667
 2.7 1.500000
 2.8 1.250000
 2.9 0.800000
 3.0 0.115385
 3.1 -0.118421
 3.2 -0.967742
 3.3 -1.327571
 3.4 -1.451292
 3.5 0.037968
 3.6 0.140632
 3.7 -0.474385
 3.8 -0.500000
 3.9 -0.500000
 4.0 -0.270375
 4.1 -0.166000
 4.2 -0.406704
 4.3 -0.374125
 4.4 -0.231607
 4.5 -0.196926
 4.6 -0.317818
 4.7 -0.761571
 4.8 -0.672423
 4.9 -0.666000
 5.0 -0.749500
 5.1 -0.885187
 5.2 -0.856857
 5.3 -0.749500
 5.4 -0.517263
 5.5 -0.210533
 5.6 -0.416000
 5.7 -0.586478

ASP 16
 0.0 3.000000
 0.1 3.000000
 0.2 3.000000
 0.3 3.000000
 0.4 3.000000
 0.5 3.000000
 0.6 3.000000
 0.7 3.000000
 0.8 3.000000
 0.9 3.000000
 1.0 3.000000
 1.1 3.000000
 1.2 3.000000
 1.3 3.000000
 1.4 3.000000
 1.5 3.000000
 1.6 3.000000
 1.7 3.000000
 1.8 3.000000
 1.9 3.000000
 2.0 3.000000
 2.1 3.000000
 2.2 3.000000
 2.3 2.146341
 2.4 2.000000
 2.5 1.875000
 2.6 1.500000
 2.7 1.340591
 2.8 1.333000
 2.9 1.333000
 3.0 1.333000
 3.1 1.201421
 3.2 0.300742
 3.3 -0.571143
 3.4 -0.403125
 3.5 0.252387
 3.6 0.907026
 3.7 0.304154
 3.8 0.317000
 3.9 0.317000
 4.0 0.202188
 4.1 0.150000
 4.2 0.113296
 4.3 -0.111292
 4.4 -0.301643
 4.5 -0.280926
 4.6 -0.400909
 4.7 -0.416000
 4.8 -0.211692
 4.9 -0.084000
 5.0 -0.090611
 5.1 -0.213063
 5.2 -0.253214
 5.3 -0.033056
 5.4 -0.034000
 5.5 -0.045200
 5.6 -0.057792
 5.7 -0.084913

LYS 17
 0.0 3.000000
 0.1 3.000000
 0.2 3.000000
 0.3 3.000000
 0.4 3.000000
 0.5 3.000000
 0.6 3.000000
 0.7 3.000000
 0.8 3.000000
 0.9 3.000000
 1.0 3.000000
 1.1 3.000000
 1.2 3.000000
 1.3 3.000000
 1.4 3.000000
 1.5 3.000000
 1.6 3.000000
 1.7 3.000000
 1.8 3.000000
 1.9 3.000000
 2.0 3.000000
 2.1 3.000000
 2.2 3.000000
 2.3 2.158537
 2.4 1.944444
 2.5 1.500000
 2.6 1.500000
 2.7 1.045455
 2.8 0.291667
 2.9 0.000000
 3.0 0.000000
 3.1 -0.118553
 3.2 -1.167000
 3.3 -1.774143
 3.4 -2.417250
 3.5 -1.714968
 3.6 -0.679974
 3.7 -0.993231
 3.8 -1.033000
 3.9 -1.033000
 4.0 -1.147813
 4.1 -1.215111
 4.2 -1.228963
 4.3 -1.335792
 4.4 -1.399786
 4.5 -0.790519
 4.6 -0.667000
 4.7 -0.667000
 4.8 0.211308
 4.9 0.833000
 5.0 0.826389
 5.1 0.947625
 5.2 0.954214
 5.3 1.073111
 5.4 1.083000
 5.5 1.129900
 5.6 1.087542
 5.7 1.213957

ALA 18
 0.0 3.000000
 0.1 3.000000
 0.2 3.000000
 0.3 3.000000
 0.4 3.000000
 0.5 3.000000
 0.6 3.000000
 0.7 3.000000
 0.8 3.000000
 0.9 3.000000
 1.0 3.000000
 1.1 3.000000
 1.2 3.000000
 1.3 3.000000
 1.4 3.000000
 1.5 3.000000
 1.6 3.000000
 1.7 3.000000
 1.8 3.000000
 1.9 3.000000
 2.0 3.000000
 2.1 3.000000
 2.2 2.206897
 2.3 1.597561
 2.4 1.444444
 2.5 1.000000
 2.6 0.966667
 2.7 0.113636
 2.8 -0.208333
 2.9 -0.900000
 3.0 -1.500000
 3.1 -1.504316
 3.2 -2.016258
 3.3 -1.553429
 3.4 -2.020958
 3.5 -1.128935
 3.6 0.069553
 3.7 -0.006077
 3.8 -0.033000
 3.9 -0.182421
 4.0 -0.200000
 4.1 -0.214222
 4.2 -0.203370
 4.3 -0.030167
 4.4 -0.003536
 4.5 0.000000
 4.6 0.000000
 4.7 0.000000
 4.8 -0.128385
 4.9 -0.083000
 5.0 -0.089611
 5.1 -0.033563
 5.2 0.004857
 5.3 -0.089667
 5.4 -0.167000
 5.5 -0.156500
 5.6 0.027625
 5.7 0.215087

ARG 19
 0.0 3.000000
 0.1 3.000000
 0.2 3.000000
 0.3 3.000000
 0.4 3.000000
 0.5 3.000000
 0.6 3.000000
 0.7 3.000000
 0.8 3.000000
 0.9 3.000000
 1.0 3.000000
 1.1 3.000000
 1.2 3.000000
 1.3 3.000000
 1.4 3.000000
 1.5 3.000000
 1.6 3.000000
 1.7 3.000000
 1.8 3.000000
 1.9 3.000000
 2.0 3.000000
 2.1 3.000000
 2.2 2.137931
 2.3 1.719512
 2.4 1.333333
 2.5 0.875000
 2.6 0.466667
 2.7 -0.136682
 2.8 -0.167000
 2.9 -0.567000
 3.0 -1.167000
 3.1 -1.381763
 3.2 -1.854806
 3.3 -1.488071
 3.4 -1.423542
 3.5 -0.193387
 3.6 0.321605
 3.7 0.346000
 3.8 0.383000
 3.9 0.208158
 4.0 -0.283000
 4.1 -0.297222
 4.2 -0.252556
 4.3 -0.231583
 4.4 -0.583464
 4.5 -0.472222
 4.6 -0.250000
 4.7 -0.250000
 4.8 0.249654
 4.9 0.499000
 5.0 0.486556
 5.1 0.466500
 5.2 0.504214
 5.3 0.213556
 5.4 -0.316000
 5.5 -0.305767
 5.6 -0.535958
 5.7 -0.359826

PHE 20
 0.0 3.000000
 0.1 3.000000
 0.2 3.000000
 0.3 3.000000
 0.4 3.000000
 0.5 3.000000
 0.6 3.000000
 0.7 3.000000
 0.8 3.000000
 0.9 3.000000
 1.0 3.000000
 1.1 3.000000
 1.2 3.000000
 1.3 3.000000
 1.4 3.000000
 1.5 3.000000
 1.6 3.000000
 1.7 3.000000
 1.8 3.000000
 1.9 3.000000
 2.0 3.000000
 2.1 3.000000
 2.2 2.534483
 2.3 1.378049
 2.4 0.833333
 2.5 0.000000
 2.6 0.000000
 2.7 -0.886682
 2.8 -1.667000
 2.9 -1.667000
 3.0 -1.667000
 3.1 -2.065789
 3.2 -2.478387
 3.3 -1.261786
 3.4 -0.631917
 3.5 -0.634484
 3.6 0.118026
 3.7 -0.250154
 3.8 -0.117000
 3.9 -0.414947
 4.0 -0.450000
 4.1 -0.390444
 4.2 -0.394963
 4.3 -0.357083
 4.4 -0.393179
 4.5 -0.138222
 4.6 0.084000
 4.7 0.084000
 4.8 0.128885
 4.9 0.167000
 5.0 0.219111
 5.1 0.206375
 5.2 0.171214
 5.3 0.166333
 5.4 0.099000
 5.5 0.065400
 5.6 -0.041500
 5.7 -0.313609

SER 21
 0.0 3.000000
 0.1 3.000000
 0.2 3.000000
 0.3 3.000000
 0.4 3.000000
 0.5 3.000000
 0.6 3.000000
 0.7 3.000000
 0.8 3.000000
 0.9 3.000000
 1.0 3.000000
 1.1 3.000000
 1.2 3.000000
 1.3 3.000000
 1.4 3.000000
 1.5 3.000000
 1.6 3.000000
 1.7 3.000000
 1.8 3.000000
 1.9 3.000000
 2.0 3.000000
 2.1 3.000000
 2.2 2.603448
 2.3 1.658537
 2.4 1.500000
 2.5 1.000000
 2.6 1.000000
 2.7 0.795455
 2.8 0.500000
 2.9 0.500000
 3.0 0.500000
 3.1 0.223658
 3.2 -0.365419
 3.3 0.167000
 3.4 0.222875
 3.5 -0.047839
 3.6 0.245342
 3.7 0.112923
 3.8 0.150000
 3.9 -0.147947
 4.0 -0.183000
 4.1 -0.198111
 4.2 -0.200000
 4.3 -0.225000
 4.4 -0.598036
 4.5 -0.195000
 4.6 0.249000
 4.7 0.249000
 4.8 0.326846
 4.9 0.667000
 5.0 0.647167
 5.1 0.625250
 5.2 0.617000
 5.3 0.558167
 5.4 0.334000
 5.5 0.311600
 5.6 0.227583
 5.7 0.133000

ASP 31
 0.0 3.000000
 0.1 3.000000
 0.2 3.000000
 0.3 3.000000
 0.4 3.000000
 0.5 3.000000
 0.6 3.000000
 0.7 3.000000
 0.8 3.000000
 0.9 3.000000
 1.0 3.000000
 1.1 3.000000
 1.2 3.000000
 1.3 3.000000
 1.4 3.000000
 1.5 3.000000
 1.6 3.000000
 1.7 3.000000
 1.8 3.000000
 1.9 3.000000
 2.0 3.000000
 2.1 3.000000
 2.2 2.586207
 2.3 2.500000
 2.4 2.500000
 2.5 2.500000
 2.6 2.500000
 2.7 2.500000
 2.8 2.500000
 2.9 2.500000
 3.0 2.500000
 3.1 2.434211
 3.2 2.000000
 3.3 2.000000
 3.4 2.000000
 3.5 2.000000
 3.6 2.000000
 3.7 1.980769
 3.8 1.500000
 3.9 1.500000
 4.0 1.500000
 4.1 1.037037
 4.2 1.000000
 4.3 1.000000
 4.4 0.881143
 4.5 0.667000
 4.6 0.667000
 4.7 0.667000
 4.8 0.730846
 4.9 0.797286
 5.0 0.333000
 5.1 0.333000
 5.2 0.333000
 5.3 0.240222
 5.4 -0.307684
 5.5 -0.334000
 5.6 -0.334000
 5.7 -0.507913

PRO 32
 0.0 2.000000
 0.1 2.000000
 0.2 2.000000
 0.3 2.000000
 0.4 2.000000
 0.5 2.000000
 0.6 2.000000
 0.7 2.000000
 0.8 2.000000
 0.9 2.000000
 1.0 2.000000
 1.1 2.000000
 1.2 2.000000
 1.3 2.000000
 1.4 2.000000
 1.5 2.000000
 1.6 2.000000
 1.7 2.000000
 1.8 2.000000
 1.9 2.000000
 2.0 2.000000
 2.1 2.000000
 2.2 1.568966
 2.3 1.000000
 2.4 1.000000
 2.5 1.000000
 2.6 1.000000
 2.7 1.000000
 2.8 1.000000
 2.9 1.000000
 3.0 1.000000
 3.1 0.868421
 3.2 0.000000
 3.3 0.000000
 3.4 0.000000
 3.5 0.000000
 3.6 -0.421053
 3.7 -1.019231
 3.8 -1.484818
 3.9 -1.587579
 4.0 -1.916500
 4.1 -1.833000
 4.2 -1.709667
 4.3 -1.500000
 4.4 -1.333714
 4.5 -1.334000
 4.6 -1.167000
 4.7 -1.000000
 4.8 -0.410462
 4.9 0.000000
 5.0 -0.083333
 5.1 -0.500000
 5.2 -0.500000
 5.3 -0.500000
 5.4 -0.973684
 5.5 -0.616733
 5.6 -0.166000
 5.7 -0.339913

GLU 33
 0.0 3.000000
 0.1 3.000000
 0.2 3.000000
 0.3 3.000000
 0.4 3.000000
 0.5 3.000000
 0.6 3.000000
 0.7 3.000000
 0.8 3.000000
 0.9 3.000000
 1.0 3.000000
 1.1 3.000000
 1.2 3.000000
 1.3 3.000000
 1.4 3.000000
 1.5 3.000000
 1.6 3.000000
 1.7 3.000000
 1.8 3.000000
 1.9 3.000000
 2.0 3.000000
 2.1 3.000000
 2.2 2.758621
 2.3 2.000000
 2.4 2.000000
 2.5 2.000000
 2.6 2.000000
 2.7 2.000000
 2.8 2.000000
 2.9 2.000000
 3.0 2.000000
 3.1 1.671053
 3.2 1.000000
 3.3 0.696429
 3.4 0.500000
 3.5 0.403226
 3.6 -0.421053
 3.7 -1.000000
 3.8 -1.007636
 3.9 -0.798526
 4.0 -0.531125
 4.1 -0.166000
 4.2 -0.104889
 4.3 -0.139167
 4.4 0.261857
 4.5 0.530333
 4.6 0.552636
 4.7 0.333000
 4.8 0.230846
 4.9 0.333000
 5.0 0.249667
 5.1 -0.167000
 5.2 -0.167000
 5.3 -0.167000
 5.4 -0.167000
 5.5 0.450067
 5.6 0.889000
 5.7 1.000000

GLY 34
 0.0 3.000000
 0.1 3.000000
 0.2 3.000000
 0.3 3.000000
 0.4 3.000000
 0.5 3.000000
 0.6 3.000000
 0.7 3.000000
 0.8 3.000000
 0.9 3.000000
 1.0 3.000000
 1.1 3.000000
 1.2 3.000000
 1.3 3.000000
 1.4 3.000000
 1.5 3.000000
 1.6 3.000000
 1.7 3.000000
 1.8 3.000000
 1.9 3.000000
 2.0 3.000000
 2.1 3.000000
 2.2 2.775862
 2.3 2.353659
 2.4 2.000000
 2.5 2.000000
 2.6 2.000000
 2.7 2.000000
 2.8 2.000000
 2.9 2.000000
 3.0 2.000000
 3.1 1.736842
 3.2 1.225806
 3.3 0.696429
 3.4 0.500000
 3.5 0.403226
 3.6 -0.298474
 3.7 -0.923077
 3.8 -1.129091
 3.9 -1.596105
 4.0 -1.041375
 4.1 -0.833000
 4.2 -0.401148
 4.3 -0.346917
 4.4 -0.428429
 4.5 -0.264963
 4.6 -0.219227
 4.7 0.167000
 4.8 0.001000
 4.9 0.001000
 5.0 0.001000
 5.1 0.001000
 5.2 0.001000
 5.3 0.001000
 5.4 0.001000
 5.5 0.200567
 5.6 0.222667
 5.7 0.167000

LEU 35
 0.0 3.000000
 0.1 3.000000
 0.2 3.000000
 0.3 3.000000
 0.4 3.000000
 0.5 3.000000
 0.6 3.000000
 0.7 3.000000
 0.8 3.000000
 0.9 3.000000
 1.0 3.000000
 1.1 3.000000
 1.2 3.000000
 1.3 3.000000
 1.4 3.000000
 1.5 3.000000
 1.6 3.000000
 1.7 3.000000
 1.8 3.000000
 1.9 3.000000
 2.0 3.000000
 2.1 3.000000
 2.2 2.931034
 2.3 2.353659
 2.4 2.000000
 2.5 2.000000
 2.6 2.000000
 2.7 2.000000
 2.8 2.000000
 2.9 2.000000
 3.0 2.000000
 3.1 1.881579
 3.2 1.225806
 3.3 1.000000
 3.4 1.000000
 3.5 1.000000
 3.6 0.767316
 3.7 0.423038
 3.8 -0.075091
 3.9 -0.166000
 4.0 -0.031125
 4.1 0.000000
 4.2 0.123704
 4.3 0.153167
 4.4 -0.034786
 4.5 -0.264963
 4.6 -0.726727
 4.7 -1.166000
 4.8 -1.166000
 4.9 -1.166000
 5.0 -0.610444
 5.1 -0.166000
 5.2 -0.166000
 5.3 -0.166000
 5.4 -0.166000
 5.5 -0.166000
 5.6 -0.277333
 5.7 -0.333000

PHE 36
 0.0 3.000000
 0.1 3.000000
 0.2 3.000000
 0.3 3.000000
 0.4 3.000000
 0.5 3.000000
 0.6 3.000000
 0.7 3.000000
 0.8 3.000000
 0.9 3.000000
 1.0 3.000000
 1.1 3.000000
 1.2 3.000000
 1.3 3.000000
 1.4 3.000000
 1.5 3.000000
 1.6 3.000000
 1.7 3.000000
 1.8 3.000000
 1.9 3.000000
 2.0 3.000000
 2.1 3.000000
 2.2 2.879310
 2.3 2.000000
 2.4 2.000000
 2.5 2.000000
 2.6 2.000000
 2.7 2.000000
 2.8 2.000000
 2.9 2.000000
 3.0 2.000000
 3.1 1.644737
 3.2 1.000000
 3.3 1.000000
 3.4 1.000000
 3.5 1.000000
 3.6 0.254105
 3.7 -0.487038
 3.8 -0.355636
 3.9 -0.885632
 4.0 -1.333000
 4.1 -1.333000
 4.2 -1.333000
 4.3 -1.096417
 4.4 -1.356214
 4.5 -1.666000
 4.6 -1.711909
 4.7 -2.000000
 4.8 -2.000000
 4.9 -2.000000
 5.0 -0.889667
 5.1 0.001000
 5.2 0.001000
 5.3 -0.026778
 5.4 -0.499000
 5.5 -0.899000
 5.6 -0.999000
 5.7 -0.499000

LEU 37
 0.0 3.000000
 0.1 3.000000
 0.2 3.000000
 0.3 3.000000
 0.4 3.000000
 0.5 3.000000
 0.6 3.000000
 0.7 3.000000
 0.8 3.000000
 0.9 3.000000
 1.0 3.000000
 1.1 3.000000
 1.2 3.000000
 1.3 3.000000
 1.4 3.000000
 1.5 3.000000
 1.6 3.000000
 1.7 3.000000
 1.8 3.000000
 1.9 3.000000
 2.0 3.000000
 2.1 3.000000
 2.2 2.810345
 2.3 2.000000
 2.4 2.000000
 2.5 2.000000
 2.6 2.000000
 2.7 2.000000
 2.8 2.000000
 2.9 2.000000
 3.0 2.000000
 3.1 1.486842
 3.2 1.000000
 3.3 1.000000
 3.4 1.000000
 3.5 0.661290
 3.6 0.434158
 3.7 -0.256385
 3.8 -0.188773
 3.9 -0.718632
 4.0 -1.166000
 4.1 -1.166000
 4.2 -1.166000
 4.3 -1.284292
 4.4 -1.654429
 4.5 -1.833000
 4.6 -1.991455
 4.7 -1.999000
 4.8 -1.999000
 4.9 -1.999000
 5.0 -1.443444
 5.1 -0.999000
 5.2 -0.999000
 5.3 -1.026778
 5.4 -1.499000
 5.5 -1.899000
 5.6 -1.999000
 5.7 -1.000000

GLN 38
 0.0 3.000000
 0.1 3.000000
 0.2 3.000000
 0.3 3.000000
 0.4 3.000000
 0.5 3.000000
 0.6 3.000000
 0.7 3.000000
 0.8 3.000000
 0.9 3.000000
 1.0 3.000000
 1.1 3.000000
 1.2 3.000000
 1.3 3.000000
 1.4 3.000000
 1.5 3.000000
 1.6 3.000000
 1.7 3.000000
 1.8 3.000000
 1.9 3.000000
 2.0 3.000000
 2.1 3.000000
 2.2 2.862069
 2.3 2.500000
 2.4 2.500000
 2.5 2.500000
 2.6 2.500000
 2.7 2.500000
 2.8 2.500000
 2.9 2.500000
 3.0 2.500000
 3.1 2.223684
 3.2 2.000000
 3.3 2.000000
 3.4 2.000000
 3.5 1.661290
 3.6 1.289421
 3.7 0.243077
 3.8 0.742909
 3.9 0.834000
 4.0 0.834000
 4.1 0.834000
 4.2 0.834000
 4.3 0.715708
 4.4 0.667000
 4.5 0.667000
 4.6 0.462136
 4.7 0.000000
 4.8 0.000000
 4.9 0.000000
 5.0 0.000000
 5.1 0.000000
 5.2 0.000000
 5.3 0.000000
 5.4 0.000000
 5.5 -0.316667
 5.6 -0.500000
 5.7 0.000000

ASP 48
 0.0 3.000000
 0.1 3.000000
 0.2 3.000000
 0.3 3.000000
 0.4 3.000000
 0.5 3.000000
 0.6 3.000000
 0.7 3.000000
 0.8 3.000000
 0.9 3.000000
 1.0 3.000000
 1.1 3.000000
 1.2 3.000000
 1.3 3.000000
 1.4 3.000000
 1.5 3.000000
 1.6 3.000000
 1.7 3.000000
 1.8 3.000000
 1.9 3.000000
 2.0 3.000000
 2.1 3.000000
 2.2 2.879310
 2.3 2.256098
 2.4 2.000000
 2.5 2.000000
 2.6 2.000000
 2.7 1.568182
 2.8 1.500000
 2.9 1.366667
 3.0 1.000000
 3.1 0.894737
 3.2 0.500000
 3.3 1.160500
 3.4 1.360833
 3.5 1.048452
 3.6 0.969237
 3.7 0.704769
 3.8 -0.076000
 3.9 -0.306789
 4.0 -0.333000
 4.1 -0.931741
 4.2 -1.166000
 4.3 -1.235125
 4.4 -1.493071
 4.5 -1.110963
 4.6 -1.144727
 4.7 -1.560286
 4.8 -1.173154
 4.9 -0.914286
 5.0 0.092444
 5.1 0.833000
 5.2 0.833000
 5.3 0.749667
 5.4 0.292579
 5.5 0.503200
 5.6 0.652583
 5.7 0.917000

GLU 49
 0.0 3.000000
 0.1 3.000000
 0.2 3.000000
 0.3 3.000000
 0.4 3.000000
 0.5 3.000000
 0.6 3.000000
 0.7 3.000000
 0.8 3.000000
 0.9 3.000000
 1.0 3.000000
 1.1 3.000000
 1.2 3.000000
 1.3 3.000000
 1.4 3.000000
 1.5 3.000000
 1.6 3.000000
 1.7 3.000000
 1.8 3.000000
 1.9 3.000000
 2.0 3.000000
 2.1 3.000000
 2.2 2.879310
 2.3 2.158537
 2.4 2.000000
 2.5 1.791667
 2.6 1.500000
 2.7 1.500000
 2.8 1.500000
 2.9 0.700000
 3.0 0.500000
 3.1 0.258500
 3.2 -0.290161
 3.3 0.583500
 3.4 0.653167
 3.5 0.511710
 3.6 0.667000
 3.7 0.577615
 3.8 -0.075000
 3.9 -0.166000
 4.0 -0.166000
 4.1 -0.647481
 4.2 -0.666000
 4.3 -0.576042
 4.4 -0.833000
 4.5 -0.209889
 4.6 0.250000
 4.7 0.250000
 4.8 0.377692
 4.9 0.371000
 5.0 0.480667
 5.1 0.499000
 5.2 0.499000
 5.3 0.555667
 5.4 0.169526
 5.5 0.204200
 5.6 0.251000
 5.7 0.251000

THR 50
 0.0 3.000000
 0.1 3.000000
 0.2 3.000000
 0.3 3.000000
 0.4 3.000000
 0.5 3.000000
 0.6 3.000000
 0.7 3.000000
 0.8 3.000000
 0.9 3.000000
 1.0 3.000000
 1.1 3.000000
 1.2 3.000000
 1.3 3.000000
 1.4 3.000000
 1.5 3.000000
 1.6 3.000000
 1.7 3.000000
 1.8 3.000000
 1.9 3.000000
 2.0 3.000000
 2.1 3.000000
 2.2 2.741379
 2.3 2.158537
 2.4 1.833333
 2.5 1.291667
 2.6 1.000000
 2.7 1.000000
 2.8 0.625000
 2.9 -0.800000
 3.0 -1.000000
 3.1 -1.004658
 3.2 -1.290903
 3.3 -0.434500
 3.4 -0.346833
 3.5 -0.456032
 3.6 0.385974
 3.7 0.486692
 3.8 0.446182
 3.9 0.219421
 4.0 0.167000
 4.1 0.167000
 4.2 0.235037
 4.3 0.334000
 4.4 0.334000
 4.5 0.642630
 4.6 0.636136
 4.7 0.583000
 4.8 0.711462
 4.9 0.562000
 5.0 0.621000
 5.1 0.501000
 5.2 0.501000
 5.3 0.417667
 5.4 -0.497316
 5.5 -0.362600
 5.6 -0.283792
 5.7 -0.416000

GLY 51
 0.0 3.000000
 0.1 3.000000
 0.2 3.000000
 0.3 3.000000
 0.4 3.000000
 0.5 3.000000
 0.6 3.000000
 0.7 3.000000
 0.8 3.000000
 0.9 3.000000
 1.0 3.000000
 1.1 3.000000
 1.2 3.000000
 1.3 3.000000
 1.4 3.000000
 1.5 3.000000
 1.6 3.000000
 1.7 3.000000
 1.8 3.000000
 1.9 3.000000
 2.0 3.000000
 2.1 3.000000
 2.2 2.465517
 2.3 1.695122
 2.4 0.833333
 2.5 0.416667
 2.6 0.000000
 2.7 0.000000
 2.8 -0.833333
 2.9 -1.500000
 3.0 -1.500000
 3.1 -2.465184
 3.2 -2.919194
 3.3 -2.011643
 3.4 -1.833000
 3.5 -2.037548
 3.6 -1.078816
 3.7 -0.602462
 3.8 0.197000
 3.9 0.218737
 4.0 0.166000
 4.1 -0.154963
 4.2 -0.098963
 4.3 0.160042
 4.4 0.190786
 4.5 1.957296
 4.6 2.022955
 4.7 1.976643
 4.8 1.878615
 4.9 0.895286
 5.0 1.676778
 5.1 2.084000
 5.2 2.084000
 5.3 1.514000
 5.4 0.533947
 5.5 0.553800
 5.6 0.736375
 5.7 1.000000

GLN 52
 0.0 3.000000
 0.1 3.000000
 0.2 3.000000
 0.3 3.000000
 0.4 3.000000
 0.5 3.000000
 0.6 3.000000
 0.7 3.000000
 0.8 3.000000
 0.9 3.000000
 1.0 3.000000
 1.1 3.000000
 1.2 3.000000
 1.3 3.000000
 1.4 3.000000
 1.5 3.000000
 1.6 3.000000
 1.7 3.000000
 1.8 3.000000
 1.9 3.000000
 2.0 3.000000
 2.1 3.000000
 2.2 2.724138
 2.3 2.439024
 2.4 2.000000
 2.5 1.916667
 2.6 1.500000
 2.7 1.068182
 2.8 0.541667
 2.9 0.366667
 3.0 0.000000
 3.1 -0.552632
 3.2 -1.000000
 3.3 -0.868786
 3.4 -0.833000
 3.5 -0.967677
 3.6 -0.811026
 3.7 -0.704538
 3.8 -0.719818
 3.9 -0.806789
 4.0 -0.833000
 4.1 -1.246630
 4.2 -0.895259
 4.3 -0.179917
 4.4 -0.160071
 4.5 -0.240222
 4.6 -0.446864
 4.7 -0.750000
 4.8 -0.564615
 4.9 -0.628000
 5.0 0.573667
 5.1 1.083000
 5.2 1.083000
 5.3 0.930500
 5.4 0.660105
 5.5 0.703200
 5.6 0.854167
 5.7 1.250000

LEU 64
 0.0 3.000000
 0.1 3.000000
 0.2 3.000000
 0.3 3.000000
 0.4 3.000000
 0.5 3.000000
 0.6 3.000000
 0.7 3.000000
 0.8 3.000000
 0.9 3.000000
 1.0 3.000000
 1.1 3.000000
 1.2 3.000000
 1.3 3.000000
 1.4 3.000000
 1.5 3.000000
 1.6 3.000000
 1.7 3.000000
 1.8 3.000000
 1.9 3.000000
 2.0 2.833333
 2.1 2.500000
 2.2 2.500000
 2.3 2.243902
 2.4 1.648000
 2.5 1.166333
 2.6 1.122467
 2.7 1.106273
 2.8 1.000000
 2.9 0.733333
 3.0 0.500000
 3.1 0.355842
 3.2 0.210097
 3.3 0.619429
 3.4 0.798417
 3.5 0.833000
 3.6 0.833000
 3.7 0.833000
 3.8 0.833000
 3.9 0.833000
 4.0 0.833000
 4.1 0.956704
 4.2 1.049185
 4.3 1.166000
 4.4 1.166000
 4.5 1.166000
 4.6 1.166000
 4.7 1.166000
 4.8 1.166000
 4.9 1.166000
 5.0 1.166000
 5.1 1.166000
 5.2 1.166000
 5.3 1.212389
 5.4 1.333000
 5.5 1.333000
 5.6 1.333000
 5.7 1.333000

ASN 65
 0.0 3.000000
 0.1 3.000000
 0.2 3.000000
 0.3 3.000000
 0.4 3.000000
 0.5 3.000000
 0.6 3.000000
 0.7 3.000000
 0.8 3.000000
 0.9 3.000000
 1.0 3.000000
 1.1 3.000000
 1.2 3.000000
 1.3 3.000000
 1.4 3.000000
 1.5 3.000000
 1.6 3.000000
 1.7 3.000000
 1.8 3.000000
 1.9 3.000000
 2.0 2.833333
 2.1 2.000000
 2.2 2.000000
 2.3 1.560976
 2.4 0.925778
 2.5 0.666333
 2.6 0.188267
 2.7 -0.212545
 2.8 0.000000
 2.9 -0.266667
 3.0 -0.500000
 3.1 -0.355553
 3.2 -0.677258
 3.3 -0.310143
 3.4 0.194833
 3.5 0.334000
 3.6 0.334000
 3.7 0.334000
 3.8 0.334000
 3.9 0.334000
 4.0 0.334000
 4.1 0.365111
 4.2 0.198333
 4.3 0.667000
 4.4 0.667000
 4.5 0.667000
 4.6 0.667000
 4.7 0.667000
 4.8 0.667000
 4.9 0.667000
 5.0 0.667000
 5.1 0.667000
 5.2 0.667000
 5.3 0.713111
 5.4 0.833000
 5.5 0.833000
 5.6 0.833000
 5.7 0.833000

ASN 66
 0.0 3.000000
 0.1 3.000000
 0.2 3.000000
 0.3 3.000000
 0.4 3.000000
 0.5 3.000000
 0.6 3.000000
 0.7 3.000000
 0.8 3.000000
 0.9 3.000000
 1.0 3.000000
 1.1 3.000000
 1.2 3.000000
 1.3 3.000000
 1.4 3.000000
 1.5 3.000000
 1.6 3.000000
 1.7 3.000000
 1.8 3.000000
 1.9 3.000000
 2.0 3.000000
 2.1 2.500000
 2.2 2.500000
 2.3 2.317073
 2.4 1.870222
 2.5 1.833000
 2.6 1.689133
 2.7 1.106273
 2.8 1.000000
 2.9 1.000000
 3.0 1.000000
 3.1 0.710237
 3.2 0.692968
 3.3 0.690714
 3.4 0.798417
 3.5 0.833000
 3.6 0.833000
 3.7 0.833000
 3.8 0.833000
 3.9 0.833000
 4.0 0.833000
 4.1 1.234481
 4.2 1.049185
 4.3 1.166000
 4.4 1.166000
 4.5 1.166000
 4.6 1.166000
 4.7 1.166000
 4.8 1.166000
 4.9 1.166000
 5.0 1.166000
 5.1 1.166000
 5.2 1.166000
 5.3 1.351556
 5.4 1.834000
 5.5 1.834000
 5.6 1.834000
 5.7 1.834000

THR 80
 0.0 3.000000
 0.1 3.000000
 0.2 3.000000
 0.3 3.000000
 0.4 3.000000
 0.5 3.000000
 0.6 3.000000
 0.7 3.000000
 0.8 3.000000
 0.9 3.000000
 1.0 3.000000
 1.1 3.000000
 1.2 3.000000
 1.3 3.000000
 1.4 3.000000
 1.5 3.000000
 1.6 3.000000
 1.7 3.000000
 1.8 3.000000
 1.9 3.000000
 2.0 3.000000
 2.1 3.000000
 2.2 2.896552
 2.3 2.500000
 2.4 2.500000
 2.5 2.500000
 2.6 2.500000
 2.7 2.500000
 2.8 2.500000
 2.9 2.500000
 3.0 2.384385
 3.1 2.302421
 3.2 2.209839
 3.3 2.333000
 3.4 2.333000
 3.5 2.333000
 3.6 2.030368
 3.7 1.333000
 3.8 1.173909
 3.9 0.727737
 4.0 0.333000
 4.1 0.500000
 4.2 0.667000
 4.3 0.375333
 4.4 -0.487786
 4.5 0.444333
 4.6 0.712273
 4.7 0.750000
 4.8 0.852769
 4.9 0.917000
 5.0 1.333667
 5.1 2.083000
 5.2 2.083000
 5.3 2.083000
 5.4 2.083000
 5.5 2.083000
 5.6 1.719000
 5.7 1.667000

GLU 81
 0.0 3.000000
 0.1 3.000000
 0.2 3.000000
 0.3 3.000000
 0.4 3.000000
 0.5 3.000000
 0.6 3.000000
 0.7 3.000000
 0.8 3.000000
 0.9 3.000000
 1.0 3.000000
 1.1 3.000000
 1.2 3.000000
 1.3 3.000000
 1.4 3.000000
 1.5 3.000000
 1.6 3.000000
 1.7 3.000000
 1.8 3.000000
 1.9 3.000000
 2.0 3.000000
 2.1 3.000000
 2.2 2.568966
 2.3 1.621951
 2.4 1.500000
 2.5 1.500000
 2.6 1.333333
 2.7 0.613636
 2.8 0.500000
 2.9 0.500000
 3.0 0.730538
 3.1 0.420658
 3.2 0.193226
 3.3 0.334000
 3.4 0.334000
 3.5 0.334000
 3.6 0.070842
 3.7 -0.166000
 3.8 -0.325091
 3.9 -0.771263
 4.0 -1.166000
 4.1 -0.623296
 4.2 -0.167000
 4.3 -0.167000
 4.4 -0.304143
 4.5 0.554667
 4.6 0.438545
 4.7 0.249000
 4.8 0.660077
 4.9 0.917000
 5.0 1.610889
 5.1 2.083000
 5.2 2.083000
 5.3 2.083000
 5.4 2.083000
 5.5 2.083000
 5.6 2.155625
 5.7 2.166000

ASP 82
 0.0 3.000000
 0.1 3.000000
 0.2 3.000000
 0.3 3.000000
 0.4 3.000000
 0.5 3.000000
 0.6 3.000000
 0.7 3.000000
 0.8 3.000000
 0.9 3.000000
 1.0 3.000000
 1.1 3.000000
 1.2 3.000000
 1.3 3.000000
 1.4 3.000000
 1.5 3.000000
 1.6 3.000000
 1.7 3.000000
 1.8 3.000000
 1.9 3.000000
 2.0 3.000000
 2.1 3.000000
 2.2 2.672414
 2.3 1.634146
 2.4 1.500000
 2.5 1.500000
 2.6 1.333333
 2.7 0.613636
 2.8 0.500000
 2.9 0.500000
 3.0 0.384385
 3.1 0.012947
 3.2 0.064935
 3.3 -0.302893
 3.4 -0.811500
 3.5 -0.999000
 3.6 -1.038474
 3.7 -1.396846
 3.8 -1.333000
 3.9 -1.333000
 4.0 -1.645500
 4.1 -1.142148
 4.2 -0.334000
 4.3 -0.625667
 4.4 -1.113643
 4.5 -0.611333
 4.6 -0.363636
 4.7 -0.250000
 4.8 -0.147846
 4.9 -0.084000
 5.0 0.194056
 5.1 0.583000
 5.2 0.463714
 5.3 0.416000
 5.4 0.328632
 5.5 0.183200
 5.6 0.233042
 5.7 0.167000

PRO 83
 0.0 2.000000
 0.1 2.000000
 0.2 2.000000
 0.3 2.000000
 0.4 2.000000
 0.5 2.000000
 0.6 2.000000
 0.7 2.000000
 0.8 2.000000
 0.9 2.000000
 1.0 2.000000
 1.1 2.000000
 1.2 2.000000
 1.3 2.000000
 1.4 2.000000
 1.5 2.000000
 1.6 2.000000
 1.7 2.000000
 1.8 2.000000
 1.9 2.000000
 2.0 2.000000
 2.1 2.000000
 2.2 1.620690
 2.3 1.012195
 2.4 1.000000
 2.5 1.000000
 2.6 0.933333
 2.7 0.500000
 2.8 0.500000
 2.9 0.500000
 3.0 0.038462
 3.1 -0.368421
 3.2 -0.500000
 3.3 -0.226179
 3.4 -0.145500
 3.5 -0.333000
 3.6 -0.333000
 3.7 -0.230231
 3.8 -0.166000
 3.9 -0.166000
 4.0 -0.478500
 4.1 -0.586074
 4.2 -0.500000
 4.3 -0.500000
 4.4 -0.982143
 4.5 -0.888667
 4.6 -0.620727
 4.7 -1.011571
 4.8 -0.923385
 4.9 -0.917000
 5.0 -0.917000
 5.1 -0.917000
 5.2 -0.536000
 5.3 -0.333500
 5.4 -0.074737
 5.5 0.216200
 5.6 0.628250
 5.7 0.963696

ALA 84
 0.0 3.000000
 0.1 3.000000
 0.2 3.000000
 0.3 3.000000
 0.4 3.000000
 0.5 3.000000
 0.6 3.000000
 0.7 3.000000
 0.8 3.000000
 0.9 3.000000
 1.0 3.000000
 1.1 3.000000
 1.2 3.000000
 1.3 3.000000
 1.4 3.000000
 1.5 3.000000
 1.6 3.000000
 1.7 3.000000
 1.8 3.000000
 1.9 3.000000
 2.0 3.000000
 2.1 3.000000
 2.2 2.620690
 2.3 2.500000
 2.4 2.500000
 2.5 2.500000
 2.6 2.433333
 2.7 2.000000
 2.8 2.000000
 2.9 2.000000
 3.0 1.538462
 3.1 1.131579
 3.2 1.000000
 3.3 0.862821
 3.4 0.666000
 3.5 0.666000
 3.6 0.666000
 3.7 1.077077
 3.8 1.334000
 3.9 1.281368
 4.0 0.834000
 4.1 0.834000
 4.2 0.500556
 4.3 0.000000
 4.4 -0.482143
 4.5 -0.500000
 4.6 -0.500000
 4.7 -0.500000
 4.8 0.140385
 4.9 0.166000
 5.0 0.083000
 5.1 -0.051875
 5.2 0.071286
 5.3 0.166500
 5.4 0.412105
 5.5 0.266200
 5.6 -0.090667
 5.7 -0.920478

VAL 93
 0.0 3.000000
 0.1 3.000000
 0.2 3.000000
 0.3 3.000000
 0.4 3.000000
 0.5 3.000000
 0.6 3.000000
 0.7 3.000000
 0.8 3.000000
 0.9 3.000000
 1.0 3.000000
 1.1 3.000000
 1.2 3.000000
 1.3 3.000000
 1.4 3.000000
 1.5 3.000000
 1.6 2.500000
 1.7 2.500000
 1.8 2.500000
 1.9 2.500000
 2.0 2.500000
 2.1 2.500000
 2.2 2.051724
 2.3 1.573171
 2.4 1.000000
 2.5 1.000000
 2.6 1.000000
 2.7 0.659091
 2.8 0.500000
 2.9 0.500000
 3.0 0.500000
 3.1 0.500000
 3.2 0.000000
 3.3 0.000000
 3.4 -0.083333
 3.5 -0.500000
 3.6 -0.500000
 3.7 -0.500000
 3.8 -0.500000
 3.9 -0.561421
 4.0 -0.864625
 4.1 -1.167000
 4.2 -0.894852
 4.3 -0.833000
 4.4 -0.833000
 4.5 -0.611000
 4.6 -0.500000
 4.7 -0.500000
 4.8 -0.500000
 4.9 -0.500000
 5.0 -0.138889
 5.1 0.057063
 5.2 0.083000
 5.3 0.083000
 5.4 0.083000
 5.5 0.083000
 5.6 0.357667
 5.7 0.449174

ALA 94
 0.0 3.000000
 0.1 3.000000
 0.2 3.000000
 0.3 3.000000
 0.4 3.000000
 0.5 3.000000
 0.6 3.000000
 0.7 3.000000
 0.8 3.000000
 0.9 3.000000
 1.0 3.000000
 1.1 3.000000
 1.2 3.000000
 1.3 3.000000
 1.4 3.000000
 1.5 3.000000
 1.6 2.500000
 1.7 2.500000
 1.8 2.500000
 1.9 2.500000
 2.0 2.500000
 2.1 2.500000
 2.2 1.793103
 2.3 1.012195
 2.4 0.000000
 2.5 0.000000
 2.6 0.000000
 2.7 -0.340909
 2.8 -0.500000
 2.9 -0.500000
 3.0 -0.500000
 3.1 -0.855263
 3.2 -1.500000
 3.3 -1.839286
 3.4 -2.000083
 3.5 -1.916484
 3.6 -1.561526
 3.7 -1.897769
 3.8 -2.167000
 3.9 -2.044211
 4.0 -1.531062
 4.1 -1.907222
 4.2 -2.148370
 4.3 -2.333000
 4.4 -2.458250
 4.5 -2.598370
 4.6 -2.394364
 4.7 -2.251000
 4.8 -2.251000
 4.9 -2.251000
 5.0 -1.527333
 5.1 -1.077813
 5.2 -1.155071
 5.3 -1.139167
 5.4 -1.000000
 5.5 -0.855167
 5.6 -0.510167
 5.7 -0.386478

SER 95
 0.0 3.000000
 0.1 3.000000
 0.2 3.000000
 0.3 3.000000
 0.4 3.000000
 0.5 3.000000
 0.6 3.000000
 0.7 3.000000
 0.8 3.000000
 0.9 3.000000
 1.0 3.000000
 1.1 3.000000
 1.2 3.000000
 1.3 3.000000
 1.4 3.000000
 1.5 3.000000
 1.6 3.000000
 1.7 3.000000
 1.8 3.000000
 1.9 3.000000
 2.0 3.000000
 2.1 3.000000
 2.2 2.741379
 2.3 2.292683
 2.4 2.000000
 2.5 1.625000
 2.6 1.500000
 2.7 1.318182
 2.8 0.875000
 2.9 0.500000
 3.0 0.358692
 3.1 -0.022263
 3.2 -0.268742
 3.3 -0.565464
 3.4 -0.680750
 3.5 -0.433452
 3.6 -0.394158
 3.7 -0.729769
 3.8 -0.999000
 3.9 -1.060526
 4.0 -0.802125
 4.1 -0.019000
 4.2 0.030741
 4.3 0.000000
 4.4 0.000000
 4.5 -0.061333
 4.6 0.923818
 4.7 1.249000
 4.8 1.249000
 4.9 1.249000
 5.0 1.249000
 5.1 1.306750
 5.2 1.416500
 5.3 1.611000
 5.4 2.166000
 5.5 1.974567
 5.6 1.815292
 5.7 1.450652

PHE 96
 0.0 3.000000
 0.1 3.000000
 0.2 3.000000
 0.3 3.000000
 0.4 3.000000
 0.5 3.000000
 0.6 3.000000
 0.7 3.000000
 0.8 3.000000
 0.9 3.000000
 1.0 3.000000
 1.1 3.000000
 1.2 3.000000
 1.3 3.000000
 1.4 3.000000
 1.5 3.000000
 1.6 3.000000
 1.7 3.000000
 1.8 3.000000
 1.9 3.000000
 2.0 3.000000
 2.1 3.000000
 2.2 3.000000
 2.3 2.524390
 2.4 1.888889
 2.5 1.125000
 2.6 1.000000
 2.7 0.818182
 2.8 0.208333
 2.9 -0.900000
 3.0 -0.718231
 3.1 -0.667000
 3.2 -1.027419
 3.3 -1.083357
 3.4 -1.430333
 3.5 -0.379387
 3.6 0.043684
 3.7 -0.512154
 3.8 -0.499000
 3.9 -0.367947
 4.0 -0.176750
 4.1 0.167000
 4.2 0.340111
 4.3 0.667000
 4.4 0.791500
 4.5 0.919333
 4.6 1.166000
 4.7 1.083000
 4.8 1.083000
 4.9 1.083000
 5.0 1.083000
 5.1 1.083000
 5.2 1.238071
 5.3 1.250000
 5.4 1.250000
 5.5 0.819500
 5.6 0.396333
 5.7 0.472522

LEU 97
 0.0 3.000000
 0.1 3.000000
 0.2 3.000000
 0.3 3.000000
 0.4 3.000000
 0.5 3.000000
 0.6 3.000000
 0.7 3.000000
 0.8 3.000000
 0.9 3.000000
 1.0 3.000000
 1.1 3.000000
 1.2 3.000000
 1.3 3.000000
 1.4 3.000000
 1.5 3.000000
 1.6 3.000000
 1.7 3.000000
 1.8 3.000000
 1.9 3.000000
 2.0 3.000000
 2.1 3.000000
 2.2 3.000000
 2.3 2.365854
 2.4 1.388889
 2.5 1.000000
 2.6 1.000000
 2.7 1.000000
 2.8 0.833333
 2.9 0.100000
 3.0 -0.141308
 3.1 -0.167000
 3.2 -0.720355
 3.3 -1.333321
 3.4 -1.513500
 3.5 -2.121000
 3.6 -1.842395
 3.7 -2.275308
 3.8 -2.166000
 3.9 -1.640211
 4.0 -1.187500
 4.1 -0.573778
 4.2 -0.746407
 4.3 -0.833000
 4.4 -0.547571
 4.5 -0.395074
 4.6 -0.060727
 4.7 -0.083000
 4.8 -0.083000
 4.9 -0.083000
 5.0 0.278111
 5.1 0.130312
 5.2 -0.083000
 5.3 -0.138333
 5.4 0.000000
 5.5 0.402267
 5.6 -0.351000
 5.7 -1.136826

GLN 98
 0.0 3.000000
 0.1 3.000000
 0.2 3.000000
 0.3 3.000000
 0.4 3.000000
 0.5 3.000000
 0.6 3.000000
 0.7 3.000000
 0.8 3.000000
 0.9 3.000000
 1.0 3.000000
 1.1 3.000000
 1.2 3.000000
 1.3 3.000000
 1.4 3.000000
 1.5 3.000000
 1.6 3.000000
 1.7 3.000000
 1.8 3.000000
 1.9 3.000000
 2.0 3.000000
 2.1 3.000000
 2.2 3.000000
 2.3 2.512195
 2.4 2.000000
 2.5 2.000000
 2.6 2.000000
 2.7 2.000000
 2.8 2.000000
 2.9 2.000000
 3.0 2.000000
 3.1 2.000000
 3.2 1.112903
 3.3 1.000000
 3.4 1.000000
 3.5 0.682806
 3.6 0.443211
 3.7 0.237846
 3.8 0.000000
 3.9 0.131842
 4.0 0.167000
 4.1 0.167000
 4.2 0.087074
 4.3 0.001000
 4.4 -0.142143
 4.5 -0.388185
 4.6 -0.999000
 4.7 -0.999000
 4.8 -0.999000
 4.9 -0.999000
 5.0 -0.999000
 5.1 -0.999000
 5.2 -0.999000
 5.3 -0.999000
 5.4 -0.999000
 5.5 -0.924300
 5.6 -0.916000
 5.7 -1.175391

LYS 99
 0.0 3.000000
 0.1 3.000000
 0.2 3.000000
 0.3 3.000000
 0.4 3.000000
 0.5 3.000000
 0.6 3.000000
 0.7 3.000000
 0.8 3.000000
 0.9 3.000000
 1.0 3.000000
 1.1 3.000000
 1.2 3.000000
 1.3 3.000000
 1.4 3.000000
 1.5 3.000000
 1.6 3.000000
 1.7 3.000000
 1.8 3.000000
 1.9 3.000000
 2.0 3.000000
 2.1 3.000000
 2.2 3.000000
 2.3 2.817073
 2.4 2.500000
 2.5 2.500000
 2.6 2.500000
 2.7 2.500000
 2.8 2.500000
 2.9 2.500000
 3.0 2.500000
 3.1 2.500000
 3.2 2.112903
 3.3 2.000000
 3.4 1.958333
 3.5 1.279548
 3.6 1.443211
 3.7 1.334000
 3.8 1.334000
 3.9 1.334000
 4.0 1.334000
 4.1 1.334000
 4.2 1.334000
 4.3 1.334000
 4.4 1.190857
 4.5 0.987852
 4.6 0.500000
 4.7 0.500000
 4.8 0.500000
 4.9 0.500000
 5.0 0.500000
 5.1 0.500000
 5.2 0.500000
 5.3 0.500000
 5.4 0.500000
 5.5 0.500000
 5.6 0.500000
 5.7 0.500000

ASP 110
 0.0 3.000000
 0.1 3.000000
 0.2 3.000000
 0.3 3.000000
 0.4 3.000000
 0.5 3.000000
 0.6 3.000000
 0.7 3.000000
 0.8 3.000000
 0.9 3.000000
 1.0 3.000000
 1.1 3.000000
 1.2 3.000000
 1.3 3.000000
 1.4 3.000000
 1.5 3.000000
 1.6 3.000000
 1.7 3.000000
 1.8 3.000000
 1.9 2.500000
 2.0 2.500000
 2.1 2.250000
 2.2 2.000000
 2.3 1.731707
 2.4 1.500000
 2.5 1.500000
 2.6 1.544133
 2.7 1.310273
 2.8 0.833000
 2.9 0.944333
 3.0 1.167000
 3.1 0.667000
 3.2 0.167000
 3.3 0.167000
 3.4 0.416750
 3.5 0.435484
 3.6 0.000000
 3.7 0.128077
 3.8 0.333000
 3.9 0.333000
 4.0 0.333000
 4.1 0.283815
 4.2 0.315444
 4.3 0.334000
 4.4 0.334000
 4.5 0.334000
 4.6 0.455455
 4.7 0.417500
 4.8 0.334000
 4.9 0.334000
 5.0 0.334000
 5.1 0.198313
 5.2 0.167000
 5.3 0.167000
 5.4 0.000000
 5.5 -0.011133
 5.6 -0.167000
 5.7 -0.167000

TYR 111
 0.0 3.000000
 0.1 3.000000
 0.2 3.000000
 0.3 3.000000
 0.4 3.000000
 0.5 3.000000
 0.6 3.000000
 0.7 3.000000
 0.8 3.000000
 0.9 3.000000
 1.0 3.000000
 1.1 3.000000
 1.2 3.000000
 1.3 3.000000
 1.4 3.000000
 1.5 3.000000
 1.6 3.000000
 1.7 3.000000
 1.8 3.000000
 1.9 3.000000
 2.0 3.000000
 2.1 2.750000
 2.2 2.293103
 2.3 1.731707
 2.4 1.500000
 2.5 1.500000
 2.6 1.077467
 2.7 0.833000
 2.8 0.833000
 2.9 0.777667
 3.0 0.667000
 3.1 -0.148789
 3.2 -0.833000
 3.3 -0.833000
 3.4 -0.958250
 3.5 -1.064516
 3.6 -1.500000
 3.7 -1.563846
 3.8 -1.583000
 3.9 -1.473211
 4.0 -1.999000
 4.1 -1.999000
 4.2 -1.253296
 4.3 -1.167000
 4.4 -1.001000
 4.5 -1.001000
 4.6 -0.424091
 4.7 -0.333000
 4.8 -0.096769
 4.9 -0.001000
 5.0 -0.001000
 5.1 -0.001000
 5.2 -0.001000
 5.3 -0.001000
 5.4 -0.333000
 5.5 -0.189267
 5.6 -0.730000
 5.7 -0.470957

ASP 112
 0.0 3.000000
 0.1 3.000000
 0.2 3.000000
 0.3 3.000000
 0.4 3.000000
 0.5 3.000000
 0.6 3.000000
 0.7 3.000000
 0.8 3.000000
 0.9 3.000000
 1.0 3.000000
 1.1 3.000000
 1.2 3.000000
 1.3 3.000000
 1.4 3.000000
 1.5 3.000000
 1.6 3.000000
 1.7 3.000000
 1.8 3.000000
 1.9 2.500000
 2.0 2.500000
 2.1 2.500000
 2.2 2.103448
 2.3 1.500000
 2.4 1.500000
 2.5 0.833333
 2.6 0.344133
 2.7 0.310273
 2.8 -0.167000
 2.9 -0.689333
 3.0 -1.064769
 3.1 -1.728737
 3.2 -2.334000
 3.3 -2.334000
 3.4 -2.458500
 3.5 -2.500000
 3.6 -2.500000
 3.7 -2.563846
 3.8 -2.333000
 3.9 -1.482421
 4.0 -1.166000
 4.1 -1.116815
 4.2 -0.234889
 4.3 -0.167000
 4.4 -0.447000
 4.5 -0.666000
 4.6 -0.468955
 4.7 -0.250000
 4.8 -0.167000
 4.9 -0.167000
 5.0 -0.167000
 5.1 -0.093125
 5.2 -0.166000
 5.3 -0.166000
 5.4 -0.500000
 5.5 -0.522267
 5.6 -0.813125
 5.7 -0.667000

THR 113
 0.0 3.000000
 0.1 3.000000
 0.2 3.000000
 0.3 3.000000
 0.4 3.000000
 0.5 3.000000
 0.6 3.000000
 0.7 3.000000
 0.8 3.000000
 0.9 3.000000
 1.0 3.000000
 1.1 3.000000
 1.2 3.000000
 1.3 3.000000
 1.4 3.000000
 1.5 3.000000
 1.6 3.000000
 1.7 3.000000
 1.8 3.000000
 1.9 3.000000
 2.0 3.000000
 2.1 3.000000
 2.2 2.810345
 2.3 2.500000
 2.4 2.500000
 2.5 1.833333
 2.6 1.500000
 2.7 1.500000
 2.8 1.500000
 2.9 1.033333
 3.0 0.769231
 3.1 0.421053
 3.2 0.000000
 3.3 0.000000
 3.4 0.000000
 3.5 0.000000
 3.6 0.000000
 3.7 0.000000
 3.8 0.083500
 3.9 0.280579
 4.0 0.333000
 4.1 0.333000
 4.2 0.487630
 4.3 0.500000
 4.4 0.363143
 4.5 -0.166000
 4.6 0.530636
 4.7 0.667000
 4.8 0.333192
 4.9 -0.667000
 5.0 -0.667000
 5.1 -0.542125
 5.2 -0.334000
 5.3 -0.334000
 5.4 -0.501000
 5.5 -0.650233
 5.6 -0.666000
 5.7 -0.666000

ASN 124
 0.0 3.000000
 0.1 3.000000
 0.2 3.000000
 0.3 3.000000
 0.4 3.000000
 0.5 3.000000
 0.6 3.000000
 0.7 3.000000
 0.8 3.000000
 0.9 3.000000
 1.0 3.000000
 1.1 3.000000
 1.2 3.000000
 1.3 3.000000
 1.4 3.000000
 1.5 3.000000
 1.6 3.000000
 1.7 3.000000
 1.8 3.000000
 1.9 3.000000
 2.0 3.000000
 2.1 2.625000
 2.2 2.500000
 2.3 2.378049
 2.4 2.000000
 2.5 2.000000
 2.6 2.000000
 2.7 2.000000
 2.8 1.666667
 2.9 1.500000
 3.0 1.500000
 3.1 1.013158
 3.2 0.806452
 3.3 1.357107
 3.4 2.000000
 3.5 1.596774
 3.6 1.184211
 3.7 0.750000
 3.8 0.439318
 3.9 -0.535421
 4.0 -0.416500
 4.1 -0.616815
 4.2 -0.691593
 4.3 -0.409542
 4.4 -0.190143
 4.5 0.167000
 4.6 0.167000
 4.7 0.071714
 4.8 -0.166731
 4.9 -0.006357
 5.0 0.221889
 5.1 0.510375
 5.2 0.235786
 5.3 0.007500
 5.4 0.046474
 5.5 -0.454233
 5.6 -0.036083
 5.7 0.018304

LEU 125
 0.0 3.000000
 0.1 3.000000
 0.2 3.000000
 0.3 3.000000
 0.4 3.000000
 0.5 3.000000
 0.6 3.000000
 0.7 3.000000
 0.8 3.000000
 0.9 3.000000
 1.0 3.000000
 1.1 3.000000
 1.2 3.000000
 1.3 3.000000
 1.4 3.000000
 1.5 3.000000
 1.6 3.000000
 1.7 3.000000
 1.8 3.000000
 1.9 3.000000
 2.0 3.000000
 2.1 3.000000
 2.2 3.000000
 2.3 2.695122
 2.4 1.500000
 2.5 1.500000
 2.6 1.200000
 2.7 0.909091
 2.8 0.500000
 2.9 0.500000
 3.0 0.500000
 3.1 0.500000
 3.2 0.123774
 3.3 -0.142571
 3.4 0.501000
 3.5 0.586677
 3.6 0.351211
 3.7 -0.083000
 3.8 -0.370727
 3.9 -0.867421
 4.0 -0.999000
 4.1 -1.079519
 4.2 -0.882333
 4.3 -0.833000
 4.4 -0.553786
 4.5 -0.001000
 4.6 -0.001000
 4.7 0.119000
 4.8 0.167000
 4.9 0.232214
 5.0 0.250000
 5.1 0.322625
 5.2 0.283286
 5.3 0.220889
 5.4 0.231053
 5.5 0.179467
 5.6 0.020375
 5.7 -0.002478

ASP 126
 0.0 3.000000
 0.1 3.000000
 0.2 3.000000
 0.3 3.000000
 0.4 3.000000
 0.5 3.000000
 0.6 3.000000
 0.7 3.000000
 0.8 3.000000
 0.9 3.000000
 1.0 3.000000
 1.1 3.000000
 1.2 3.000000
 1.3 3.000000
 1.4 3.000000
 1.5 3.000000
 1.6 3.000000
 1.7 3.000000
 1.8 3.000000
 1.9 3.000000
 2.0 3.000000
 2.1 3.000000
 2.2 2.844828
 2.3 2.317073
 2.4 1.000000
 2.5 1.000000
 2.6 0.700000
 2.7 0.090909
 2.8 -0.875000
 2.9 -1.000000
 3.0 -1.167000
 3.1 -1.210684
 3.2 -1.338613
 3.3 -1.243714
 3.4 -0.333000
 3.5 0.048226
 3.6 0.499000
 3.7 0.499000
 3.8 0.423545
 3.9 0.167000
 4.0 0.384875
 4.1 0.363741
 4.2 0.308407
 4.3 0.402167
 4.4 0.588464
 4.5 0.734037
 4.6 0.833000
 4.7 0.857000
 4.8 0.955308
 4.9 0.672357
 5.0 0.583000
 5.1 0.511250
 5.2 0.236571
 5.3 -0.353611
 5.4 -0.479526
 5.5 -0.631367
 5.6 -0.931917
 5.7 -0.959913

GLY 127
 0.0 3.000000
 0.1 3.000000
 0.2 3.000000
 0.3 3.000000
 0.4 3.000000
 0.5 3.000000
 0.6 3.000000
 0.7 3.000000
 0.8 3.000000
 0.9 3.000000
 1.0 3.000000
 1.1 3.000000
 1.2 3.000000
 1.3 3.000000
 1.4 3.000000
 1.5 3.000000
 1.6 3.000000
 1.7 3.000000
 1.8 3.000000
 1.9 3.000000
 2.0 2.500000
 2.1 2.125000
 2.2 1.844828
 2.3 1.036585
 2.4 0.000000
 2.5 0.000000
 2.6 -0.100000
 2.7 -1.068182
 2.8 -1.875000
 2.9 -2.000000
 3.0 -1.936231
 3.1 -3.158316
 3.2 -3.645710
 3.3 -3.422607
 3.4 -3.249667
 3.5 -3.096419
 3.6 -2.429684
 3.7 -2.115269
 3.8 -2.075909
 3.9 -2.334000
 4.0 -1.583375
 4.1 -1.167000
 4.2 -1.049481
 4.3 -1.131333
 4.4 -0.000357
 4.5 0.801667
 4.6 1.211364
 4.7 1.975500
 4.8 2.255846
 4.9 2.654929
 5.0 2.687333
 5.1 2.900000
 5.2 1.939429
 5.3 0.906500
 5.4 1.005000
 5.5 0.722967
 5.6 0.549542
 5.7 0.715348

THR 128
 0.0 3.000000
 0.1 3.000000
 0.2 3.000000
 0.3 3.000000
 0.4 3.000000
 0.5 3.000000
 0.6 3.000000
 0.7 3.000000
 0.8 3.000000
 0.9 3.000000
 1.0 3.000000
 1.1 3.000000
 1.2 3.000000
 1.3 3.000000
 1.4 3.000000
 1.5 3.000000
 1.6 3.000000
 1.7 3.000000
 1.8 3.000000
 1.9 3.000000
 2.0 3.000000
 2.1 3.000000
 2.2 3.000000
 2.3 2.536585
 2.4 2.000000
 2.5 2.000000
 2.6 1.900000
 2.7 1.250000
 2.8 0.666667
 2.9 0.500000
 3.0 0.333000
 3.1 -0.039632
 3.2 -0.203968
 3.3 -0.333000
 3.4 -0.749667
 3.5 -1.198516
 3.6 -1.166000
 3.7 -1.275192
 3.8 -1.355727
 3.9 -1.833000
 4.0 -1.739937
 4.1 -1.462889
 4.2 -1.500000
 4.3 -1.653083
 4.4 -1.404857
 4.5 -0.895259
 4.6 -0.591091
 4.7 -1.035429
 4.8 -1.210692
 4.9 -0.779643
 5.0 -0.405500
 5.1 0.316000
 5.2 0.057714
 5.3 -0.591778
 5.4 -0.550842
 5.5 -0.058333
 5.6 0.497875
 5.7 0.608217

ASP 140
 0.0 3.000000
 0.1 3.000000
 0.2 3.000000
 0.3 3.000000
 0.4 3.000000
 0.5 3.000000
 0.6 3.000000
 0.7 3.000000
 0.8 3.000000
 0.9 3.000000
 1.0 3.000000
 1.1 3.000000
 1.2 3.000000
 1.3 3.000000
 1.4 3.000000
 1.5 3.000000
 1.6 3.000000
 1.7 3.000000
 1.8 3.000000
 1.9 3.000000
 2.0 3.000000
 2.1 3.000000
 2.2 2.517241
 2.3 2.024390
 2.4 2.000000
 2.5 2.000000
 2.6 2.000000
 2.7 2.000000
 2.8 2.000000
 2.9 2.011133
 3.0 2.167000
 3.1 2.276211
 3.2 2.483839
 3.3 2.500000
 3.4 2.500000
 3.5 2.500000
 3.6 1.841789
 3.7 1.820231
 3.8 1.667000
 3.9 1.561737
 4.0 1.167000
 4.1 1.167000
 4.2 1.167000
 4.3 0.854500
 4.4 0.667000
 4.5 0.580407
 4.6 0.333000
 4.7 0.362786
 4.8 0.371231
 4.9 -0.440857
 5.0 -0.250000
 5.1 -0.312625
 5.2 -0.417000
 5.3 -0.269000
 5.4 0.139684
 5.5 -0.031033
 5.6 0.500000
 5.7 0.391304

PRO 141
 0.0 2.000000
 0.1 2.000000
 0.2 2.000000
 0.3 2.000000
 0.4 2.000000
 0.5 2.000000
 0.6 2.000000
 0.7 2.000000
 0.8 2.000000
 0.9 2.000000
 1.0 2.000000
 1.1 2.000000
 1.2 2.000000
 1.3 2.000000
 1.4 2.000000
 1.5 2.000000
 1.6 2.000000
 1.7 2.000000
 1.8 2.000000
 1.9 2.000000
 2.0 2.000000
 2.1 2.000000
 2.2 1.793103
 2.3 1.024390
 2.4 0.555556
 2.5 0.500000
 2.6 0.500000
 2.7 0.500000
 2.8 0.083333
 2.9 0.022200
 3.0 0.333000
 3.1 0.250105
 3.2 0.188548
 3.3 0.334000
 3.4 0.334000
 3.5 0.334000
 3.6 -0.004368
 3.7 -0.012769
 3.8 -0.166000
 3.9 -0.166000
 4.0 -0.166000
 4.1 -0.166000
 4.2 -0.166000
 4.3 -0.478500
 4.4 -0.636357
 4.5 -0.487667
 4.6 -0.167000
 4.7 -0.149214
 4.8 -0.084000
 4.9 -0.084000
 5.0 -0.084000
 5.1 -0.084000
 5.2 -0.084000
 5.3 -0.157778
 5.4 -0.201211
 5.5 -0.113400
 5.6 0.084000
 5.7 0.047478

ASN 142
 0.0 3.000000
 0.1 3.000000
 0.2 3.000000
 0.3 3.000000
 0.4 3.000000
 0.5 3.000000
 0.6 3.000000
 0.7 3.000000
 0.8 3.000000
 0.9 3.000000
 1.0 3.000000
 1.1 3.000000
 1.2 3.000000
 1.3 3.000000
 1.4 3.000000
 1.5 3.000000
 1.6 3.000000
 1.7 3.000000
 1.8 3.000000
 1.9 3.000000
 2.0 3.000000
 2.1 3.000000
 2.2 2.793103
 2.3 2.024390
 2.4 1.055556
 2.5 0.958333
 2.6 0.500000
 2.7 0.477273
 2.8 -0.416667
 2.9 -0.488867
 3.0 -0.333000
 3.1 -0.749447
 3.2 -0.881742
 3.3 -0.334000
 3.4 -0.334000
 3.5 -0.334000
 3.6 0.473684
 3.7 0.474308
 3.8 0.166000
 3.9 0.166000
 4.0 0.166000
 4.1 0.166000
 4.2 -0.130296
 4.3 -0.222667
 4.4 0.166214
 4.5 0.901519
 4.6 1.001000
 4.7 0.959286
 4.8 0.981538
 4.9 1.012429
 5.0 0.917000
 5.1 0.917000
 5.2 0.917000
 5.3 1.065000
 5.4 1.499895
 5.5 1.463200
 5.6 1.333000
 5.7 1.079957

GLY 143
 0.0 3.000000
 0.1 3.000000
 0.2 3.000000
 0.3 3.000000
 0.4 3.000000
 0.5 3.000000
 0.6 3.000000
 0.7 3.000000
 0.8 3.000000
 0.9 3.000000
 1.0 3.000000
 1.1 3.000000
 1.2 3.000000
 1.3 3.000000
 1.4 3.000000
 1.5 3.000000
 1.6 3.000000
 1.7 3.000000
 1.8 3.000000
 1.9 3.000000
 2.0 3.000000
 2.1 3.000000
 2.2 2.517241
 2.3 1.670732
 2.4 1.000000
 2.5 0.958333
 2.6 0.500000
 2.7 0.477273
 2.8 0.000000
 2.9 0.022200
 3.0 0.333000
 3.1 0.223789
 3.2 -0.563968
 3.3 -0.500000
 3.4 -0.500000
 3.5 -0.500000
 3.6 -0.535737
 3.7 -0.859538
 3.8 -1.484182
 3.9 -1.771263
 4.0 -2.166000
 4.1 -2.184519
 4.2 -2.962296
 4.3 -2.617625
 4.4 -1.773750
 4.5 -0.999037
 4.6 -1.166000
 4.7 -1.172071
 4.8 -1.365615
 4.9 -1.488143
 5.0 -1.583000
 5.1 -1.583000
 5.2 -1.583000
 5.3 -1.360778
 5.4 -0.710789
 5.5 -0.653133
 5.6 -0.167000
 5.7 -0.203087

LEU 144
 0.0 3.000000
 0.1 3.000000
 0.2 3.000000
 0.3 3.000000
 0.4 3.000000
 0.5 3.000000
 0.6 3.000000
 0.7 3.000000
 0.8 3.000000
 0.9 3.000000
 1.0 3.000000
 1.1 3.000000
 1.2 3.000000
 1.3 3.000000
 1.4 3.000000
 1.5 3.000000
 1.6 3.000000
 1.7 3.000000
 1.8 3.000000
 1.9 3.000000
 2.0 3.000000
 2.1 3.000000
 2.2 3.000000
 2.3 2.414634
 2.4 2.000000
 2.5 2.000000
 2.6 2.000000
 2.7 2.000000
 2.8 2.000000
 2.9 2.000000
 3.0 2.000000
 3.1 1.894737
 3.2 1.500000
 3.3 1.392857
 3.4 1.000000
 3.5 1.000000
 3.6 0.434211
 3.7 0.000000
 3.8 -0.318182
 3.9 -0.500000
 4.0 -0.500000
 4.1 -0.518519
 4.2 -1.462963
 4.3 -0.868458
 4.4 -0.530429
 4.5 -0.494815
 4.6 -0.501000
 4.7 -0.501000
 4.8 -0.501000
 4.9 -0.501000
 5.0 -0.501000
 5.1 -0.501000
 5.2 -0.501000
 5.3 -0.889889
 5.4 -1.001000
 5.5 -1.428133
 5.6 -1.583000
 5.7 -1.583000

PRO 145
 0.0 2.000000
 0.1 2.000000
 0.2 2.000000
 0.3 2.000000
 0.4 2.000000
 0.5 2.000000
 0.6 2.000000
 0.7 2.000000
 0.8 2.000000
 0.9 2.000000
 1.0 2.000000
 1.1 2.000000
 1.2 2.000000
 1.3 2.000000
 1.4 2.000000
 1.5 2.000000
 1.6 2.000000
 1.7 2.000000
 1.8 2.000000
 1.9 2.000000
 2.0 2.000000
 2.1 2.000000
 2.2 2.000000
 2.3 1.768293
 2.4 1.500000
 2.5 1.500000
 2.6 1.500000
 2.7 1.500000
 2.8 1.500000
 2.9 1.500000
 3.0 1.500000
 3.1 1.500000
 3.2 1.500000
 3.3 1.392857
 3.4 1.000000
 3.5 1.000000
 3.6 0.631579
 3.7 0.500000
 3.8 0.500000
 3.9 0.500000
 4.0 0.500000
 4.1 0.500000
 4.2 0.037037
 4.3 0.208542
 4.4 0.500000
 4.5 0.500000
 4.6 0.500000
 4.7 0.500000
 4.8 0.500000
 4.9 0.500000
 5.0 0.500000
 5.1 0.500000
 5.2 0.500000
 5.3 0.111111
 5.4 0.000000
 5.5 -0.433333
 5.6 -0.500000
 5.7 -0.500000

LEU 159
 0.0 3.000000
 0.1 3.000000
 0.2 3.000000
 0.3 3.000000
 0.4 3.000000
 0.5 3.000000
 0.6 3.000000
 0.7 3.000000
 0.8 3.000000
 0.9 3.000000
 1.0 3.000000
 1.1 3.000000
 1.2 3.000000
 1.3 3.000000
 1.4 3.000000
 1.5 3.000000
 1.6 3.000000
 1.7 3.000000
 1.8 3.000000
 1.9 3.000000
 2.0 2.666667
 2.1 2.500000
 2.2 2.137931
 2.3 1.500000
 2.4 1.500000
 2.5 1.500000
 2.6 1.500000
 2.7 0.886364
 2.8 0.500000
 2.9 0.500000
 3.0 0.500000
 3.1 0.315789
 3.2 0.000000
 3.3 0.226071
 3.4 0.333000
 3.5 0.333000
 3.6 0.333000
 3.7 0.500000
 3.8 0.667000
 3.9 0.667000
 4.0 0.667000
 4.1 0.704111
 4.2 0.834000
 4.3 0.834000
 4.4 0.834000
 4.5 0.852444
 4.6 1.000000
 4.7 1.000000
 4.8 1.000000
 4.9 1.000000
 5.0 1.156778
 5.1 1.166000
 5.2 1.166000
 5.3 1.166000
 5.4 0.850737
 5.5 0.667000
 5.6 0.625333
 5.7 -0.187609

CYS 160
 0.0 3.000000
 0.1 3.000000
 0.2 3.000000
 0.3 3.000000
 0.4 3.000000
 0.5 3.000000
 0.6 3.000000
 0.7 3.000000
 0.8 3.000000
 0.9 3.000000
 1.0 3.000000
 1.1 3.000000
 1.2 3.000000
 1.3 3.000000
 1.4 3.000000
 1.5 3.000000
 1.6 3.000000
 1.7 3.000000
 1.8 3.000000
 1.9 3.000000
 2.0 2.666667
 2.1 2.500000
 2.2 2.137931
 2.3 1.219512
 2.4 0.500000
 2.5 0.500000
 2.6 0.466667
 2.7 -0.659091
 2.8 -1.500000
 2.9 -1.500000
 3.0 -1.500000
 3.1 -1.684211
 3.2 -2.354839
 3.3 -1.845000
 3.4 -1.666000
 3.5 -1.666000
 3.6 -1.666000
 3.7 -1.012731
 3.8 -0.667000
 3.9 -0.667000
 4.0 -0.635688
 4.1 -0.246852
 4.2 0.438148
 4.3 0.500000
 4.4 0.500000
 4.5 0.574000
 4.6 1.166000
 4.7 1.166000
 4.8 1.178846
 4.9 1.356857
 5.0 2.231056
 5.1 2.333000
 5.2 2.333000
 5.3 2.545778
 5.4 2.324684
 5.5 2.000000
 5.6 2.000000
 5.7 1.767652

LEU 161
 0.0 3.000000
 0.1 3.000000
 0.2 3.000000
 0.3 3.000000
 0.4 3.000000
 0.5 3.000000
 0.6 3.000000
 0.7 3.000000
 0.8 3.000000
 0.9 3.000000
 1.0 3.000000
 1.1 3.000000
 1.2 3.000000
 1.3 3.000000
 1.4 3.000000
 1.5 3.000000
 1.6 3.000000
 1.7 3.000000
 1.8 3.000000
 1.9 3.000000
 2.0 3.000000
 2.1 3.000000
 2.2 2.706897
 2.3 1.073171
 2.4 0.000000
 2.5 0.000000
 2.6 -0.033333
 2.7 -0.840909
 2.8 -2.000000
 2.9 -2.000000
 3.0 -2.000000
 3.1 -2.421053
 3.2 -3.290323
 3.3 -3.559071
 3.4 -3.471583
 3.5 -3.171387
 3.6 -3.017026
 3.7 -2.429731
 3.8 -1.334000
 3.9 -1.500000
 4.0 -1.374937
 4.1 -0.376148
 4.2 0.376667
 4.3 0.597125
 4.4 0.833000
 4.5 1.271333
 4.6 1.454727
 4.7 1.334000
 4.8 1.314577
 4.9 1.380571
 5.0 2.091833
 5.1 2.166000
 5.2 2.130286
 5.3 2.018278
 5.4 1.411842
 5.5 1.027400
 5.6 1.143833
 5.7 0.928522

ALA 162
 0.0 3.000000
 0.1 3.000000
 0.2 3.000000
 0.3 3.000000
 0.4 3.000000
 0.5 3.000000
 0.6 3.000000
 0.7 3.000000
 0.8 3.000000
 0.9 3.000000
 1.0 3.000000
 1.1 3.000000
 1.2 3.000000
 1.3 3.000000
 1.4 3.000000
 1.5 3.000000
 1.6 3.000000
 1.7 3.000000
 1.8 3.000000
 1.9 3.000000
 2.0 3.000000
 2.1 3.000000
 2.2 2.706897
 2.3 1.536585
 2.4 1.000000
 2.5 1.000000
 2.6 1.000000
 2.7 0.704545
 2.8 0.000000
 2.9 0.000000
 3.0 0.000000
 3.1 0.000000
 3.2 -0.758065
 3.3 -0.940357
 3.4 -0.847000
 3.5 -0.951516
 3.6 -1.074263
 3.7 -1.121038
 3.8 -0.999000
 3.9 -0.999000
 4.0 -0.967875
 4.1 -0.727852
 4.2 -0.555333
 4.3 -0.382708
 4.4 -0.501000
 4.5 -0.636259
 4.6 -0.667000
 4.7 -0.667000
 4.8 -0.654154
 4.9 -0.797571
 5.0 -0.426000
 5.1 -0.167000
 5.2 -0.178857
 5.3 -0.286889
 5.4 -0.648684
 5.5 -0.838000
 5.6 -0.883000
 5.7 -0.912217

ARG 163
 0.0 3.000000
 0.1 3.000000
 0.2 3.000000
 0.3 3.000000
 0.4 3.000000
 0.5 3.000000
 0.6 3.000000
 0.7 3.000000
 0.8 3.000000
 0.9 3.000000
 1.0 3.000000
 1.1 3.000000
 1.2 3.000000
 1.3 3.000000
 1.4 3.000000
 1.5 3.000000
 1.6 3.000000
 1.7 3.000000
 1.8 3.000000
 1.9 3.000000
 2.0 3.000000
 2.1 3.000000
 2.2 3.000000
 2.3 2.524390
 2.4 1.500000
 2.5 1.500000
 2.6 1.100000
 2.7 0.886364
 2.8 0.500000
 2.9 0.500000
 3.0 0.500000
 3.1 0.500000
 3.2 -0.532258
 3.3 -0.762143
 3.4 -0.014333
 3.5 0.290613
 3.6 0.259289
 3.7 0.167000
 3.8 0.167000
 3.9 0.333000
 4.0 0.676438
 4.1 0.833000
 4.2 0.752593
 4.3 0.617583
 4.4 0.500000
 4.5 0.364741
 4.6 0.379273
 4.7 0.500000
 4.8 0.480615
 4.9 0.856143
 5.0 0.999000
 5.1 1.207750
 5.2 1.297286
 5.3 0.833000
 5.4 0.833000
 5.5 0.828100
 5.6 0.922333
 5.7 0.950000

GLN 164
 0.0 3.000000
 0.1 3.000000
 0.2 3.000000
 0.3 3.000000
 0.4 3.000000
 0.5 3.000000
 0.6 3.000000
 0.7 3.000000
 0.8 3.000000
 0.9 3.000000
 1.0 3.000000
 1.1 3.000000
 1.2 3.000000
 1.3 3.000000
 1.4 3.000000
 1.5 3.000000
 1.6 3.000000
 1.7 3.000000
 1.8 3.000000
 1.9 3.000000
 2.0 3.000000
 2.1 3.000000
 2.2 2.706897
 2.3 1.341463
 2.4 0.000000
 2.5 0.000000
 2.6 -0.400000
 2.7 -0.977273
 2.8 -1.500000
 2.9 -1.933333
 3.0 -2.000000
 3.1 -2.460526
 3.2 -3.709677
 3.3 -3.940357
 3.4 -2.875167
 3.5 -2.000000
 3.6 -2.000000
 3.7 -2.000000
 3.8 -2.000000
 3.9 -2.000000
 4.0 -0.687125
 4.1 -0.629963
 4.2 -0.728852
 4.3 -0.200792
 4.4 -0.064857
 4.5 0.926000
 4.6 1.000000
 4.7 0.964286
 4.8 0.628154
 4.9 1.548071
 5.0 1.334000
 5.1 1.229625
 5.2 1.095500
 5.3 0.351000
 5.4 0.499000
 5.5 0.485800
 5.6 0.367000
 5.7 0.410478

TYR 165
 0.0 3.000000
 0.1 3.000000
 0.2 3.000000
 0.3 3.000000
 0.4 3.000000
 0.5 3.000000
 0.6 3.000000
 0.7 3.000000
 0.8 3.000000
 0.9 3.000000
 1.0 3.000000
 1.1 3.000000
 1.2 3.000000
 1.3 3.000000
 1.4 3.000000
 1.5 3.000000
 1.6 3.000000
 1.7 3.000000
 1.8 3.000000
 1.9 3.000000
 2.0 3.000000
 2.1 3.000000
 2.2 2.706897
 2.3 1.768293
 2.4 1.000000
 2.5 1.000000
 2.6 1.000000
 2.7 0.636364
 2.8 0.500000
 2.9 0.066667
 3.0 0.000000
 3.1 -0.039474
 3.2 -0.951613
 3.3 -1.000000
 3.4 -0.958250
 3.5 -0.978161
 3.6 -1.333000
 3.7 -1.659923
 3.8 -1.833000
 3.9 -1.833000
 4.0 -1.364625
 4.1 -1.277778
 4.2 -1.543296
 4.3 -1.138958
 4.4 -1.077536
 4.5 -0.771889
 4.6 -0.568318
 4.7 -0.368714
 4.8 -0.871538
 4.9 0.047571
 5.0 0.667000
 5.1 0.563250
 5.2 0.441429
 5.3 -0.333000
 5.4 -0.333000
 5.5 -0.338000
 5.6 -0.383000
 5.7 -0.383000

ARG 166
 0.0 3.000000
 0.1 3.000000
 0.2 3.000000
 0.3 3.000000
 0.4 3.000000
 0.5 3.000000
 0.6 3.000000
 0.7 3.000000
 0.8 3.000000
 0.9 3.000000
 1.0 3.000000
 1.1 3.000000
 1.2 3.000000
 1.3 3.000000
 1.4 3.000000
 1.5 3.000000
 1.6 3.000000
 1.7 3.000000
 1.8 3.000000
 1.9 3.000000
 2.0 3.000000
 2.1 3.000000
 2.2 2.672414
 2.3 2.268293
 2.4 2.000000
 2.5 2.000000
 2.6 2.000000
 2.7 2.000000
 2.8 2.000000
 2.9 2.000000
 3.0 2.000000
 3.1 1.631579
 3.2 1.048387
 3.3 1.000000
 3.4 0.645833
 3.5 0.354839
 3.6 -0.355263
 3.7 -0.826923
 3.8 -1.174182
 3.9 -1.333000
 4.0 -1.426875
 4.1 -2.148667
 4.2 -2.334000
 4.3 -2.201792
 4.4 -2.030107
 4.5 -1.222667
 4.6 -0.886364
 4.7 -0.333000
 4.8 -0.088923
 4.9 0.001000
 5.0 0.001000
 5.1 0.001000
 5.2 0.001000
 5.3 -0.091778
 5.4 -0.166000
 5.5 -0.449333
 5.6 -1.041000
 5.7 -1.166000

LEU 167
 0.0 3.000000
 0.1 3.000000
 0.2 3.000000
 0.3 3.000000
 0.4 3.000000
 0.5 3.000000
 0.6 3.000000
 0.7 3.000000
 0.8 3.000000
 0.9 3.000000
 1.0 3.000000
 1.1 3.000000
 1.2 3.000000
 1.3 3.000000
 1.4 3.000000
 1.5 3.000000
 1.6 3.000000
 1.7 3.000000
 1.8 3.000000
 1.9 3.000000
 2.0 3.000000
 2.1 3.000000
 2.2 2.672414
 2.3 2.073171
 2.4 2.000000
 2.5 2.000000
 2.6 2.000000
 2.7 2.000000
 2.8 2.000000
 2.9 2.000000
 3.0 2.000000
 3.1 1.618421
 3.2 1.000000
 3.3 1.000000
 3.4 0.645833
 3.5 0.500000
 3.6 0.144737
 3.7 -0.288462
 3.8 -0.628818
 3.9 -0.500000
 4.0 -0.843750
 4.1 -1.067815
 4.2 -0.678370
 4.3 -0.666000
 4.4 -0.719679
 4.5 -0.937926
 4.6 -0.454045
 4.7 0.167000
 4.8 0.045692
 4.9 0.001000
 5.0 0.001000
 5.1 0.001000
 5.2 0.001000
 5.3 0.001000
 5.4 0.001000
 5.5 -0.282333
 5.6 -0.874000
 5.7 -0.999000

ILE 168
 0.0 3.000000
 0.1 3.000000
 0.2 3.000000
 0.3 3.000000
 0.4 3.000000
 0.5 3.000000
 0.6 3.000000
 0.7 3.000000
 0.8 3.000000
 0.9 3.000000
 1.0 3.000000
 1.1 3.000000
 1.2 3.000000
 1.3 3.000000
 1.4 3.000000
 1.5 3.000000
 1.6 3.000000
 1.7 3.000000
 1.8 3.000000
 1.9 3.000000
 2.0 3.000000
 2.1 3.000000
 2.2 2.913793
 2.3 2.073171
 2.4 2.000000
 2.5 2.000000
 2.6 2.000000
 2.7 2.000000
 2.8 2.000000
 2.9 2.000000
 3.0 2.000000
 3.1 1.855263
 3.2 1.000000
 3.3 1.000000
 3.4 1.000000
 3.5 0.677419
 3.6 0.096421
 3.7 -0.140692
 3.8 -0.711818
 3.9 -0.254368
 4.0 -0.479500
 4.1 -0.364444
 4.2 -0.154630
 4.3 0.000000
 4.4 0.000000
 4.5 0.228704
 4.6 0.167000
 4.7 0.167000
 4.8 0.045692
 4.9 0.001000
 5.0 0.001000
 5.1 0.001000
 5.2 0.001000
 5.3 0.001000
 5.4 0.001000
 5.5 0.001000
 5.6 0.001000
 5.7 0.001000

VAL 169
 0.0 3.000000
 0.1 3.000000
 0.2 3.000000
 0.3 3.000000
 0.4 3.000000
 0.5 3.000000
 0.6 3.000000
 0.7 3.000000
 0.8 3.000000
 0.9 3.000000
 1.0 3.000000
 1.1 3.000000
 1.2 3.000000
 1.3 3.000000
 1.4 3.000000
 1.5 3.000000
 1.6 3.000000
 1.7 3.000000
 1.8 3.000000
 1.9 3.000000
 2.0 3.000000
 2.1 3.000000
 2.2 2.913793
 2.3 2.304878
 2.4 2.000000
 2.5 2.000000
 2.6 2.000000
 2.7 2.000000
 2.8 2.000000
 2.9 2.000000
 3.0 2.000000
 3.1 1.868421
 3.2 1.177419
 3.3 1.000000
 3.4 1.000000
 3.5 0.483871
 3.6 -0.035158
 3.7 0.077115
 3.8 -0.545545
 3.9 -0.412579
 4.0 -0.167000
 4.1 -0.253593
 4.2 -0.543778
 4.3 -0.500000
 4.4 -0.500000
 4.5 -0.321000
 4.6 -0.211455
 4.7 -0.666000
 4.8 -0.666000
 4.9 -0.630214
 5.0 -0.499000
 5.1 -0.499000
 5.2 -0.499000
 5.3 -0.499000
 5.4 -0.499000
 5.5 -0.815667
 5.6 -0.999000
 5.7 -0.999000

HIS 170
 0.0 3.000000
 0.1 3.000000
 0.2 3.000000
 0.3 3.000000
 0.4 3.000000
 0.5 3.000000
 0.6 3.000000
 0.7 3.000000
 0.8 3.000000
 0.9 3.000000
 1.0 3.000000
 1.1 3.000000
 1.2 3.000000
 1.3 3.000000
 1.4 3.000000
 1.5 3.000000
 1.6 3.000000
 1.7 3.000000
 1.8 3.000000
 1.9 3.000000
 2.0 3.000000
 2.1 3.000000
 2.2 3.000000
 2.3 2.487805
 2.4 2.000000
 2.5 2.000000
 2.6 2.000000
 2.7 2.000000
 2.8 2.000000
 2.9 2.000000
 3.0 2.000000
 3.1 2.000000
 3.2 0.983871
 3.3 0.000000
 3.4 0.000000
 3.5 -0.741935
 3.6 -1.311526
 3.7 -1.570654
 3.8 -1.333000
 3.9 -1.104895
 4.0 -0.833000
 4.1 -0.833000
 4.2 -0.771370
 4.3 -0.243083
 4.4 -0.167000
 4.5 -0.308407
 4.6 -0.333000
 4.7 -0.333000
 4.8 -0.333000
 4.9 -0.297214
 5.0 -0.166000
 5.1 -0.093188
 5.2 0.167000
 5.3 0.167000
 5.4 0.167000
 5.5 0.167000
 5.6 0.208500
 5.7 0.333000

ASN 171
 0.0 3.000000
 0.1 3.000000
 0.2 3.000000
 0.3 3.000000
 0.4 3.000000
 0.5 3.000000
 0.6 3.000000
 0.7 3.000000
 0.8 3.000000
 0.9 3.000000
 1.0 3.000000
 1.1 3.000000
 1.2 3.000000
 1.3 3.000000
 1.4 3.000000
 1.5 3.000000
 1.6 3.000000
 1.7 3.000000
 1.8 3.000000
 1.9 3.000000
 2.0 3.000000
 2.1 3.000000
 2.2 2.689655
 2.3 2.182927
 2.4 2.000000
 2.5 1.708333
 2.6 1.500000
 2.7 1.272727
 2.8 1.000000
 2.9 0.633333
 3.0 0.500000
 3.1 -0.293684
 3.2 -1.172000
 3.3 -1.833000
 3.4 -1.833000
 3.5 -1.822258
 3.6 -1.750000
 3.7 -1.442654
 3.8 -1.242909
 3.9 -1.254368
 4.0 -1.333000
 4.1 -1.333000
 4.2 -1.166778
 4.3 -0.638708
 4.4 -0.333000
 4.5 -0.333000
 4.6 -0.310227
 4.7 -0.166000
 4.8 -0.166000
 4.9 -0.023286
 5.0 0.500000
 5.1 0.697813
 5.2 1.333000
 5.3 1.296111
 5.4 1.079105
 5.5 0.833000
 5.6 0.999750
 5.7 1.500000

GLY 172
 0.0 3.000000
 0.1 3.000000
 0.2 3.000000
 0.3 3.000000
 0.4 3.000000
 0.5 3.000000
 0.6 3.000000
 0.7 3.000000
 0.8 3.000000
 0.9 3.000000
 1.0 3.000000
 1.1 3.000000
 1.2 3.000000
 1.3 3.000000
 1.4 3.000000
 1.5 3.000000
 1.6 3.000000
 1.7 3.000000
 1.8 3.000000
 1.9 3.000000
 2.0 3.000000
 2.1 3.000000
 2.2 2.689655
 2.3 2.048780
 2.4 2.000000
 2.5 1.708333
 2.6 1.266667
 2.7 0.772727
 2.8 0.500000
 2.9 -0.100000
 3.0 -0.615385
 3.1 -1.517895
 3.2 -1.413935
 3.3 -0.815107
 3.4 -0.659333
 3.5 -0.962290
 3.6 -1.000000
 3.7 -0.736654
 3.8 -0.302727
 3.9 0.000000
 4.0 0.000000
 4.1 0.333000
 4.2 0.888778
 4.3 1.422917
 4.4 1.499000
 4.5 1.548481
 4.6 1.756955
 4.7 2.333000
 4.8 2.678923
 4.9 2.833000
 5.0 2.833000
 5.1 2.999812
 5.2 3.773714
 5.3 3.842222
 5.4 3.452158
 5.5 3.083000
 5.6 3.451542
 5.7 3.583000

TYR 173
 0.0 3.000000
 0.1 3.000000
 0.2 3.000000
 0.3 3.000000
 0.4 3.000000
 0.5 3.000000
 0.6 3.000000
 0.7 3.000000
 0.8 3.000000
 0.9 3.000000
 1.0 3.000000
 1.1 3.000000
 1.2 3.000000
 1.3 3.000000
 1.4 3.000000
 1.5 3.000000
 1.6 3.000000
 1.7 3.000000
 1.8 3.000000
 1.9 3.000000
 2.0 3.000000
 2.1 3.000000
 2.2 3.000000
 2.3 2.402439
 2.4 1.500000
 2.5 1.500000
 2.6 0.900000
 2.7 0.409091
 2.8 0.000000
 2.9 -0.233333
 3.0 -0.615385
 3.1 -0.951579
 3.2 -1.785032
 3.3 -2.262429
 3.4 -1.388500
 3.5 -0.962290
 3.6 -1.000000
 3.7 -0.435615
 3.8 -0.241909
 3.9 -0.166000
 4.0 -0.166000
 4.1 -0.333000
 4.2 -0.222333
 4.3 -0.333000
 4.4 -0.333000
 4.5 0.327296
 4.6 0.855773
 4.7 1.000000
 4.8 1.519346
 4.9 1.500000
 5.0 1.500000
 5.1 1.500000
 5.2 1.928143
 5.3 1.675222
 5.4 1.197526
 5.5 0.583000
 5.6 1.889167
 5.7 1.917000

CYS 174
 0.0 3.000000
 0.1 3.000000
 0.2 3.000000
 0.3 3.000000
 0.4 3.000000
 0.5 3.000000
 0.6 3.000000
 0.7 3.000000
 0.8 3.000000
 0.9 3.000000
 1.0 3.000000
 1.1 3.000000
 1.2 3.000000
 1.3 3.000000
 1.4 3.000000
 1.5 3.000000
 1.6 3.000000
 1.7 3.000000
 1.8 3.000000
 1.9 3.000000
 2.0 3.000000
 2.1 3.000000
 2.2 2.500000
 2.3 2.353659
 2.4 1.500000
 2.5 1.500000
 2.6 1.133333
 2.7 0.909091
 2.8 0.500000
 2.9 0.500000
 3.0 0.500000
 3.1 0.500000
 3.2 0.193548
 3.3 -0.482107
 3.4 -0.325917
 3.5 -0.494129
 3.6 -0.302632
 3.7 -0.500000
 3.8 -0.500000
 3.9 -0.500000
 4.0 -0.500000
 4.1 -0.722556
 4.2 -1.185444
 4.3 -1.333000
 4.4 -1.333000
 4.5 -0.358519
 4.6 -0.167000
 4.7 -0.167000
 4.8 -0.109192
 4.9 -0.167000
 5.0 -0.167000
 5.1 -0.167000
 5.2 -0.059643
 5.3 0.212889
 5.4 -0.004632
 5.5 -0.250000
 5.6 0.076083
 5.7 0.083000

ASP 175
 0.0 1.000000
 0.1 1.000000
 0.2 1.000000
 0.3 1.000000
 0.4 1.000000
 0.5 1.000000
 0.6 1.000000
 0.7 1.000000
 0.8 1.000000
 0.9 1.000000
 1.0 1.000000
 1.1 1.000000
 1.2 1.000000
 1.3 1.000000
 1.4 1.000000
 1.5 1.000000
 1.6 1.000000
 1.7 1.000000
 1.8 1.000000
 1.9 1.000000
 2.0 1.000000
 2.1 1.000000
 2.2 0.500000
 2.3 0.500000
 2.4 0.500000
 2.5 0.500000
 2.6 0.500000
 2.7 0.500000
 2.8 0.500000
 2.9 0.500000
 3.0 0.500000
 3.1 0.500000
 3.2 0.500000
 3.3 0.500000
 3.4 0.500000
 3.5 0.500000
 3.6 0.197368
 3.7 0.000000
 3.8 0.000000
 3.9 0.000000
 4.0 0.000000
 4.1 -0.055556
 4.2 -0.500000
 4.3 -0.500000
 4.4 -0.500000
 4.5 -0.037037
 4.6 0.000000
 4.7 0.000000
 4.8 0.000000
 4.9 0.000000
 5.0 0.000000
 5.1 0.000000
 5.2 0.000000
 5.3 0.083000
 5.4 0.083000
 5.5 0.083000
 5.6 0.083000
 5.7 0.083000

