ATOMS
N 5.199 35.047 56.202
O 3.196 32.202 55.249

N 5.251 32.712 54.441
O 6.886 30.599 55.262

N 6.131 29.308 53.487
O 8.923 27.614 52.862

N 8.582 27.251 55.048
O 11.174 24.793 55.246

N 8.994 24.584 54.852
O 9.626 23.589 52.299

N 10.756 21.963 53.348
O 11.060 21.552 49.922

N 9.777 20.378 51.366
O 7.980 20.788 48.356

N 8.080 22.120 50.124
O 7.950 24.869 47.745

N 9.735 24.054 48.829
O 10.431 23.563 46.115

N 10.402 25.797 45.860
O 12.700 26.242 44.404

N 12.008 24.834 42.809
O 12.141 25.554 40.140

N 14.390 25.310 39.997
O 14.085 23.643 37.480

N 12.791 25.499 37.082
O 13.515 25.459 34.350

N 12.514 23.419 34.389
O 15.186 23.416 32.125

N 15.332 22.708 34.273
O 17.334 20.945 32.975

N 18.365 22.899 32.501
O 21.259 22.971 32.284

N 20.832 20.790 31.890
O 24.379 21.266 32.322

N 23.223 20.890 30.415
O 25.516 23.434 29.593

N 23.362 23.780 29.925
O 24.767 26.797 31.338

N 24.208 24.780 32.234
O 26.974 24.638 34.592

N 26.772 23.913 32.465
O 28.954 25.687 31.991

N 26.793 27.558 55.579
O 25.702 25.602 57.482

N 26.783 23.934 56.539
O 27.484 23.496 58.995

N 26.272 21.617 59.249
O 28.328 19.994 59.245

N 29.113 20.784 61.176
O 31.015 21.903 59.325

N 32.279 19.998 59.594
O 32.099 19.743 56.570

N 33.285 21.648 56.583
O 35.011 23.066 55.312

N 33.951 23.130 53.332
O 33.725 25.895 53.180

N 35.954 25.983 53.371
O 34.938 29.308 52.833

N 28.336 14.535 30.313
O 26.650 14.055 28.117

N 28.038 12.635 27.080
O 24.729 12.055 25.669

N 25.692 10.994 27.427
O 22.626 10.724 29.386

N 23.956 12.483 29.100
O 22.903 13.754 32.307

N 24.653 12.495 31.772
O 26.946 13.974 32.814

N 41.222 18.999 61.378
O 43.079 20.152 64.312

N 43.793 18.723 62.687
O 46.895 20.643 62.987

N 44.878 21.032 61.967
O 46.556 23.326 59.861

N 16.630 12.722 39.192
O 14.524 13.169 37.712

N 13.035 12.540 39.264
O 10.784 14.897 37.809

N 12.495 15.171 39.194
O 14.808 16.595 38.919

N 13.748 17.680 37.254
O 17.172 18.785 37.107

N 15.580 19.764 38.286
O 17.790 20.553 41.037

N 39.910 13.571 45.957
O 42.442 11.069 46.112

N 42.028 12.853 47.450
O 40.536 11.815 49.524

N 42.270 10.512 50.015
O 39.720 9.835 52.431

N 41.637 11.050 52.723
O 39.421 13.148 54.694

N 39.697 13.091 52.434
O 37.203 12.189 51.906

N 36.378 14.138 52.736
O 34.305 13.758 50.707

N 33.772 11.918 51.967
O 31.278 11.093 52.746

N 20.317 31.632 36.012
O 21.221 32.268 32.667

N 21.792 30.622 34.134
O 25.171 30.288 33.139

N 23.952 32.144 32.905
O 26.550 34.636 33.364

N 24.903 34.096 34.776
O 26.469 34.565 37.789

N 13.804 18.224 59.951
O 11.387 17.240 59.771

N 11.142 17.103 62.067
O 7.774 16.570 60.861

N 8.865 18.502 61.523
O 7.345 20.421 58.782

N 9.130 19.072 58.813
O 10.682 20.184 55.771

N 10.690 21.082 57.873
O 13.167 20.190 58.066

N 31.182 35.182 36.915
O 32.226 36.016 39.382

N 34.289 35.891 38.482
O 34.905 37.029 41.799

N 34.351 38.212 39.988
O 32.451 40.717 41.826

N 31.855 38.682 41.027
O 29.511 38.860 39.465

N 28.318 39.326 41.336
O 27.068 41.842 41.440

N 26.030 41.341 39.472
O 23.801 42.016 40.826

N 14.253 30.394 50.707
O 15.328 28.222 53.368

N 14.295 30.222 53.381
O 16.039 30.127 56.510

N 16.657 31.020 54.496
O 19.751 32.860 54.643

N 17.600 33.538 54.625
O 18.331 34.868 57.013

N 19.769 36.063 55.650
O 22.318 35.774 58.158

N 21.761 34.384 56.453
O 24.294 31.792 56.131

N 24.074 33.833 55.199
O 26.140 35.725 55.205

N 27.515 34.061 54.468
O 29.375 33.902 52.445

N 30.160 35.917 52.940
O 32.668 34.736 52.702

N 32.567 34.625 50.448
O 34.918 35.080 48.835

N 36.073 34.143 50.513
O 37.950 32.650 49.042

N 38.455 34.655 48.056
O 40.561 36.064 46.598

N 41.566 34.255 47.533
O 45.186 33.946 47.317

N 43.671 33.198 45.879
O 46.326 30.854 45.690

N 44.688 30.838 47.241
O 46.705 27.960 47.671

N 44.619 28.164 46.710
O 45.047 28.161 43.976

N 45.305 26.021 43.905

EDGES
1 3 2.925073
2 3 2.266272
2 4 4.023168
2 5 4.482645
3 5 3.643039
4 5 2.321062
4 6 4.338156
4 7 3.759164
5 7 3.560249
6 7 2.242018
6 8 4.325332
6 9 3.625747
6 10 4.124537
7 9 2.705744
7 10 4.696507
8 9 2.225156
8 10 3.539877
8 11 3.433079
8 114 4.664823
8 115 4.572407
9 11 3.498042
10 11 2.240798
10 12 3.443233
10 13 3.347209
10 15 3.046096
10 17 3.502714
11 13 2.720108
11 15 4.192827
11 114 3.006866
11 115 4.610438
12 13 2.260421
12 14 3.538708
12 15 3.040366
12 17 3.034844
12 18 4.351208
13 15 2.730739
13 17 4.466666
13 114 4.501187
14 15 2.215863
14 16 4.126594
14 17 3.737715
14 18 4.327829
15 17 2.855942
16 17 2.241764
16 18 3.243131
16 19 3.229042
17 19 3.506836
18 19 2.248693
18 20 3.905499
18 21 3.877113
19 21 3.579833
20 21 2.237265
20 22 4.355172
21 23 3.715891
22 23 2.266713
22 24 3.808761
22 25 3.126802
23 25 3.330127
24 25 2.297298
24 26 3.663285
24 27 3.474550
24 29 3.565681
24 83 4.234537
25 27 3.413997
26 27 2.272690
26 28 3.452060
26 29 3.297790
27 29 2.908625
28 29 2.266381
28 30 3.382639
28 31 3.242639
29 31 3.517891
30 31 2.259591
30 32 4.470770
30 33 3.665686
30 82 4.665326
31 33 3.302619
32 33 2.257061
32 34 3.555681
32 35 3.417750
32 37 3.262203
32 39 3.459997
33 35 2.811140
33 37 4.382034
34 35 2.261495
34 36 3.666120
34 37 3.619405
34 39 3.519259
34 41 3.571205
35 37 2.934539
35 39 4.405801
36 37 2.206730
36 38 3.862097
36 39 3.239979
36 41 3.171019
37 39 2.654656
37 41 4.254103
38 39 2.276749
38 40 4.485604
38 41 3.688849
38 42 4.380580
38 102 3.948911
39 41 2.716458
40 41 2.256226
40 42 3.433075
43 45 3.749010
44 45 2.200008
44 46 3.146415
44 47 4.396295
45 47 3.601904
46 47 2.250356
46 48 3.610933
46 49 3.842570
46 50 3.887738
47 49 3.532492
48 49 2.229145
48 50 3.297067
48 51 3.966386
48 52 4.630234
49 51 3.625476
50 51 2.301974
50 52 3.664789
50 53 3.568822
51 53 3.577801
52 53 2.244057
52 54 4.593978
53 55 3.634402
54 55 2.246797
54 56 3.768615
54 57 3.628446
55 57 3.486135
56 57 2.238898
56 58 3.638729
59 61 3.761794
59 67 4.455869
59 68 2.915788
60 61 2.240159
60 62 3.699046
60 63 3.280790
60 65 3.270338
60 67 4.447542
61 63 2.883922
61 65 4.556998
62 63 2.267963
62 64 4.473283
62 65 3.542947
63 65 2.833681
64 65 2.223685
64 66 4.217804
64 67 3.596966
65 67 2.761437
66 67 2.221217
66 68 4.080600
69 71 2.898223
69 73 4.224494
70 71 2.278697
70 72 4.069221
70 73 3.083801
71 73 2.650869
72 73 2.293471
72 74 4.133435
75 77 3.600324
75 80 4.288863
76 77 2.240863
76 78 4.121043
76 79 3.212658
76 80 3.643485
76 81 4.600115
77 79 2.686757
77 80 4.439097
78 79 2.218293
78 80 4.506427
78 81 4.103463
79 81 3.410087
80 81 2.252343
80 82 3.697018
80 83 3.322534
81 83 2.960457
82 83 2.209739
82 84 4.353464
85 87 2.688958
85 88 4.024786
86 87 2.268104
86 88 3.978831
86 89 3.946295
87 89 3.481102
88 89 2.223881
88 90 3.610665
88 91 3.468577
88 93 3.286365
88 94 4.113720
89 91 2.832560
89 93 4.373000
90 91 2.288313
90 92 4.023250
90 93 3.256083
90 94 3.486005
91 93 2.830689
91 94 4.650287
92 93 2.277504
92 94 3.689465
92 95 3.751495
93 95 3.493304
94 95 2.273351
94 96 3.506817
94 97 3.442226
95 97 3.508703
96 97 2.292878
96 98 4.519123
99 101 2.592799
100 101 2.277597
100 102 4.443612
100 103 2.744154
100 105 4.620237
101 103 2.914194
102 103 2.232813
102 104 4.566987
102 105 4.153608
103 105 2.866242
104 105 2.235610
104 106 4.426311
107 109 3.580550
107 116 2.797168
108 109 2.313095
108 110 3.832854
108 111 3.320035
108 113 3.060725
108 115 4.341564
108 116 3.844207
109 111 2.727245
109 113 4.302746
110 111 2.315416
110 112 4.397327
110 113 3.506144
111 113 2.781946
112 113 2.237630
112 114 4.500873
112 115 3.528771
113 115 2.712434
113 116 4.255033
114 115 2.285798
114 116 3.382645
117 119 3.551284
118 119 2.254239
118 120 3.747679
118 121 3.115329
118 123 3.154556
118 124 3.932741
119 121 2.767476
119 123 4.493447
120 121 2.232964
120 122 4.429920
120 123 3.553997
121 123 2.744164
122 123 2.266019
122 124 4.203138
122 125 4.388242
123 125 3.608405
124 125 2.267387
124 126 4.331420
124 127 4.274666
125 127 3.573467
126 127 2.280673
126 128 3.328748
129 131 2.679855
129 133 4.530741
130 131 2.251057
130 132 3.742554
130 133 3.296578
131 133 2.731130
132 133 2.288137
132 135 4.198198
133 135 2.691879
134 135 2.255396
134 136 3.415460
134 137 3.357616
134 139 3.104638
134 141 4.465892
135 137 3.482931
135 139 4.622902
136 137 2.313793
136 138 4.245943
136 139 3.508954
137 139 2.726154
138 139 2.269223
138 141 3.950531
139 141 2.688138
140 141 2.254486
140 142 4.442261
140 143 4.276537
141 143 3.525170
142 143 2.280941
142 144 4.626679
142 145 4.618169
143 145 3.574289
144 145 2.218440
144 146 3.406678
144 147 3.834006
145 147 3.697699
146 147 2.258990
146 148 4.487151
146 149 4.091136
147 149 3.539574
148 149 2.242248
148 150 3.891115
148 151 3.646620
149 151 3.460190
150 151 2.290687
150 153 4.234213
151 153 3.179914
152 153 2.270844
152 155 4.289874
153 155 2.878192
153 157 4.637676
154 155 2.218687
154 156 3.675213
154 157 3.148562
155 157 2.908424
156 157 2.255859
156 158 3.527497
156 159 3.345198
156 160 3.438879
157 159 2.727086
157 160 4.237385
158 159 2.305761
158 160 4.054922
158 161 4.461219
159 161 3.595980
160 161 2.156665

RESIDUES
GLU 1
 0.0 2.000000
 0.1 2.000000
 0.2 2.000000
 0.3 2.000000
 0.4 2.000000
 0.5 2.000000
 0.6 2.000000
 0.7 2.000000
 0.8 2.000000
 0.9 2.000000
 1.0 2.000000
 1.1 2.000000
 1.2 2.000000
 1.3 2.000000
 1.4 2.000000
 1.5 2.000000
 1.6 2.000000
 1.7 2.000000
 1.8 2.000000
 1.9 2.000000
 2.0 1.923664
 2.1 1.804762
 2.2 1.801887
 2.3 1.801318
 2.4 1.784173
 2.5 1.636943
 2.6 1.500000
 2.7 1.471264
 2.8 1.416667
 2.9 1.343400
 3.0 1.228960
 3.1 1.107798
 3.2 1.006565
 3.3 1.000000
 3.4 1.000000
 3.5 1.000000
 3.6 1.000000
 3.7 1.000000
 3.8 0.977383
 3.9 0.875000
 4.0 0.740139
 4.1 0.629474
 4.2 0.535044
 4.3 0.523933
 4.4 0.551227
 4.5 0.566339
 4.6 0.584790

ARG 2
 0.0 2.000000
 0.1 2.000000
 0.2 2.000000
 0.3 2.000000
 0.4 2.000000
 0.5 2.000000
 0.6 2.000000
 0.7 2.000000
 0.8 2.000000
 0.9 2.000000
 1.0 2.000000
 1.1 2.000000
 1.2 2.000000
 1.3 2.000000
 1.4 2.000000
 1.5 2.000000
 1.6 2.000000
 1.7 2.000000
 1.8 2.000000
 1.9 2.000000
 2.0 1.923664
 2.1 1.797143
 2.2 1.792453
 2.3 1.790960
 2.4 1.748201
 2.5 1.459660
 2.6 1.015625
 2.7 0.971264
 2.8 0.916667
 2.9 0.843400
 3.0 0.728960
 3.1 0.607798
 3.2 0.506565
 3.3 0.500000
 3.4 0.480173
 3.5 0.409524
 3.6 0.341200
 3.7 0.263101
 3.8 0.113237
 3.9 -0.209976
 4.0 -0.416399
 4.1 -0.551156
 4.2 -0.683534
 4.3 -0.658783
 4.4 -0.574730
 4.5 -0.537190
 4.6 -0.490823

ASP 3
 0.0 2.000000
 0.1 2.000000
 0.2 2.000000
 0.3 2.000000
 0.4 2.000000
 0.5 2.000000
 0.6 2.000000
 0.7 2.000000
 0.8 2.000000
 0.9 2.000000
 1.0 2.000000
 1.1 2.000000
 1.2 2.000000
 1.3 2.000000
 1.4 2.000000
 1.5 2.000000
 1.6 2.000000
 1.7 2.000000
 1.8 2.000000
 1.9 2.000000
 2.0 1.782443
 2.1 1.663810
 2.2 1.660377
 2.3 1.659134
 2.4 1.622302
 2.5 1.374735
 2.6 1.015625
 2.7 1.000000
 2.8 1.000000
 2.9 1.000000
 3.0 1.000000
 3.1 1.000000
 3.2 1.000000
 3.3 0.975232
 3.4 0.825460
 3.5 0.670446
 3.6 0.560408
 3.7 0.453004
 3.8 0.241176
 3.9 0.047175
 4.0 -0.010313
 4.1 -0.101703
 4.2 -0.207530
 4.3 -0.247949
 4.4 -0.269975
 4.5 -0.253240
 4.6 -0.238150

CYS 4
 0.0 2.000000
 0.1 2.000000
 0.2 2.000000
 0.3 2.000000
 0.4 2.000000
 0.5 2.000000
 0.6 2.000000
 0.7 2.000000
 0.8 2.000000
 0.9 2.000000
 1.0 2.000000
 1.1 2.000000
 1.2 2.000000
 1.3 2.000000
 1.4 2.000000
 1.5 2.000000
 1.6 2.000000
 1.7 2.000000
 1.8 2.000000
 1.9 2.000000
 2.0 1.442748
 2.1 1.257143
 2.2 1.254717
 2.3 1.254237
 2.4 1.235612
 2.5 0.985138
 2.6 0.677734
 2.7 0.614943
 2.8 0.601010
 2.9 0.563758
 3.0 0.500000
 3.1 0.500000
 3.2 0.444930
 3.3 0.324022
 3.4 0.169392
 3.5 0.110581
 3.6 0.027441
 3.7 -0.039224
 3.8 -0.117885
 3.9 -0.115297
 4.0 -0.155601
 4.1 -0.116992
 4.2 0.017344
 4.3 0.100162
 4.4 0.136658
 4.5 0.187299
 4.6 0.247395

ARG 5
 0.0 2.000000
 0.1 2.000000
 0.2 2.000000
 0.3 2.000000
 0.4 2.000000
 0.5 2.000000
 0.6 2.000000
 0.7 2.000000
 0.8 2.000000
 0.9 2.000000
 1.0 2.000000
 1.1 2.000000
 1.2 2.000000
 1.3 2.000000
 1.4 2.000000
 1.5 2.000000
 1.6 2.000000
 1.7 2.000000
 1.8 2.000000
 1.9 2.000000
 2.0 1.431298
 2.1 1.247619
 2.2 1.245283
 2.3 1.244821
 2.4 1.226619
 2.5 0.979830
 2.6 0.677734
 2.7 0.614943
 2.8 0.585859
 2.9 0.474273
 3.0 0.303218
 3.1 0.181585
 3.2 0.094322
 3.3 -0.010173
 3.4 -0.120010
 3.5 -0.188484
 3.6 -0.250936
 3.7 -0.333699
 3.8 -0.439352
 3.9 -0.528500
 4.0 -0.637132
 4.1 -0.649600
 4.2 -0.556214
 4.3 -0.488217
 4.4 -0.422755
 4.5 -0.328919
 4.6 -0.236194

VAL 6
 0.0 2.000000
 0.1 2.000000
 0.2 2.000000
 0.3 2.000000
 0.4 2.000000
 0.5 2.000000
 0.6 2.000000
 0.7 2.000000
 0.8 2.000000
 0.9 2.000000
 1.0 2.000000
 1.1 2.000000
 1.2 2.000000
 1.3 2.000000
 1.4 2.000000
 1.5 2.000000
 1.6 2.000000
 1.7 2.000000
 1.8 2.000000
 1.9 2.000000
 2.0 1.677481
 2.1 1.447619
 2.2 1.443396
 2.3 1.442561
 2.4 1.415468
 2.5 1.117834
 2.6 0.736328
 2.7 0.658046
 2.8 0.568619
 2.9 0.396040
 3.0 0.120601
 3.1 -0.082356
 3.2 -0.263326
 3.3 -0.408266
 3.4 -0.444553
 3.5 -0.458770
 3.6 -0.477756
 3.7 -0.508487
 3.8 -0.471848
 3.9 -0.437041
 4.0 -0.435487
 4.1 -0.464878
 4.2 -0.525680
 4.3 -0.534850
 4.4 -0.492207
 4.5 -0.473212
 4.6 -0.459532

SER 7
 0.0 2.000000
 0.1 2.000000
 0.2 2.000000
 0.3 2.000000
 0.4 2.000000
 0.5 2.000000
 0.6 2.000000
 0.7 2.000000
 0.8 2.000000
 0.9 2.000000
 1.0 2.000000
 1.1 2.000000
 1.2 2.000000
 1.3 2.000000
 1.4 2.000000
 1.5 2.000000
 1.6 2.000000
 1.7 2.000000
 1.8 2.000000
 1.9 2.000000
 2.0 1.484733
 2.1 1.323810
 2.2 1.320755
 2.3 1.320151
 2.4 1.298561
 2.5 1.047771
 2.6 0.531250
 2.7 0.359195
 2.8 0.331634
 2.9 0.295235
 3.0 0.161577
 3.1 0.227998
 3.2 0.356987
 3.3 0.440610
 3.4 0.447445
 3.5 0.448541
 3.6 0.452368
 3.7 0.433881
 3.8 0.385730
 3.9 0.345194
 4.0 0.303659
 4.1 0.283017
 4.2 0.304543
 4.3 0.305309
 4.4 0.288244
 4.5 0.291071
 4.6 0.305022

SER 8
 0.0 2.000000
 0.1 2.000000
 0.2 2.000000
 0.3 2.000000
 0.4 2.000000
 0.5 2.000000
 0.6 2.000000
 0.7 2.000000
 0.8 2.000000
 0.9 2.000000
 1.0 2.000000
 1.1 2.000000
 1.2 2.000000
 1.3 2.000000
 1.4 2.000000
 1.5 2.000000
 1.6 2.000000
 1.7 2.000000
 1.8 2.000000
 1.9 2.000000
 2.0 1.360687
 2.1 1.209524
 2.2 1.207547
 2.3 1.207156
 2.4 1.190647
 2.5 1.028662
 2.6 0.765625
 2.7 0.545977
 2.8 0.472659
 2.9 0.317740
 3.0 -0.053099
 3.1 -0.425736
 3.2 -0.607775
 3.3 -0.518560
 3.4 -0.346259
 3.5 -0.243639
 3.6 -0.085565
 3.7 0.041450
 3.8 0.190559
 3.9 0.222109
 4.0 0.183466
 4.1 0.160467
 4.2 0.196186
 4.3 0.226911
 4.4 0.251686
 4.5 0.296632
 4.6 0.349000

PHE 9
 0.0 2.000000
 0.1 2.000000
 0.2 2.000000
 0.3 2.000000
 0.4 2.000000
 0.5 2.000000
 0.6 2.000000
 0.7 2.000000
 0.8 2.000000
 0.9 2.000000
 1.0 2.000000
 1.1 2.000000
 1.2 2.000000
 1.3 2.000000
 1.4 2.000000
 1.5 2.000000
 1.6 2.000000
 1.7 2.000000
 1.8 2.000000
 1.9 2.000000
 2.0 1.599237
 2.1 1.371429
 2.2 1.367925
 2.3 1.367232
 2.4 1.343525
 2.5 1.119958
 2.6 0.970703
 2.7 0.844828
 2.8 0.786179
 2.9 0.697919
 3.0 0.525005
 3.1 0.338353
 3.2 0.238376
 3.3 0.145187
 3.4 0.063703
 3.5 0.016433
 3.6 -0.027942
 3.7 -0.093869
 3.8 -0.180162
 3.9 -0.275359
 4.0 -0.309515
 4.1 -0.323686
 4.2 -0.367660
 4.3 -0.392930
 4.4 -0.413989
 4.5 -0.459798
 4.6 -0.519894

ARG 10
 0.0 2.000000
 0.1 2.000000
 0.2 2.000000
 0.3 2.000000
 0.4 2.000000
 0.5 2.000000
 0.6 2.000000
 0.7 2.000000
 0.8 2.000000
 0.9 2.000000
 1.0 2.000000
 1.1 2.000000
 1.2 2.000000
 1.3 2.000000
 1.4 2.000000
 1.5 2.000000
 1.6 2.000000
 1.7 2.000000
 1.8 2.000000
 1.9 2.000000
 2.0 1.534351
 2.1 1.323810
 2.2 1.320755
 2.3 1.320151
 2.4 1.298561
 2.5 1.097665
 2.6 1.000000
 2.7 1.000000
 2.8 1.000000
 2.9 1.000000
 3.0 0.971101
 3.1 0.922674
 3.2 0.880184
 3.3 0.813347
 3.4 0.660264
 3.5 0.565258
 3.6 0.488798
 3.7 0.422014
 3.8 0.293963
 3.9 0.254675
 4.0 0.303413
 4.1 0.316564
 4.2 0.194974
 4.3 0.102108
 4.4 0.026252
 4.5 -0.038330
 4.6 -0.131680

VAL 11
 0.0 2.000000
 0.1 2.000000
 0.2 2.000000
 0.3 2.000000
 0.4 2.000000
 0.5 2.000000
 0.6 2.000000
 0.7 2.000000
 0.8 2.000000
 0.9 2.000000
 1.0 2.000000
 1.1 2.000000
 1.2 2.000000
 1.3 2.000000
 1.4 2.000000
 1.5 2.000000
 1.6 2.000000
 1.7 2.000000
 1.8 2.000000
 1.9 2.000000
 2.0 1.648855
 2.1 1.438095
 2.2 1.433962
 2.3 1.433145
 2.4 1.406475
 2.5 1.174098
 2.6 1.000000
 2.7 1.000000
 2.8 1.000000
 2.9 0.965324
 3.0 0.865099
 3.1 0.754567
 3.2 0.716158
 3.3 0.732257
 3.4 0.658770
 3.5 0.590759
 3.6 0.507806
 3.7 0.376731
 3.8 0.160380
 3.9 -0.101323
 4.0 -0.212606
 4.1 -0.210968
 4.2 -0.304026
 4.3 -0.396892
 4.4 -0.472748
 4.5 -0.537330
 4.6 -0.630680

LYS 12
 0.0 2.000000
 0.1 2.000000
 0.2 2.000000
 0.3 2.000000
 0.4 2.000000
 0.5 2.000000
 0.6 2.000000
 0.7 2.000000
 0.8 2.000000
 0.9 2.000000
 1.0 2.000000
 1.1 2.000000
 1.2 2.000000
 1.3 2.000000
 1.4 2.000000
 1.5 2.000000
 1.6 2.000000
 1.7 2.000000
 1.8 2.000000
 1.9 2.000000
 2.0 1.929389
 2.1 1.752381
 2.2 1.745283
 2.3 1.743879
 2.4 1.703237
 2.5 1.403397
 2.6 1.000000
 2.7 1.000000
 2.8 1.000000
 2.9 1.000000
 3.0 1.000000
 3.1 0.989658
 3.2 0.941897
 3.3 0.837437
 3.4 0.731859
 3.5 0.631600
 3.6 0.497793
 3.7 0.367010
 3.8 0.192000
 3.9 -0.068423
 4.0 -0.278302
 4.1 -0.420526
 4.2 -0.543419
 4.3 -0.616242
 4.4 -0.687117
 4.5 -0.741364
 4.6 -0.750000

GLU 13
 0.0 2.000000
 0.1 2.000000
 0.2 2.000000
 0.3 2.000000
 0.4 2.000000
 0.5 2.000000
 0.6 2.000000
 0.7 2.000000
 0.8 2.000000
 0.9 2.000000
 1.0 2.000000
 1.1 2.000000
 1.2 2.000000
 1.3 2.000000
 1.4 2.000000
 1.5 2.000000
 1.6 2.000000
 1.7 2.000000
 1.8 2.000000
 1.9 2.000000
 2.0 1.958015
 2.1 1.790476
 2.2 1.783019
 2.3 1.781544
 2.4 1.739209
 2.5 1.434183
 2.6 1.000000
 2.7 1.000000
 2.8 1.000000
 2.9 0.965324
 3.0 0.864686
 3.1 0.696025
 3.2 0.395497
 3.3 0.130084
 3.4 -0.019608
 3.5 -0.100475
 3.6 -0.171078
 3.7 -0.155096
 3.8 -0.113444
 3.9 -0.046981
 4.0 0.046687
 4.1 0.083000
 4.2 0.083000
 4.3 0.083000
 4.4 0.083000
 4.5 0.083000
 4.6 0.083000

ASN 14
 0.0 2.000000
 0.1 2.000000
 0.2 2.000000
 0.3 2.000000
 0.4 2.000000
 0.5 2.000000
 0.6 2.000000
 0.7 2.000000
 0.8 2.000000
 0.9 2.000000
 1.0 2.000000
 1.1 2.000000
 1.2 2.000000
 1.3 2.000000
 1.4 2.000000
 1.5 2.000000
 1.6 2.000000
 1.7 2.000000
 1.8 2.000000
 1.9 2.000000
 2.0 1.883588
 2.1 1.657143
 2.2 1.650943
 2.3 1.649718
 2.4 1.613309
 2.5 1.312102
 2.6 1.000000
 2.7 0.931034
 2.8 0.878788
 2.9 0.809843
 3.0 0.661715
 3.1 0.464775
 3.2 0.214271
 3.3 -0.045924
 3.4 -0.096233
 3.5 -0.113269
 3.6 -0.141196
 3.7 -0.124856
 3.8 0.014649
 3.9 0.077147
 4.0 0.083000
 4.1 0.083000
 4.2 0.083000
 4.3 0.083000
 4.4 0.083000
 4.5 0.083000
 4.6 0.083000

PHE 15
 0.0 2.000000
 0.1 2.000000
 0.2 2.000000
 0.3 2.000000
 0.4 2.000000
 0.5 2.000000
 0.6 2.000000
 0.7 2.000000
 0.8 2.000000
 0.9 2.000000
 1.0 2.000000
 1.1 2.000000
 1.2 2.000000
 1.3 2.000000
 1.4 2.000000
 1.5 2.000000
 1.6 2.000000
 1.7 2.000000
 1.8 2.000000
 1.9 2.000000
 2.0 1.830153
 2.1 1.590476
 2.2 1.584906
 2.3 1.583804
 2.4 1.550360
 2.5 1.260085
 2.6 1.000000
 2.7 0.931034
 2.8 0.878788
 2.9 0.809843
 3.0 0.691418
 3.1 0.545050
 3.2 0.407545
 3.3 0.388063
 3.4 0.322059
 3.5 0.274060
 3.6 0.233332
 3.7 0.214576
 3.8 0.140666
 3.9 0.094748
 4.0 0.084000
 4.1 0.084000
 4.2 0.080031
 4.3 0.054748
 4.4 0.023816
 4.5 -0.005378
 4.6 -0.030238

ASP 16
 0.0 2.000000
 0.1 2.000000
 0.2 2.000000
 0.3 2.000000
 0.4 2.000000
 0.5 2.000000
 0.6 2.000000
 0.7 2.000000
 0.8 2.000000
 0.9 2.000000
 1.0 2.000000
 1.1 2.000000
 1.2 2.000000
 1.3 2.000000
 1.4 2.000000
 1.5 2.000000
 1.6 2.000000
 1.7 2.000000
 1.8 2.000000
 1.9 2.000000
 2.0 1.793893
 2.1 1.552381
 2.2 1.547170
 2.3 1.546139
 2.4 1.514388
 2.5 1.233546
 2.6 1.000000
 2.7 1.000000
 2.8 1.000000
 2.9 1.000000
 3.0 0.951733
 3.1 0.627674
 3.2 0.323072
 3.3 0.076101
 3.4 -0.094041
 3.5 -0.174051
 3.6 -0.168546
 3.7 -0.146053
 3.8 -0.113674
 3.9 -0.032015
 4.0 0.000000
 4.1 0.001048
 4.2 0.019426
 4.3 0.017022
 4.4 0.007960
 4.5 0.006373
 4.6 0.007779

LYS 17
 0.0 2.000000
 0.1 2.000000
 0.2 2.000000
 0.3 2.000000
 0.4 2.000000
 0.5 2.000000
 0.6 2.000000
 0.7 2.000000
 0.8 2.000000
 0.9 2.000000
 1.0 2.000000
 1.1 2.000000
 1.2 2.000000
 1.3 2.000000
 1.4 2.000000
 1.5 2.000000
 1.6 2.000000
 1.7 2.000000
 1.8 2.000000
 1.9 2.000000
 2.0 1.803435
 2.1 1.561905
 2.2 1.556604
 2.3 1.555556
 2.4 1.523381
 2.5 1.239915
 2.6 0.912109
 2.7 0.787356
 2.8 0.752525
 2.9 0.697987
 3.0 0.568069
 3.1 0.428899
 3.2 0.338031
 3.3 0.244697
 3.4 0.105756
 3.5 0.009877
 3.6 -0.067361
 3.7 -0.125235
 3.8 -0.245782
 3.9 -0.316329
 4.0 -0.331469
 4.1 -0.324891
 4.2 -0.321053
 4.3 -0.274768
 4.4 -0.223429
 4.5 -0.193988
 4.6 -0.162455

ALA 18
 0.0 2.000000
 0.1 2.000000
 0.2 2.000000
 0.3 2.000000
 0.4 2.000000
 0.5 2.000000
 0.6 2.000000
 0.7 2.000000
 0.8 2.000000
 0.9 2.000000
 1.0 2.000000
 1.1 2.000000
 1.2 2.000000
 1.3 2.000000
 1.4 2.000000
 1.5 2.000000
 1.6 2.000000
 1.7 2.000000
 1.8 2.000000
 1.9 2.000000
 2.0 1.456107
 2.1 1.314286
 2.2 1.311321
 2.3 1.310734
 2.4 1.289568
 2.5 1.129512
 2.6 0.912109
 2.7 0.770115
 2.8 0.681818
 2.9 0.545861
 3.0 0.237238
 3.1 -0.042697
 3.2 -0.214560
 3.3 -0.201354
 3.4 -0.115155
 3.5 -0.042270
 3.6 0.031712
 3.7 0.091863
 3.8 0.182257
 3.9 0.208547
 4.0 0.186483
 4.1 0.179869
 4.2 0.195265
 4.3 0.206541
 4.4 0.216521
 4.5 0.225592
 4.6 0.234066

ARG 19
 0.0 2.000000
 0.1 2.000000
 0.2 2.000000
 0.3 2.000000
 0.4 2.000000
 0.5 2.000000
 0.6 2.000000
 0.7 2.000000
 0.8 2.000000
 0.9 2.000000
 1.0 2.000000
 1.1 2.000000
 1.2 2.000000
 1.3 2.000000
 1.4 2.000000
 1.5 2.000000
 1.6 2.000000
 1.7 2.000000
 1.8 2.000000
 1.9 2.000000
 2.0 1.505725
 2.1 1.380952
 2.2 1.377358
 2.3 1.376648
 2.4 1.339029
 2.5 1.038217
 2.6 0.560547
 2.7 0.511494
 2.8 0.454545
 2.9 0.361298
 3.0 0.250386
 3.1 0.095450
 3.2 -0.000495
 3.3 0.164520
 3.4 0.276259
 3.5 0.323557
 3.6 0.396363
 3.7 0.438499
 3.8 0.386097
 3.9 0.221795
 4.0 0.043095
 4.1 -0.099676
 4.2 -0.316150
 4.3 -0.417732
 4.4 -0.481555
 4.5 -0.542440
 4.6 -0.631821

PHE 20
 0.0 2.000000
 0.1 2.000000
 0.2 2.000000
 0.3 2.000000
 0.4 2.000000
 0.5 2.000000
 0.6 2.000000
 0.7 2.000000
 0.8 2.000000
 0.9 2.000000
 1.0 2.000000
 1.1 2.000000
 1.2 2.000000
 1.3 2.000000
 1.4 2.000000
 1.5 2.000000
 1.6 2.000000
 1.7 2.000000
 1.8 2.000000
 1.9 2.000000
 2.0 1.843511
 2.1 1.619048
 2.2 1.613208
 2.3 1.612053
 2.4 1.563849
 2.5 1.080679
 2.6 0.277344
 2.7 0.172414
 2.8 0.151515
 2.9 0.092841
 3.0 0.016941
 3.1 0.058220
 3.2 0.038481
 3.3 -0.202899
 3.4 -0.284962
 3.5 -0.294788
 3.6 -0.341287
 3.7 -0.354710
 3.8 -0.234118
 3.9 -0.070927
 4.0 -0.017148
 4.1 0.005851
 4.2 0.011678
 4.3 0.026354
 4.4 0.050690
 4.5 0.064055
 4.6 0.074369

SER 21
 0.0 2.000000
 0.1 2.000000
 0.2 2.000000
 0.3 2.000000
 0.4 2.000000
 0.5 2.000000
 0.6 2.000000
 0.7 2.000000
 0.8 2.000000
 0.9 2.000000
 1.0 2.000000
 1.1 2.000000
 1.2 2.000000
 1.3 2.000000
 1.4 2.000000
 1.5 2.000000
 1.6 2.000000
 1.7 2.000000
 1.8 2.000000
 1.9 2.000000
 2.0 1.877863
 2.1 1.757143
 2.2 1.754717
 2.3 1.754237
 2.4 1.739209
 2.5 1.542463
 2.6 1.216797
 2.7 1.143678
 2.8 1.126263
 2.9 1.079418
 3.0 0.944693
 3.1 0.895908
 3.2 0.798849
 3.3 0.609402
 3.4 0.460401
 3.5 0.382948
 3.6 0.287022
 3.7 0.215900
 3.8 0.164564
 3.9 0.137532
 4.0 0.145775
 4.1 0.141324
 4.2 0.026744
 4.3 0.002637
 4.4 0.028258
 4.5 0.017984
 4.6 -0.008784

ASP 31
 0.0 2.000000
 0.1 2.000000
 0.2 2.000000
 0.3 2.000000
 0.4 2.000000
 0.5 2.000000
 0.6 2.000000
 0.7 2.000000
 0.8 2.000000
 0.9 2.000000
 1.0 2.000000
 1.1 2.000000
 1.2 2.000000
 1.3 2.000000
 1.4 2.000000
 1.5 2.000000
 1.6 2.000000
 1.7 2.000000
 1.8 2.000000
 1.9 2.000000
 2.0 1.519084
 2.1 1.509524
 2.2 1.509434
 2.3 1.509416
 2.4 1.505396
 2.5 1.500000
 2.6 1.500000
 2.7 1.500000
 2.8 1.500000
 2.9 1.474273
 3.0 1.377475
 3.1 1.245413
 3.2 1.119256
 3.3 1.046440
 3.4 1.003717
 3.5 0.986111
 3.6 0.941677
 3.7 0.885588
 3.8 0.807754
 3.9 0.650641
 4.0 0.518561
 4.1 0.500703
 4.2 0.530835
 4.3 0.563822
 4.4 0.589647
 4.5 0.609603
 4.6 0.640088

PRO 32
 0.0 2.000000
 0.1 2.000000
 0.2 2.000000
 0.3 2.000000
 0.4 2.000000
 0.5 2.000000
 0.6 2.000000
 0.7 2.000000
 0.8 2.000000
 0.9 2.000000
 1.0 2.000000
 1.1 2.000000
 1.2 2.000000
 1.3 2.000000
 1.4 2.000000
 1.5 2.000000
 1.6 2.000000
 1.7 2.000000
 1.8 2.000000
 1.9 2.000000
 2.0 1.347328
 2.1 1.219048
 2.2 1.216981
 2.3 1.216573
 2.4 1.199640
 2.5 1.073248
 2.6 1.000000
 2.7 1.000000
 2.8 1.000000
 2.9 0.974273
 3.0 0.877475
 3.1 0.745413
 3.2 0.619256
 3.3 0.546440
 3.4 0.382280
 3.5 0.217593
 3.6 0.061571
 3.7 -0.112920
 3.8 -0.421357
 3.9 -0.832949
 4.0 -0.965940
 4.1 -0.988406
 4.2 -0.877027
 4.3 -0.745478
 4.4 -0.642485
 4.5 -0.562902
 4.6 -0.441325

GLU 33
 0.0 2.000000
 0.1 2.000000
 0.2 2.000000
 0.3 2.000000
 0.4 2.000000
 0.5 2.000000
 0.6 2.000000
 0.7 2.000000
 0.8 2.000000
 0.9 2.000000
 1.0 2.000000
 1.1 2.000000
 1.2 2.000000
 1.3 2.000000
 1.4 2.000000
 1.5 2.000000
 1.6 2.000000
 1.7 2.000000
 1.8 2.000000
 1.9 2.000000
 2.0 1.503817
 2.1 1.304762
 2.2 1.301887
 2.3 1.301318
 2.4 1.280576
 2.5 1.091295
 2.6 1.000000
 2.7 1.000000
 2.8 1.000000
 2.9 1.000000
 3.0 0.997525
 3.1 0.905963
 3.2 0.772429
 3.3 0.597523
 3.4 0.272615
 3.5 0.011574
 3.6 -0.178428
 3.7 -0.274587
 3.8 -0.479632
 3.9 -0.450038
 4.0 -0.115675
 4.1 0.094181
 4.2 0.190463
 4.3 0.229822
 4.4 0.249028
 4.5 0.261268
 4.6 0.287766

GLY 34
 0.0 2.000000
 0.1 2.000000
 0.2 2.000000
 0.3 2.000000
 0.4 2.000000
 0.5 2.000000
 0.6 2.000000
 0.7 2.000000
 0.8 2.000000
 0.9 2.000000
 1.0 2.000000
 1.1 2.000000
 1.2 2.000000
 1.3 2.000000
 1.4 2.000000
 1.5 2.000000
 1.6 2.000000
 1.7 2.000000
 1.8 2.000000
 1.9 2.000000
 2.0 1.675573
 2.1 1.542857
 2.2 1.537736
 2.3 1.536723
 2.4 1.505396
 2.5 1.287686
 2.6 1.000000
 2.7 1.000000
 2.8 1.000000
 2.9 1.000000
 3.0 0.997525
 3.1 0.905963
 3.2 0.772429
 3.3 0.584876
 3.4 0.287634
 3.5 0.058234
 3.6 -0.127564
 3.7 -0.285867
 3.8 -0.529016
 3.9 -0.603167
 4.0 -0.440462
 4.1 -0.302627
 4.2 -0.192569
 4.3 -0.167000
 4.4 -0.153681
 4.5 -0.138157
 4.6 -0.130135

LEU 35
 0.0 2.000000
 0.1 2.000000
 0.2 2.000000
 0.3 2.000000
 0.4 2.000000
 0.5 2.000000
 0.6 2.000000
 0.7 2.000000
 0.8 2.000000
 0.9 2.000000
 1.0 2.000000
 1.1 2.000000
 1.2 2.000000
 1.3 2.000000
 1.4 2.000000
 1.5 2.000000
 1.6 2.000000
 1.7 2.000000
 1.8 2.000000
 1.9 2.000000
 2.0 1.793893
 2.1 1.628571
 2.2 1.622642
 2.3 1.621469
 2.4 1.586331
 2.5 1.326964
 2.6 1.000000
 2.7 1.000000
 2.8 1.000000
 2.9 1.000000
 3.0 1.000000
 3.1 1.000000
 3.2 1.000000
 3.3 0.997415
 3.4 0.918346
 3.5 0.801148
 3.6 0.706119
 3.7 0.606087
 3.8 0.432244
 3.9 0.235571
 4.0 0.260543
 4.1 0.296787
 4.2 0.326589
 4.3 0.331408
 4.4 0.257362
 4.5 0.215038
 4.6 0.182227

PHE 36
 0.0 2.000000
 0.1 2.000000
 0.2 2.000000
 0.3 2.000000
 0.4 2.000000
 0.5 2.000000
 0.6 2.000000
 0.7 2.000000
 0.8 2.000000
 0.9 2.000000
 1.0 2.000000
 1.1 2.000000
 1.2 2.000000
 1.3 2.000000
 1.4 2.000000
 1.5 2.000000
 1.6 2.000000
 1.7 2.000000
 1.8 2.000000
 1.9 2.000000
 2.0 1.599237
 2.1 1.371429
 2.2 1.367925
 2.3 1.367232
 2.4 1.343525
 2.5 1.119958
 2.6 1.000000
 2.7 1.000000
 2.8 1.000000
 2.9 1.000000
 3.0 1.000000
 3.1 1.000000
 3.2 1.000000
 3.3 0.979613
 3.4 0.802482
 3.5 0.655389
 3.6 0.525667
 3.7 0.381181
 3.8 0.114519
 3.9 -0.110038
 4.0 -0.150594
 4.1 -0.166000
 4.2 -0.166000
 4.3 -0.167592
 4.4 -0.235018
 4.5 -0.269627
 4.6 -0.298450

LEU 37
 0.0 2.000000
 0.1 2.000000
 0.2 2.000000
 0.3 2.000000
 0.4 2.000000
 0.5 2.000000
 0.6 2.000000
 0.7 2.000000
 0.8 2.000000
 0.9 2.000000
 1.0 2.000000
 1.1 2.000000
 1.2 2.000000
 1.3 2.000000
 1.4 2.000000
 1.5 2.000000
 1.6 2.000000
 1.7 2.000000
 1.8 2.000000
 1.9 2.000000
 2.0 1.549618
 2.1 1.333333
 2.2 1.330189
 2.3 1.329567
 2.4 1.307554
 2.5 1.100849
 2.6 1.000000
 2.7 1.000000
 2.8 1.000000
 2.9 1.000000
 3.0 1.000000
 3.1 1.000000
 3.2 0.995624
 3.3 0.856037
 3.4 0.710015
 3.5 0.556641
 3.6 0.404892
 3.7 0.238099
 3.8 0.031176
 3.9 -0.241626
 4.0 -0.318501
 4.1 -0.334000
 4.2 -0.334000
 4.3 -0.334000
 4.4 -0.334000
 4.5 -0.334000
 4.6 -0.334000

GLN 38
 0.0 2.000000
 0.1 2.000000
 0.2 2.000000
 0.3 2.000000
 0.4 2.000000
 0.5 2.000000
 0.6 2.000000
 0.7 2.000000
 0.8 2.000000
 0.9 2.000000
 1.0 2.000000
 1.1 2.000000
 1.2 2.000000
 1.3 2.000000
 1.4 2.000000
 1.5 2.000000
 1.6 2.000000
 1.7 2.000000
 1.8 2.000000
 1.9 2.000000
 2.0 1.744275
 2.1 1.642857
 2.2 1.641509
 2.3 1.641243
 2.4 1.631295
 2.5 1.538217
 2.6 1.500000
 2.7 1.500000
 2.8 1.500000
 2.9 1.500000
 3.0 1.500000
 3.1 1.500000
 3.2 1.495624
 3.3 1.356037
 3.4 1.205058
 3.5 1.053174
 3.6 0.932906
 3.7 0.821083
 3.8 0.683354
 3.9 0.562406
 4.0 0.636002
 4.1 0.667000
 4.2 0.667000
 4.3 0.667000
 4.4 0.667000
 4.5 0.667000
 4.6 0.667000

ASP 48
 0.0 2.000000
 0.1 2.000000
 0.2 2.000000
 0.3 2.000000
 0.4 2.000000
 0.5 2.000000
 0.6 2.000000
 0.7 2.000000
 0.8 2.000000
 0.9 2.000000
 1.0 2.000000
 1.1 2.000000
 1.2 2.000000
 1.3 2.000000
 1.4 2.000000
 1.5 2.000000
 1.6 2.000000
 1.7 2.000000
 1.8 2.000000
 1.9 2.000000
 2.0 1.757634
 2.1 1.652381
 2.2 1.650943
 2.3 1.650659
 2.4 1.640288
 2.5 1.542463
 2.6 1.500000
 2.7 1.458333
 2.8 1.404040
 2.9 1.332215
 3.0 1.206688
 3.1 1.006959
 3.2 0.827300
 3.3 0.752046
 3.4 0.705265
 3.5 0.665396
 3.6 0.612001
 3.7 0.547020
 3.8 0.459905
 3.9 0.282026
 4.0 0.121283
 4.1 0.083000
 4.2 0.044653
 4.3 -0.076869
 4.4 -0.169853
 4.5 -0.231940
 4.6 -0.319539

GLU 49
 0.0 2.000000
 0.1 2.000000
 0.2 2.000000
 0.3 2.000000
 0.4 2.000000
 0.5 2.000000
 0.6 2.000000
 0.7 2.000000
 0.8 2.000000
 0.9 2.000000
 1.0 2.000000
 1.1 2.000000
 1.2 2.000000
 1.3 2.000000
 1.4 2.000000
 1.5 2.000000
 1.6 2.000000
 1.7 2.000000
 1.8 2.000000
 1.9 2.000000
 2.0 1.696565
 2.1 1.476190
 2.2 1.471698
 2.3 1.470810
 2.4 1.442446
 2.5 1.194268
 2.6 0.994141
 2.7 0.887931
 2.8 0.840909
 2.9 0.776286
 3.0 0.659649
 3.1 0.618041
 3.2 0.666136
 3.3 0.726512
 3.4 0.732665
 3.5 0.731609
 3.6 0.679561
 3.7 0.592760
 3.8 0.467194
 3.9 0.281831
 4.0 0.121283
 4.1 0.083000
 4.2 0.079947
 4.3 0.054557
 4.4 0.013936
 4.5 -0.007725
 4.6 -0.032960

THR 50
 0.0 2.000000
 0.1 2.000000
 0.2 2.000000
 0.3 2.000000
 0.4 2.000000
 0.5 2.000000
 0.6 2.000000
 0.7 2.000000
 0.8 2.000000
 0.9 2.000000
 1.0 2.000000
 1.1 2.000000
 1.2 2.000000
 1.3 2.000000
 1.4 2.000000
 1.5 2.000000
 1.6 2.000000
 1.7 2.000000
 1.8 2.000000
 1.9 2.000000
 2.0 1.583969
 2.1 1.400000
 2.2 1.396226
 2.3 1.395480
 2.4 1.370504
 2.5 1.163482
 2.6 0.951172
 2.7 0.718391
 2.8 0.631313
 2.9 0.507830
 3.0 0.262381
 3.1 0.090674
 3.2 0.083317
 3.3 0.147529
 3.4 0.229058
 3.5 0.270681
 3.6 0.308159
 3.7 0.340627
 3.8 0.391359
 3.9 0.399861
 4.0 0.391350
 4.1 0.348901
 4.2 0.306428
 4.3 0.261758
 4.4 0.224911
 4.5 0.202826
 4.6 0.189338

GLY 51
 0.0 2.000000
 0.1 2.000000
 0.2 2.000000
 0.3 2.000000
 0.4 2.000000
 0.5 2.000000
 0.6 2.000000
 0.7 2.000000
 0.8 2.000000
 0.9 2.000000
 1.0 2.000000
 1.1 2.000000
 1.2 2.000000
 1.3 2.000000
 1.4 2.000000
 1.5 2.000000
 1.6 2.000000
 1.7 2.000000
 1.8 2.000000
 1.9 2.000000
 2.0 1.274809
 2.1 1.142857
 2.2 1.141509
 2.3 1.141243
 2.4 1.127698
 2.5 1.008493
 2.6 0.791016
 2.7 0.560345
 2.8 0.492424
 2.9 0.384787
 3.0 0.124995
 3.1 -0.039069
 3.2 -0.094258
 3.3 -0.141311
 3.4 -0.152846
 3.5 -0.134780
 3.6 -0.110305
 3.7 -0.081147
 3.8 -0.026502
 3.9 -0.015404
 4.0 -0.155255
 4.1 -0.312924
 4.2 -0.426622
 4.3 -0.395904
 4.4 -0.340390
 4.5 -0.294126
 4.6 -0.213868

GLN 52
 0.0 2.000000
 0.1 2.000000
 0.2 2.000000
 0.3 2.000000
 0.4 2.000000
 0.5 2.000000
 0.6 2.000000
 0.7 2.000000
 0.8 2.000000
 0.9 2.000000
 1.0 2.000000
 1.1 2.000000
 1.2 2.000000
 1.3 2.000000
 1.4 2.000000
 1.5 2.000000
 1.6 2.000000
 1.7 2.000000
 1.8 2.000000
 1.9 2.000000
 2.0 1.629771
 2.1 1.566667
 2.2 1.566038
 2.3 1.565913
 2.4 1.559353
 2.5 1.496815
 2.6 1.333984
 2.7 1.188218
 2.8 1.106061
 2.9 0.985459
 3.0 0.743812
 3.1 0.596330
 3.2 0.504376
 3.3 0.499741
 3.4 0.473305
 3.5 0.449359
 3.6 0.429791
 3.7 0.409005
 3.8 0.365919
 3.9 0.250735
 4.0 0.169139
 4.1 0.139585
 4.2 0.078378
 4.3 -0.053242
 4.4 -0.128181
 4.5 -0.170537
 4.6 -0.263684

LEU 64
 0.0 2.000000
 0.1 2.000000
 0.2 2.000000
 0.3 2.000000
 0.4 2.000000
 0.5 2.000000
 0.6 2.000000
 0.7 2.000000
 0.8 2.000000
 0.9 2.000000
 1.0 2.000000
 1.1 2.000000
 1.2 2.000000
 1.3 2.000000
 1.4 2.000000
 1.5 2.000000
 1.6 2.000000
 1.7 2.000000
 1.8 2.000000
 1.9 2.000000
 2.0 1.977099
 2.1 1.880952
 2.2 1.877358
 2.3 1.876648
 2.4 1.856115
 2.5 1.700637
 2.6 1.498047
 2.7 1.402299
 2.8 1.352692
 2.9 1.265056
 3.0 1.109621
 3.1 0.950106
 3.2 0.858214
 3.3 0.838429
 3.4 0.833000
 3.5 0.833000
 3.6 0.833000
 3.7 0.833000
 3.8 0.831123
 3.9 0.802141
 4.0 0.736970
 4.1 0.656482
 4.2 0.582921
 4.3 0.542529
 4.4 0.515880
 4.5 0.500865
 4.6 0.500000

ASN 65
 0.0 2.000000
 0.1 2.000000
 0.2 2.000000
 0.3 2.000000
 0.4 2.000000
 0.5 2.000000
 0.6 2.000000
 0.7 2.000000
 0.8 2.000000
 0.9 2.000000
 1.0 2.000000
 1.1 2.000000
 1.2 2.000000
 1.3 2.000000
 1.4 2.000000
 1.5 2.000000
 1.6 2.000000
 1.7 2.000000
 1.8 2.000000
 1.9 2.000000
 2.0 1.973282
 2.1 1.809524
 2.2 1.801887
 2.3 1.800377
 2.4 1.739209
 2.5 1.292994
 2.6 0.539063
 2.7 0.416667
 2.8 0.367843
 2.9 0.332170
 3.0 0.281651
 3.1 0.250564
 3.2 0.282722
 3.3 0.322175
 3.4 0.333000
 3.5 0.333000
 3.6 0.333000
 3.7 0.333000
 3.8 0.331111
 3.9 0.286998
 4.0 0.168202
 4.1 0.093029
 4.2 0.027821
 4.3 -0.005459
 4.4 -0.022558
 4.5 -0.001731
 4.6 0.000000

ASN 66
 0.0 2.000000
 0.1 2.000000
 0.2 2.000000
 0.3 2.000000
 0.4 2.000000
 0.5 2.000000
 0.6 2.000000
 0.7 2.000000
 0.8 2.000000
 0.9 2.000000
 1.0 2.000000
 1.1 2.000000
 1.2 2.000000
 1.3 2.000000
 1.4 2.000000
 1.5 2.000000
 1.6 2.000000
 1.7 2.000000
 1.8 2.000000
 1.9 2.000000
 2.0 1.996183
 2.1 1.928571
 2.2 1.924528
 2.3 1.923729
 2.4 1.883094
 2.5 1.592357
 2.6 1.041016
 2.7 1.014368
 2.8 1.011783
 2.9 0.977584
 3.0 0.942542
 3.1 0.899647
 3.2 0.858214
 3.3 0.838429
 3.4 0.833000
 3.5 0.833000
 3.6 0.833000
 3.7 0.833000
 3.8 0.836777
 3.9 0.880132
 4.0 0.829777
 4.1 0.740693
 4.2 0.656048
 4.3 0.603038
 4.4 0.525083
 4.5 0.500865
 4.6 0.500000

THR 80
 0.0 2.000000
 0.1 2.000000
 0.2 2.000000
 0.3 2.000000
 0.4 2.000000
 0.5 2.000000
 0.6 2.000000
 0.7 2.000000
 0.8 2.000000
 0.9 2.000000
 1.0 2.000000
 1.1 2.000000
 1.2 2.000000
 1.3 2.000000
 1.4 2.000000
 1.5 2.000000
 1.6 2.000000
 1.7 2.000000
 1.8 2.000000
 1.9 2.000000
 2.0 1.770992
 2.1 1.661905
 2.2 1.660377
 2.3 1.660075
 2.4 1.649281
 2.5 1.546709
 2.6 1.500000
 2.7 1.500000
 2.8 1.500000
 2.9 1.500000
 3.0 1.479745
 3.1 1.434119
 3.2 1.391103
 3.3 1.361437
 3.4 1.247307
 3.5 1.099204
 3.6 0.985491
 3.7 0.863973
 3.8 0.641562
 3.9 0.344094
 4.0 0.272898
 4.1 0.141101
 4.2 0.039735
 4.3 0.094529
 4.4 0.167380
 4.5 0.194150
 4.6 0.284483

GLU 81
 0.0 2.000000
 0.1 2.000000
 0.2 2.000000
 0.3 2.000000
 0.4 2.000000
 0.5 2.000000
 0.6 2.000000
 0.7 2.000000
 0.8 2.000000
 0.9 2.000000
 1.0 2.000000
 1.1 2.000000
 1.2 2.000000
 1.3 2.000000
 1.4 2.000000
 1.5 2.000000
 1.6 2.000000
 1.7 2.000000
 1.8 2.000000
 1.9 2.000000
 2.0 1.366412
 2.1 1.209524
 2.2 1.207547
 2.3 1.207156
 2.4 1.184353
 2.5 0.926752
 2.6 0.599609
 2.7 0.557471
 2.8 0.550505
 2.9 0.522371
 3.0 0.540389
 3.1 0.631367
 3.2 0.717142
 3.3 0.776297
 3.4 0.743590
 3.5 0.687167
 3.6 0.628869
 3.7 0.566881
 3.8 0.446893
 3.9 0.299182
 4.0 0.213993
 4.1 0.135282
 4.2 0.081303
 4.3 0.086271
 4.4 0.095426
 4.5 0.115250
 4.6 0.147307

ASP 82
 0.0 2.000000
 0.1 2.000000
 0.2 2.000000
 0.3 2.000000
 0.4 2.000000
 0.5 2.000000
 0.6 2.000000
 0.7 2.000000
 0.8 2.000000
 0.9 2.000000
 1.0 2.000000
 1.1 2.000000
 1.2 2.000000
 1.3 2.000000
 1.4 2.000000
 1.5 2.000000
 1.6 2.000000
 1.7 2.000000
 1.8 2.000000
 1.9 2.000000
 2.0 1.444656
 2.1 1.276190
 2.2 1.273585
 2.3 1.273070
 2.4 1.247302
 2.5 0.964968
 2.6 0.599609
 2.7 0.557471
 2.8 0.550505
 2.9 0.522371
 3.0 0.479745
 3.1 0.417649
 3.2 0.233431
 3.3 0.004158
 3.4 -0.158159
 3.5 -0.320398
 3.6 -0.481697
 3.7 -0.588951
 3.8 -0.721929
 3.9 -0.882526
 4.0 -0.766292
 4.1 -0.700834
 4.2 -0.674978
 4.3 -0.633350
 4.4 -0.582799
 4.5 -0.610893
 4.6 -0.605406

PRO 83
 0.0 2.000000
 0.1 2.000000
 0.2 2.000000
 0.3 2.000000
 0.4 2.000000
 0.5 2.000000
 0.6 2.000000
 0.7 2.000000
 0.8 2.000000
 0.9 2.000000
 1.0 2.000000
 1.1 2.000000
 1.2 2.000000
 1.3 2.000000
 1.4 2.000000
 1.5 2.000000
 1.6 2.000000
 1.7 2.000000
 1.8 2.000000
 1.9 2.000000
 2.0 1.408397
 2.1 1.257143
 2.2 1.254717
 2.3 1.254237
 2.4 1.235612
 2.5 1.085987
 2.6 1.000000
 2.7 0.992816
 2.8 0.941919
 2.9 0.865772
 3.0 0.753713
 3.1 0.663576
 3.2 0.540359
 3.3 0.456963
 3.4 0.416711
 3.5 0.381229
 3.6 0.326656
 3.7 0.280640
 3.8 0.249905
 3.9 0.171118
 4.0 0.102835
 4.1 0.041848
 4.2 -0.118033
 4.3 -0.207599
 4.4 -0.241641
 4.5 -0.293713
 4.6 -0.361060

ALA 84
 0.0 2.000000
 0.1 2.000000
 0.2 2.000000
 0.3 2.000000
 0.4 2.000000
 0.5 2.000000
 0.6 2.000000
 0.7 2.000000
 0.8 2.000000
 0.9 2.000000
 1.0 2.000000
 1.1 2.000000
 1.2 2.000000
 1.3 2.000000
 1.4 2.000000
 1.5 2.000000
 1.6 2.000000
 1.7 2.000000
 1.8 2.000000
 1.9 2.000000
 2.0 1.559160
 2.1 1.528571
 2.2 1.528302
 2.3 1.528249
 2.4 1.523381
 2.5 1.501062
 2.6 1.500000
 2.7 1.492816
 2.8 1.441919
 2.9 1.365772
 3.0 1.253713
 3.1 1.114264
 3.2 0.952832
 3.3 0.895043
 3.4 0.869007
 3.5 0.882481
 3.6 0.900977
 3.7 0.938985
 3.8 0.999191
 3.9 1.116329
 4.0 1.120596
 4.1 0.974368
 4.2 0.726415
 4.3 0.561904
 4.4 0.415466
 4.5 0.295670
 4.6 0.195698

VAL 93
 0.0 2.000000
 0.1 2.000000
 0.2 2.000000
 0.3 2.000000
 0.4 2.000000
 0.5 2.000000
 0.6 2.000000
 0.7 2.000000
 0.8 2.000000
 0.9 2.000000
 1.0 2.000000
 1.1 2.000000
 1.2 2.000000
 1.3 2.000000
 1.4 2.000000
 1.5 2.000000
 1.6 2.000000
 1.7 2.000000
 1.8 2.000000
 1.9 2.000000
 2.0 1.938931
 2.1 1.823810
 2.2 1.820755
 2.3 1.820151
 2.4 1.799460
 2.5 1.548832
 2.6 1.138672
 2.7 1.086207
 2.8 1.075758
 2.9 1.042506
 3.0 1.000000
 3.1 1.000000
 3.2 1.000000
 3.3 1.000000
 3.4 1.000000
 3.5 1.000000
 3.6 1.000000
 3.7 0.994303
 3.8 0.952611
 3.9 0.781045
 4.0 0.555448
 4.1 0.372156
 4.2 0.219071
 4.3 0.169389
 4.4 0.167000
 4.5 0.167000
 4.6 0.167000

ALA 94
 0.0 2.000000
 0.1 2.000000
 0.2 2.000000
 0.3 2.000000
 0.4 2.000000
 0.5 2.000000
 0.6 2.000000
 0.7 2.000000
 0.8 2.000000
 0.9 2.000000
 1.0 2.000000
 1.1 2.000000
 1.2 2.000000
 1.3 2.000000
 1.4 2.000000
 1.5 2.000000
 1.6 2.000000
 1.7 2.000000
 1.8 2.000000
 1.9 2.000000
 2.0 1.583969
 2.1 1.400000
 2.2 1.396226
 2.3 1.395480
 2.4 1.367806
 2.5 1.060510
 2.6 0.638672
 2.7 0.586207
 2.8 0.575758
 2.9 0.542506
 3.0 0.495050
 3.1 0.394495
 3.2 0.258217
 3.3 0.046040
 3.4 -0.113059
 3.5 -0.213292
 3.6 -0.292603
 3.7 -0.339569
 3.8 -0.378179
 3.9 -0.473949
 4.0 -0.603357
 4.1 -0.718909
 4.2 -0.815742
 4.3 -0.864841
 4.4 -0.865679
 4.5 -0.852440
 4.6 -0.835400

SER 95
 0.0 2.000000
 0.1 2.000000
 0.2 2.000000
 0.3 2.000000
 0.4 2.000000
 0.5 2.000000
 0.6 2.000000
 0.7 2.000000
 0.8 2.000000
 0.9 2.000000
 1.0 2.000000
 1.1 2.000000
 1.2 2.000000
 1.3 2.000000
 1.4 2.000000
 1.5 2.000000
 1.6 2.000000
 1.7 2.000000
 1.8 2.000000
 1.9 2.000000
 2.0 1.635496
 2.1 1.485714
 2.2 1.481132
 2.3 1.480226
 2.4 1.451439
 2.5 1.239915
 2.6 0.943359
 2.7 0.816092
 2.8 0.777778
 2.9 0.720358
 3.0 0.584968
 3.1 0.456321
 3.2 0.403521
 3.3 0.184870
 3.4 -0.002107
 3.5 -0.107917
 3.6 -0.209272
 3.7 -0.316417
 3.8 -0.386992
 3.9 -0.310323
 4.0 -0.135961
 4.1 0.015823
 4.2 0.137556
 4.3 0.187541
 4.4 0.201242
 4.5 0.194093
 4.6 0.179459

PHE 96
 0.0 2.000000
 0.1 2.000000
 0.2 2.000000
 0.3 2.000000
 0.4 2.000000
 0.5 2.000000
 0.6 2.000000
 0.7 2.000000
 0.8 2.000000
 0.9 2.000000
 1.0 2.000000
 1.1 2.000000
 1.2 2.000000
 1.3 2.000000
 1.4 2.000000
 1.5 2.000000
 1.6 2.000000
 1.7 2.000000
 1.8 2.000000
 1.9 2.000000
 2.0 1.961832
 2.1 1.780952
 2.2 1.773585
 2.3 1.772128
 2.4 1.730216
 2.5 1.420382
 2.6 0.873047
 2.7 0.617816
 2.8 0.542929
 2.9 0.429530
 3.0 0.188928
 3.1 0.109991
 3.2 0.193477
 3.3 0.314102
 3.4 0.401752
 3.5 0.413595
 3.6 0.411557
 3.7 0.404126
 3.8 0.372226
 3.9 0.303502
 4.0 0.328137
 4.1 0.374960
 4.2 0.426728
 4.3 0.453452
 4.4 0.464828
 4.5 0.472580
 4.6 0.487391

LEU 97
 0.0 2.000000
 0.1 2.000000
 0.2 2.000000
 0.3 2.000000
 0.4 2.000000
 0.5 2.000000
 0.6 2.000000
 0.7 2.000000
 0.8 2.000000
 0.9 2.000000
 1.0 2.000000
 1.1 2.000000
 1.2 2.000000
 1.3 2.000000
 1.4 2.000000
 1.5 2.000000
 1.6 2.000000
 1.7 2.000000
 1.8 2.000000
 1.9 2.000000
 2.0 1.931298
 2.1 1.723810
 2.2 1.716981
 2.3 1.715631
 2.4 1.676259
 2.5 1.367304
 2.6 0.929688
 2.7 0.801724
 2.8 0.765152
 2.9 0.709172
 3.0 0.567641
 3.1 0.346229
 3.2 0.131125
 3.3 -0.320396
 3.4 -0.631784
 3.5 -0.834275
 3.6 -0.985979
 3.7 -1.086016
 3.8 -1.088391
 3.9 -0.915921
 4.0 -0.662109
 4.1 -0.523215
 4.2 -0.449382
 4.3 -0.440764
 4.4 -0.467408
 4.5 -0.481285
 4.6 -0.498517

GLN 98
 0.0 2.000000
 0.1 2.000000
 0.2 2.000000
 0.3 2.000000
 0.4 2.000000
 0.5 2.000000
 0.6 2.000000
 0.7 2.000000
 0.8 2.000000
 0.9 2.000000
 1.0 2.000000
 1.1 2.000000
 1.2 2.000000
 1.3 2.000000
 1.4 2.000000
 1.5 2.000000
 1.6 2.000000
 1.7 2.000000
 1.8 2.000000
 1.9 2.000000
 2.0 1.956107
 2.1 1.780952
 2.2 1.773585
 2.3 1.772128
 2.4 1.730216
 2.5 1.423567
 2.6 1.000000
 2.7 1.000000
 2.8 1.000000
 2.9 1.000000
 3.0 1.000000
 3.1 1.000000
 3.2 0.997812
 3.3 0.796046
 3.4 0.595941
 3.5 0.497694
 3.6 0.401346
 3.7 0.305453
 3.8 0.228861
 3.9 0.279118
 4.0 0.324863
 4.1 0.333000
 4.2 0.333000
 4.3 0.309115
 4.4 0.225638
 4.5 0.186195
 4.6 0.145362

LYS 99
 0.0 2.000000
 0.1 2.000000
 0.2 2.000000
 0.3 2.000000
 0.4 2.000000
 0.5 2.000000
 0.6 2.000000
 0.7 2.000000
 0.8 2.000000
 0.9 2.000000
 1.0 2.000000
 1.1 2.000000
 1.2 2.000000
 1.3 2.000000
 1.4 2.000000
 1.5 2.000000
 1.6 2.000000
 1.7 2.000000
 1.8 2.000000
 1.9 2.000000
 2.0 1.996183
 2.1 1.928571
 2.2 1.924528
 2.3 1.923729
 2.4 1.901079
 2.5 1.748408
 2.6 1.500000
 2.7 1.500000
 2.8 1.500000
 2.9 1.500000
 3.0 1.500000
 3.1 1.500000
 3.2 1.459519
 3.3 1.331845
 3.4 1.269248
 3.5 1.233211
 3.6 1.185932
 3.7 1.153877
 3.8 1.166729
 3.9 1.167000
 4.0 1.167000
 4.1 1.167000
 4.2 1.167000
 4.3 1.143115
 4.4 1.059638
 4.5 1.020195
 4.6 0.979362

ASP 110
 0.0 2.000000
 0.1 2.000000
 0.2 2.000000
 0.3 2.000000
 0.4 2.000000
 0.5 2.000000
 0.6 2.000000
 0.7 2.000000
 0.8 2.000000
 0.9 2.000000
 1.0 2.000000
 1.1 2.000000
 1.2 2.000000
 1.3 2.000000
 1.4 2.000000
 1.5 2.000000
 1.6 2.000000
 1.7 2.000000
 1.8 2.000000
 1.9 2.000000
 2.0 1.971374
 2.1 1.871429
 2.2 1.867925
 2.3 1.866290
 2.4 1.820144
 2.5 1.507431
 2.6 0.835937
 2.7 0.751879
 2.8 0.761712
 2.9 0.761253
 3.0 0.718037
 3.1 0.776482
 3.2 0.831543
 3.3 0.833000
 3.4 0.833000
 3.5 0.833000
 3.6 0.833000
 3.7 0.833000
 3.8 0.833000
 3.9 0.833000
 4.0 0.833000
 4.1 0.833000
 4.2 0.820254
 4.3 0.788064
 4.4 0.755141
 4.5 0.732516
 4.6 0.704567

TYR 111
 0.0 2.000000
 0.1 2.000000
 0.2 2.000000
 0.3 2.000000
 0.4 2.000000
 0.5 2.000000
 0.6 2.000000
 0.7 2.000000
 0.8 2.000000
 0.9 2.000000
 1.0 2.000000
 1.1 2.000000
 1.2 2.000000
 1.3 2.000000
 1.4 2.000000
 1.5 2.000000
 1.6 2.000000
 1.7 2.000000
 1.8 2.000000
 1.9 2.000000
 2.0 1.662214
 2.1 1.476190
 2.2 1.471698
 2.3 1.469868
 2.4 1.415468
 2.5 1.046709
 2.6 0.521484
 2.7 0.481764
 2.8 0.463732
 2.9 0.440224
 3.0 0.401205
 3.1 0.361344
 3.2 0.333731
 3.3 0.333000
 3.4 0.333000
 3.5 0.333000
 3.6 0.333000
 3.7 0.321622
 3.8 0.278073
 3.9 0.162767
 4.0 -0.013561
 4.1 -0.161198
 4.2 -0.289978
 4.3 -0.355269
 4.4 -0.422873
 4.5 -0.451789
 4.6 -0.484552

ASP 112
 0.0 2.000000
 0.1 2.000000
 0.2 2.000000
 0.3 2.000000
 0.4 2.000000
 0.5 2.000000
 0.6 2.000000
 0.7 2.000000
 0.8 2.000000
 0.9 2.000000
 1.0 2.000000
 1.1 2.000000
 1.2 2.000000
 1.3 2.000000
 1.4 2.000000
 1.5 2.000000
 1.6 2.000000
 1.7 2.000000
 1.8 2.000000
 1.9 2.000000
 2.0 1.395038
 2.1 1.219048
 2.2 1.216981
 2.3 1.216573
 2.4 1.199640
 2.5 1.028662
 2.6 0.794922
 2.7 0.556477
 2.8 0.468783
 2.9 0.336197
 3.0 0.052196
 3.1 -0.115720
 3.2 -0.166269
 3.3 -0.167000
 3.4 -0.167000
 3.5 -0.167000
 3.6 -0.167000
 3.7 -0.167000
 3.8 -0.167000
 3.9 -0.162004
 4.0 -0.086406
 4.1 -0.003867
 4.2 0.032415
 4.3 0.035432
 4.4 0.034729
 4.5 0.014133
 4.6 -0.028386

THR 113
 0.0 2.000000
 0.1 2.000000
 0.2 2.000000
 0.3 2.000000
 0.4 2.000000
 0.5 2.000000
 0.6 2.000000
 0.7 2.000000
 0.8 2.000000
 0.9 2.000000
 1.0 2.000000
 1.1 2.000000
 1.2 2.000000
 1.3 2.000000
 1.4 2.000000
 1.5 2.000000
 1.6 2.000000
 1.7 2.000000
 1.8 2.000000
 1.9 2.000000
 2.0 1.704198
 2.1 1.614286
 2.2 1.613208
 2.3 1.612994
 2.4 1.604317
 2.5 1.525478
 2.6 1.480469
 2.7 1.359195
 2.8 1.315657
 2.9 1.253915
 3.0 1.129950
 3.1 1.022936
 3.2 1.000000
 3.3 1.000000
 3.4 1.000000
 3.5 1.000000
 3.6 1.000000
 3.7 1.000000
 3.8 1.000000
 3.9 0.997502
 4.0 0.959703
 4.1 0.918434
 4.2 0.815728
 4.3 0.696650
 4.4 0.641479
 4.5 0.599908
 4.6 0.535075

ASN 124
 0.0 2.000000
 0.1 2.000000
 0.2 2.000000
 0.3 2.000000
 0.4 2.000000
 0.5 2.000000
 0.6 2.000000
 0.7 2.000000
 0.8 2.000000
 0.9 2.000000
 1.0 2.000000
 1.1 2.000000
 1.2 2.000000
 1.3 2.000000
 1.4 2.000000
 1.5 2.000000
 1.6 2.000000
 1.7 2.000000
 1.8 2.000000
 1.9 2.000000
 2.0 2.000000
 2.1 1.966667
 2.2 1.962264
 2.3 1.961394
 2.4 1.937050
 2.5 1.789809
 2.6 1.396484
 2.7 1.272989
 2.8 1.232323
 2.9 1.108501
 3.0 0.871287
 3.1 0.707991
 3.2 0.629597
 3.3 0.615282
 3.4 0.541986
 3.5 0.487956
 3.6 0.431045
 3.7 0.311546
 3.8 0.113766
 3.9 -0.134128
 4.0 -0.293339
 4.1 -0.314971
 4.2 -0.265629
 4.3 -0.229818
 4.4 -0.194531
 4.5 -0.159297
 4.6 -0.161470

LEU 125
 0.0 2.000000
 0.1 2.000000
 0.2 2.000000
 0.3 2.000000
 0.4 2.000000
 0.5 2.000000
 0.6 2.000000
 0.7 2.000000
 0.8 2.000000
 0.9 2.000000
 1.0 2.000000
 1.1 2.000000
 1.2 2.000000
 1.3 2.000000
 1.4 2.000000
 1.5 2.000000
 1.6 2.000000
 1.7 2.000000
 1.8 2.000000
 1.9 2.000000
 2.0 2.000000
 2.1 1.950476
 2.2 1.943396
 2.3 1.941620
 2.4 1.892086
 2.5 1.569002
 2.6 0.791016
 2.7 0.686782
 2.8 0.664141
 2.9 0.619687
 3.0 0.512376
 3.1 0.539716
 3.2 0.629702
 3.3 0.673601
 3.4 0.597056
 3.5 0.539238
 3.6 0.485670
 3.7 0.391445
 3.8 0.232871
 3.9 0.118647
 4.0 0.093977
 4.1 0.070242
 4.2 0.020166
 4.3 -0.027064
 4.4 -0.065190
 4.5 -0.096827
 4.6 -0.136402

ASP 126
 0.0 2.000000
 0.1 2.000000
 0.2 2.000000
 0.3 2.000000
 0.4 2.000000
 0.5 2.000000
 0.6 2.000000
 0.7 2.000000
 0.8 2.000000
 0.9 2.000000
 1.0 2.000000
 1.1 2.000000
 1.2 2.000000
 1.3 2.000000
 1.4 2.000000
 1.5 2.000000
 1.6 2.000000
 1.7 2.000000
 1.8 2.000000
 1.9 2.000000
 2.0 1.730916
 2.1 1.617143
 2.2 1.613208
 2.3 1.612053
 2.4 1.577338
 2.5 1.308917
 2.6 0.660156
 2.7 0.445402
 2.8 0.391414
 2.9 0.295302
 3.0 0.056931
 3.1 0.019917
 3.2 0.065046
 3.3 0.161604
 3.4 0.226750
 3.5 0.263051
 3.6 0.304846
 3.7 0.337391
 3.8 0.360107
 3.9 0.380353
 4.0 0.405023
 4.1 0.428208
 4.2 0.423857
 4.3 0.391398
 4.4 0.350294
 4.5 0.329109
 4.6 0.294371

GLY 127
 0.0 2.000000
 0.1 2.000000
 0.2 2.000000
 0.3 2.000000
 0.4 2.000000
 0.5 2.000000
 0.6 2.000000
 0.7 2.000000
 0.8 2.000000
 0.9 2.000000
 1.0 2.000000
 1.1 2.000000
 1.2 2.000000
 1.3 2.000000
 1.4 2.000000
 1.5 2.000000
 1.6 2.000000
 1.7 2.000000
 1.8 2.000000
 1.9 2.000000
 2.0 1.717557
 2.1 1.533333
 2.2 1.528302
 2.3 1.527307
 2.4 1.496403
 2.5 1.178344
 2.6 0.570313
 2.7 0.387931
 2.8 0.287879
 2.9 0.049217
 3.0 -0.372525
 3.1 -0.632303
 3.2 -0.903120
 3.3 -1.037774
 3.4 -1.041388
 3.5 -1.038657
 3.6 -1.054148
 3.7 -1.039996
 3.8 -0.983396
 3.9 -0.952647
 4.0 -0.933754
 4.1 -0.949341
 4.2 -0.871832
 4.3 -0.811873
 4.4 -0.766456
 4.5 -0.725152
 4.6 -0.641896

THR 128
 0.0 2.000000
 0.1 2.000000
 0.2 2.000000
 0.3 2.000000
 0.4 2.000000
 0.5 2.000000
 0.6 2.000000
 0.7 2.000000
 0.8 2.000000
 0.9 2.000000
 1.0 2.000000
 1.1 2.000000
 1.2 2.000000
 1.3 2.000000
 1.4 2.000000
 1.5 2.000000
 1.6 2.000000
 1.7 2.000000
 1.8 2.000000
 1.9 2.000000
 2.0 1.986641
 2.1 1.900000
 2.2 1.896226
 2.3 1.895480
 2.4 1.874101
 2.5 1.646497
 2.6 1.089844
 2.7 0.902299
 2.8 0.853535
 2.9 0.761745
 3.0 0.556931
 3.1 0.497706
 3.2 0.381838
 3.3 0.211000
 3.4 0.077320
 3.5 0.002530
 3.6 -0.099443
 3.7 -0.186520
 3.8 -0.282771
 3.9 -0.420205
 4.0 -0.571884
 4.1 -0.706339
 4.2 -0.807718
 4.3 -0.840742
 4.4 -0.888633
 4.5 -0.928796
 4.6 -0.957792

ASP 140
 0.0 2.000000
 0.1 2.000000
 0.2 2.000000
 0.3 2.000000
 0.4 2.000000
 0.5 2.000000
 0.6 2.000000
 0.7 2.000000
 0.8 2.000000
 0.9 2.000000
 1.0 2.000000
 1.1 2.000000
 1.2 2.000000
 1.3 2.000000
 1.4 2.000000
 1.5 2.000000
 1.6 2.000000
 1.7 2.000000
 1.8 2.000000
 1.9 2.000000
 2.0 1.858779
 2.1 1.738095
 2.2 1.735849
 2.3 1.735405
 2.4 1.721223
 2.5 1.591295
 2.6 1.500000
 2.7 1.500000
 2.8 1.500000
 2.9 1.480971
 3.0 1.418349
 3.1 1.330399
 3.2 1.246381
 3.3 1.161520
 3.4 1.010027
 3.5 0.937231
 3.6 0.866995
 3.7 0.772507
 3.8 0.589727
 3.9 0.417410
 4.0 0.255677
 4.1 0.149316
 4.2 0.084068
 4.3 0.091025
 4.4 0.104902
 4.5 0.112016
 4.6 0.120086

PRO 141
 0.0 2.000000
 0.1 2.000000
 0.2 2.000000
 0.3 2.000000
 0.4 2.000000
 0.5 2.000000
 0.6 2.000000
 0.7 2.000000
 0.8 2.000000
 0.9 2.000000
 1.0 2.000000
 1.1 2.000000
 1.2 2.000000
 1.3 2.000000
 1.4 2.000000
 1.5 2.000000
 1.6 2.000000
 1.7 2.000000
 1.8 2.000000
 1.9 2.000000
 2.0 1.549618
 2.1 1.342857
 2.2 1.339623
 2.3 1.338983
 2.4 1.316547
 2.5 1.105096
 2.6 0.853516
 2.7 0.744253
 2.8 0.714646
 2.9 0.694228
 3.0 0.633978
 3.1 0.684830
 3.2 0.768149
 3.3 0.765146
 3.4 0.620589
 3.5 0.529431
 3.6 0.438565
 3.7 0.342014
 3.8 0.171002
 3.9 0.106233
 4.0 0.085118
 4.1 0.083000
 4.2 0.063614
 4.3 0.021885
 4.4 -0.018043
 4.5 -0.043736
 4.6 -0.078987

ASN 142
 0.0 2.000000
 0.1 2.000000
 0.2 2.000000
 0.3 2.000000
 0.4 2.000000
 0.5 2.000000
 0.6 2.000000
 0.7 2.000000
 0.8 2.000000
 0.9 2.000000
 1.0 2.000000
 1.1 2.000000
 1.2 2.000000
 1.3 2.000000
 1.4 2.000000
 1.5 2.000000
 1.6 2.000000
 1.7 2.000000
 1.8 2.000000
 1.9 2.000000
 2.0 1.614504
 2.1 1.409524
 2.2 1.405660
 2.3 1.404896
 2.4 1.379496
 2.5 1.132696
 2.6 0.667969
 2.7 0.459770
 2.8 0.404040
 2.9 0.299763
 3.0 0.073052
 3.1 0.062050
 3.2 0.105243
 3.3 0.157628
 3.4 0.263332
 3.5 0.317111
 3.6 0.366242
 3.7 0.419005
 3.8 0.511735
 3.9 0.559767
 4.0 0.495035
 4.1 0.371775
 4.2 0.267826
 4.3 0.206232
 4.4 0.149917
 4.5 0.126437
 4.6 0.138150

GLY 143
 0.0 2.000000
 0.1 2.000000
 0.2 2.000000
 0.3 2.000000
 0.4 2.000000
 0.5 2.000000
 0.6 2.000000
 0.7 2.000000
 0.8 2.000000
 0.9 2.000000
 1.0 2.000000
 1.1 2.000000
 1.2 2.000000
 1.3 2.000000
 1.4 2.000000
 1.5 2.000000
 1.6 2.000000
 1.7 2.000000
 1.8 2.000000
 1.9 2.000000
 2.0 1.854962
 2.1 1.619048
 2.2 1.613208
 2.3 1.612053
 2.4 1.577338
 2.5 1.263270
 2.6 0.814453
 2.7 0.715517
 2.8 0.689394
 2.9 0.637949
 3.0 0.488384
 3.1 0.422628
 3.2 0.380140
 3.3 0.342889
 3.4 0.224373
 3.5 0.128229
 3.6 0.057717
 3.7 -0.035664
 3.8 -0.230053
 3.9 -0.461267
 4.0 -0.671306
 4.1 -0.946160
 4.2 -1.049340
 4.3 -0.983519
 4.4 -0.960920
 4.5 -0.928805
 4.6 -0.794929

LEU 144
 0.0 2.000000
 0.1 2.000000
 0.2 2.000000
 0.3 2.000000
 0.4 2.000000
 0.5 2.000000
 0.6 2.000000
 0.7 2.000000
 0.8 2.000000
 0.9 2.000000
 1.0 2.000000
 1.1 2.000000
 1.2 2.000000
 1.3 2.000000
 1.4 2.000000
 1.5 2.000000
 1.6 2.000000
 1.7 2.000000
 1.8 2.000000
 1.9 2.000000
 2.0 1.914122
 2.1 1.704762
 2.2 1.698113
 2.3 1.696798
 2.4 1.658273
 2.5 1.353503
 2.6 1.000000
 2.7 1.000000
 2.8 1.000000
 2.9 1.000000
 3.0 1.000000
 3.1 0.959862
 3.2 0.827133
 3.3 0.681115
 3.4 0.432466
 3.5 0.238426
 3.6 0.065006
 3.7 -0.063843
 3.8 -0.305331
 3.9 -0.498932
 4.0 -0.492274
 4.1 -0.436248
 4.2 -0.362499
 4.3 -0.306529
 4.4 -0.257469
 4.5 -0.213088
 4.6 -0.188013

PRO 145
 0.0 2.000000
 0.1 2.000000
 0.2 2.000000
 0.3 2.000000
 0.4 2.000000
 0.5 2.000000
 0.6 2.000000
 0.7 2.000000
 0.8 2.000000
 0.9 2.000000
 1.0 2.000000
 1.1 2.000000
 1.2 2.000000
 1.3 2.000000
 1.4 2.000000
 1.5 2.000000
 1.6 2.000000
 1.7 2.000000
 1.8 2.000000
 1.9 2.000000
 2.0 1.982824
 2.1 1.890476
 2.2 1.886792
 2.3 1.886064
 2.4 1.865108
 2.5 1.709130
 2.6 1.500000
 2.7 1.500000
 2.8 1.500000
 2.9 1.500000
 3.0 1.500000
 3.1 1.459862
 3.2 1.327133
 3.3 1.181115
 3.4 0.993185
 3.5 0.872685
 3.6 0.756987
 3.7 0.689633
 3.8 0.564620
 3.9 0.500000
 4.0 0.496125
 4.1 0.492968
 4.2 0.539995
 4.3 0.571799
 4.4 0.597331
 4.5 0.619986
 4.6 0.661839

LEU 159
 0.0 2.000000
 0.1 2.000000
 0.2 2.000000
 0.3 2.000000
 0.4 2.000000
 0.5 2.000000
 0.6 2.000000
 0.7 2.000000
 0.8 2.000000
 0.9 2.000000
 1.0 2.000000
 1.1 2.000000
 1.2 2.000000
 1.3 2.000000
 1.4 2.000000
 1.5 2.000000
 1.6 2.000000
 1.7 2.000000
 1.8 2.000000
 1.9 2.000000
 2.0 1.839695
 2.1 1.719048
 2.2 1.716981
 2.3 1.716573
 2.4 1.694245
 2.5 1.443737
 2.6 1.080078
 2.7 1.043103
 2.8 1.037879
 2.9 1.013423
 3.0 0.999173
 3.1 0.968592
 3.2 0.923991
 3.3 0.884703
 3.4 0.859488
 3.5 0.836134
 3.6 0.809603
 3.7 0.790818
 3.8 0.763811
 3.9 0.709919
 4.0 0.669311
 4.1 0.667000
 4.2 0.667000
 4.3 0.661416
 4.4 0.633702
 4.5 0.620851
 4.6 0.608015

CYS 160
 0.0 2.000000
 0.1 2.000000
 0.2 2.000000
 0.3 2.000000
 0.4 2.000000
 0.5 2.000000
 0.6 2.000000
 0.7 2.000000
 0.8 2.000000
 0.9 2.000000
 1.0 2.000000
 1.1 2.000000
 1.2 2.000000
 1.3 2.000000
 1.4 2.000000
 1.5 2.000000
 1.6 2.000000
 1.7 2.000000
 1.8 2.000000
 1.9 2.000000
 2.0 1.830153
 2.1 1.628571
 2.2 1.622642
 2.3 1.621469
 2.4 1.577338
 2.5 1.146497
 2.6 0.375000
 2.7 0.244253
 2.8 0.214646
 2.9 0.144295
 3.0 0.017738
 3.1 0.062628
 3.2 0.151562
 3.3 0.229904
 3.4 0.280182
 3.5 0.306000
 3.6 0.309462
 3.7 0.290564
 3.8 0.263394
 3.9 0.208823
 4.0 0.135972
 4.1 0.091912
 4.2 0.053411
 4.3 0.042360
 4.4 0.074742
 4.5 0.092297
 4.6 0.117969

LEU 161
 0.0 2.000000
 0.1 2.000000
 0.2 2.000000
 0.3 2.000000
 0.4 2.000000
 0.5 2.000000
 0.6 2.000000
 0.7 2.000000
 0.8 2.000000
 0.9 2.000000
 1.0 2.000000
 1.1 2.000000
 1.2 2.000000
 1.3 2.000000
 1.4 2.000000
 1.5 2.000000
 1.6 2.000000
 1.7 2.000000
 1.8 2.000000
 1.9 2.000000
 2.0 1.858779
 2.1 1.657143
 2.2 1.650943
 2.3 1.649718
 2.4 1.612410
 2.5 1.208068
 2.6 0.453125
 2.7 0.301724
 2.8 0.265152
 2.9 0.127517
 3.0 -0.144391
 3.1 -0.323080
 3.2 -0.553387
 3.3 -0.645517
 3.4 -0.659326
 3.5 -0.647829
 3.6 -0.615473
 3.7 -0.538030
 3.8 -0.445191
 3.9 -0.335643
 4.0 -0.189749
 4.1 -0.101377
 4.2 -0.030517
 4.3 -0.019518
 4.4 -0.022399
 4.5 -0.030523
 4.6 -0.062099

ALA 162
 0.0 2.000000
 0.1 2.000000
 0.2 2.000000
 0.3 2.000000
 0.4 2.000000
 0.5 2.000000
 0.6 2.000000
 0.7 2.000000
 0.8 2.000000
 0.9 2.000000
 1.0 2.000000
 1.1 2.000000
 1.2 2.000000
 1.3 2.000000
 1.4 2.000000
 1.5 2.000000
 1.6 2.000000
 1.7 2.000000
 1.8 2.000000
 1.9 2.000000
 2.0 1.868321
 2.1 1.722857
 2.2 1.716981
 2.3 1.715631
 2.4 1.675360
 2.5 1.306794
 2.6 0.666016
 2.7 0.600575
 2.8 0.588384
 2.9 0.552573
 3.0 0.500000
 3.1 0.500000
 3.2 0.472593
 3.3 0.354037
 3.4 0.262760
 3.5 0.214220
 3.6 0.157422
 3.7 0.110575
 3.8 0.083402
 3.9 0.082645
 4.0 0.040573
 4.1 -0.041013
 4.2 -0.121484
 4.3 -0.168815
 4.4 -0.221138
 4.5 -0.254964
 4.6 -0.262980

ARG 163
 0.0 2.000000
 0.1 2.000000
 0.2 2.000000
 0.3 2.000000
 0.4 2.000000
 0.5 2.000000
 0.6 2.000000
 0.7 2.000000
 0.8 2.000000
 0.9 2.000000
 1.0 2.000000
 1.1 2.000000
 1.2 2.000000
 1.3 2.000000
 1.4 2.000000
 1.5 2.000000
 1.6 2.000000
 1.7 2.000000
 1.8 2.000000
 1.9 2.000000
 2.0 1.946565
 2.1 1.808571
 2.2 1.801887
 2.3 1.800377
 2.4 1.757194
 2.5 1.418259
 2.6 0.763672
 2.7 0.672414
 2.8 0.651515
 2.9 0.608501
 3.0 0.508663
 3.1 0.497319
 3.2 0.505116
 3.3 0.531700
 3.4 0.549340
 3.5 0.558861
 3.6 0.571279
 3.7 0.578226
 3.8 0.566950
 3.9 0.530545
 4.0 0.474568
 4.1 0.399072
 4.2 0.329234
 4.3 0.299694
 4.4 0.281380
 4.5 0.265316
 4.6 0.262980

GLN 164
 0.0 2.000000
 0.1 2.000000
 0.2 2.000000
 0.3 2.000000
 0.4 2.000000
 0.5 2.000000
 0.6 2.000000
 0.7 2.000000
 0.8 2.000000
 0.9 2.000000
 1.0 2.000000
 1.1 2.000000
 1.2 2.000000
 1.3 2.000000
 1.4 2.000000
 1.5 2.000000
 1.6 2.000000
 1.7 2.000000
 1.8 2.000000
 1.9 2.000000
 2.0 1.805344
 2.1 1.571429
 2.2 1.566038
 2.3 1.564972
 2.4 1.527878
 2.5 1.094480
 2.6 0.375000
 2.7 0.244253
 2.8 0.214646
 2.9 0.085011
 3.0 -0.150990
 3.1 -0.283644
 3.2 -0.327584
 3.3 -0.309458
 3.4 -0.293879
 3.5 -0.268993
 3.6 -0.233991
 3.7 -0.231307
 3.8 -0.218396
 3.9 -0.145404
 4.0 -0.036318
 4.1 0.081789
 4.2 0.176194
 4.3 0.231997
 4.4 0.277515
 4.5 0.305525
 4.6 0.318389

TYR 165
 0.0 2.000000
 0.1 2.000000
 0.2 2.000000
 0.3 2.000000
 0.4 2.000000
 0.5 2.000000
 0.6 2.000000
 0.7 2.000000
 0.8 2.000000
 0.9 2.000000
 1.0 2.000000
 1.1 2.000000
 1.2 2.000000
 1.3 2.000000
 1.4 2.000000
 1.5 2.000000
 1.6 2.000000
 1.7 2.000000
 1.8 2.000000
 1.9 2.000000
 2.0 1.841603
 2.1 1.628571
 2.2 1.622642
 2.3 1.621469
 2.4 1.581835
 2.5 1.186837
 2.6 0.619141
 2.7 0.571839
 2.8 0.563131
 2.9 0.532438
 3.0 0.500000
 3.1 0.500000
 3.2 0.500000
 3.3 0.424149
 3.4 0.296159
 3.5 0.232639
 3.6 0.168287
 3.7 0.098604
 3.8 -0.009186
 3.9 -0.052455
 4.0 -0.092993
 4.1 -0.062581
 4.2 -0.024119
 4.3 -0.036697
 4.4 -0.065479
 4.5 -0.071086
 4.6 -0.105605

ARG 166
 0.0 2.000000
 0.1 2.000000
 0.2 2.000000
 0.3 2.000000
 0.4 2.000000
 0.5 2.000000
 0.6 2.000000
 0.7 2.000000
 0.8 2.000000
 0.9 2.000000
 1.0 2.000000
 1.1 2.000000
 1.2 2.000000
 1.3 2.000000
 1.4 2.000000
 1.5 2.000000
 1.6 2.000000
 1.7 2.000000
 1.8 2.000000
 1.9 2.000000
 2.0 1.578244
 2.1 1.438095
 2.2 1.433962
 2.3 1.433145
 2.4 1.406475
 2.5 1.213376
 2.6 1.000000
 2.7 1.000000
 2.8 1.000000
 2.9 1.000000
 3.0 1.000000
 3.1 1.000000
 3.2 0.892779
 3.3 0.654025
 3.4 0.332714
 3.5 0.145833
 3.6 -0.043933
 3.7 -0.179473
 3.8 -0.377131
 3.9 -0.408293
 4.0 -0.361673
 4.1 -0.370619
 4.2 -0.383375
 4.3 -0.343637
 4.4 -0.293135
 4.5 -0.268547
 4.6 -0.220022

LEU 167
 0.0 2.000000
 0.1 2.000000
 0.2 2.000000
 0.3 2.000000
 0.4 2.000000
 0.5 2.000000
 0.6 2.000000
 0.7 2.000000
 0.8 2.000000
 0.9 2.000000
 1.0 2.000000
 1.1 2.000000
 1.2 2.000000
 1.3 2.000000
 1.4 2.000000
 1.5 2.000000
 1.6 2.000000
 1.7 2.000000
 1.8 2.000000
 1.9 2.000000
 2.0 1.492366
 2.1 1.323810
 2.2 1.320755
 2.3 1.320151
 2.4 1.298561
 2.5 1.121019
 2.6 1.000000
 2.7 1.000000
 2.8 1.000000
 2.9 1.000000
 3.0 1.000000
 3.1 1.000000
 3.2 0.892779
 3.3 0.729876
 3.4 0.535316
 3.5 0.371528
 3.6 0.210588
 3.7 0.137075
 3.8 0.010859
 3.9 -0.071496
 4.0 -0.004548
 4.1 0.053448
 4.2 0.025183
 4.3 -0.011213
 4.4 -0.044015
 4.5 -0.051865
 4.6 -0.066291

ILE 168
 0.0 2.000000
 0.1 2.000000
 0.2 2.000000
 0.3 2.000000
 0.4 2.000000
 0.5 2.000000
 0.6 2.000000
 0.7 2.000000
 0.8 2.000000
 0.9 2.000000
 1.0 2.000000
 1.1 2.000000
 1.2 2.000000
 1.3 2.000000
 1.4 2.000000
 1.5 2.000000
 1.6 2.000000
 1.7 2.000000
 1.8 2.000000
 1.9 2.000000
 2.0 1.679389
 2.1 1.447619
 2.2 1.443396
 2.3 1.442561
 2.4 1.415468
 2.5 1.168790
 2.6 1.000000
 2.7 1.000000
 2.8 1.000000
 2.9 1.000000
 3.0 1.000000
 3.1 1.000000
 3.2 1.000000
 3.3 0.953560
 3.4 0.820518
 3.5 0.692461
 3.6 0.563712
 3.7 0.427477
 3.8 0.197100
 3.9 -0.000966
 4.0 -0.008610
 4.1 0.058987
 4.2 0.113729
 4.3 0.133538
 4.4 0.120896
 4.5 0.106430
 4.6 0.089583

VAL 169
 0.0 2.000000
 0.1 2.000000
 0.2 2.000000
 0.3 2.000000
 0.4 2.000000
 0.5 2.000000
 0.6 2.000000
 0.7 2.000000
 0.8 2.000000
 0.9 2.000000
 1.0 2.000000
 1.1 2.000000
 1.2 2.000000
 1.3 2.000000
 1.4 2.000000
 1.5 2.000000
 1.6 2.000000
 1.7 2.000000
 1.8 2.000000
 1.9 2.000000
 2.0 1.776718
 2.1 1.590476
 2.2 1.584906
 2.3 1.583804
 2.4 1.550360
 2.5 1.289809
 2.6 1.000000
 2.7 1.000000
 2.8 1.000000
 2.9 1.000000
 3.0 1.000000
 3.1 1.000000
 3.2 0.978118
 3.3 0.770898
 3.4 0.547284
 3.5 0.467924
 3.6 0.373136
 3.7 0.273130
 3.8 0.188759
 3.9 0.219015
 4.0 0.130090
 4.1 0.015467
 4.2 -0.072525
 4.3 -0.079717
 4.4 -0.055736
 4.5 -0.043503
 4.6 -0.011629

HIS 170
 0.0 2.000000
 0.1 2.000000
 0.2 2.000000
 0.3 2.000000
 0.4 2.000000
 0.5 2.000000
 0.6 2.000000
 0.7 2.000000
 0.8 2.000000
 0.9 2.000000
 1.0 2.000000
 1.1 2.000000
 1.2 2.000000
 1.3 2.000000
 1.4 2.000000
 1.5 2.000000
 1.6 2.000000
 1.7 2.000000
 1.8 2.000000
 1.9 2.000000
 2.0 1.948473
 2.1 1.761905
 2.2 1.754717
 2.3 1.753296
 2.4 1.712230
 2.5 1.404459
 2.6 1.000000
 2.7 1.000000
 2.8 1.000000
 2.9 0.996644
 3.0 0.926980
 3.1 0.791284
 3.2 0.641138
 3.3 0.394737
 3.4 0.222625
 3.5 0.124174
 3.6 0.037779
 3.7 -0.023898
 3.8 -0.041008
 3.9 -0.016415
 4.0 0.104121
 4.1 0.228516
 4.2 0.294927
 4.3 0.315169
 4.4 0.337721
 4.5 0.346855
 4.6 0.333000

ASN 171
 0.0 2.000000
 0.1 2.000000
 0.2 2.000000
 0.3 2.000000
 0.4 2.000000
 0.5 2.000000
 0.6 2.000000
 0.7 2.000000
 0.8 2.000000
 0.9 2.000000
 1.0 2.000000
 1.1 2.000000
 1.2 2.000000
 1.3 2.000000
 1.4 2.000000
 1.5 2.000000
 1.6 2.000000
 1.7 2.000000
 1.8 2.000000
 1.9 2.000000
 2.0 1.566794
 2.1 1.400000
 2.2 1.396226
 2.3 1.395480
 2.4 1.370504
 2.5 1.173036
 2.6 0.988281
 2.7 0.873563
 2.8 0.828283
 2.9 0.755394
 3.0 0.532517
 3.1 0.241046
 3.2 0.039505
 3.3 -0.071505
 3.4 -0.147782
 3.5 -0.186597
 3.6 -0.204516
 3.7 -0.223872
 3.8 -0.254961
 3.9 -0.313846
 4.0 -0.349661
 4.1 -0.335813
 4.2 -0.286899
 4.3 -0.255882
 4.4 -0.235156
 4.5 -0.210418
 4.6 -0.180746

GLY 172
 0.0 2.000000
 0.1 2.000000
 0.2 2.000000
 0.3 2.000000
 0.4 2.000000
 0.5 2.000000
 0.6 2.000000
 0.7 2.000000
 0.8 2.000000
 0.9 2.000000
 1.0 2.000000
 1.1 2.000000
 1.2 2.000000
 1.3 2.000000
 1.4 2.000000
 1.5 2.000000
 1.6 2.000000
 1.7 2.000000
 1.8 2.000000
 1.9 2.000000
 2.0 1.490458
 2.1 1.314286
 2.2 1.311321
 2.3 1.310734
 2.4 1.289568
 2.5 1.110403
 2.6 0.988281
 2.7 0.790230
 2.8 0.694444
 2.9 0.576423
 3.0 0.395141
 3.1 0.247530
 3.2 0.147720
 3.3 -0.037034
 3.4 -0.180204
 3.5 -0.288505
 3.6 -0.418488
 3.7 -0.513953
 3.8 -0.579086
 3.9 -0.578712
 4.0 -0.484582
 4.1 -0.356027
 4.2 -0.251331
 4.3 -0.198296
 4.4 -0.162690
 4.5 -0.133869
 4.6 -0.136596

TYR 173
 0.0 2.000000
 0.1 2.000000
 0.2 2.000000
 0.3 2.000000
 0.4 2.000000
 0.5 2.000000
 0.6 2.000000
 0.7 2.000000
 0.8 2.000000
 0.9 2.000000
 1.0 2.000000
 1.1 2.000000
 1.2 2.000000
 1.3 2.000000
 1.4 2.000000
 1.5 2.000000
 1.6 2.000000
 1.7 2.000000
 1.8 2.000000
 1.9 2.000000
 2.0 1.877863
 2.1 1.714286
 2.2 1.707547
 2.3 1.706215
 2.4 1.667266
 2.5 1.350318
 2.6 0.777344
 2.7 0.603448
 2.8 0.530303
 2.9 0.411993
 3.0 0.155042
 3.1 -0.004720
 3.2 -0.022656
 3.3 0.022232
 3.4 0.024616
 3.5 0.071785
 3.6 0.128626
 3.7 0.149979
 3.8 0.176202
 3.9 0.260171
 4.0 0.241643
 4.1 0.163535
 4.2 0.096633
 4.3 0.085927
 4.4 0.082632
 4.5 0.072846
 4.6 0.087947

CYS 174
 0.0 2.000000
 0.1 2.000000
 0.2 2.000000
 0.3 2.000000
 0.4 2.000000
 0.5 2.000000
 0.6 2.000000
 0.7 2.000000
 0.8 2.000000
 0.9 2.000000
 1.0 2.000000
 1.1 2.000000
 1.2 2.000000
 1.3 2.000000
 1.4 2.000000
 1.5 2.000000
 1.6 2.000000
 1.7 2.000000
 1.8 2.000000
 1.9 1.500000
 2.0 1.500000
 2.1 1.457143
 2.2 1.452830
 2.3 1.451977
 2.4 1.428058
 2.5 1.246285
 2.6 0.777344
 2.7 0.686782
 2.8 0.664141
 2.9 0.619687
 3.0 0.512376
 3.1 0.492722
 3.2 0.401431
 3.3 0.234161
 3.4 0.104514
 3.5 0.002377
 3.6 -0.104390
 3.7 -0.175958
 3.8 -0.244435
 3.9 -0.367613
 4.0 -0.424754
 4.1 -0.502844
 4.2 -0.546845
 4.3 -0.468882
 4.4 -0.387209
 4.5 -0.339914
 4.6 -0.254344

ASP 175
 0.0 0.000000
 0.1 0.000000
 0.2 0.000000
 0.3 0.000000
 0.4 0.000000
 0.5 0.000000
 0.6 0.000000
 0.7 0.000000
 0.8 0.000000
 0.9 0.000000
 1.0 0.000000
 1.1 0.000000
 1.2 0.000000
 1.3 0.000000
 1.4 0.000000
 1.5 0.000000
 1.6 0.000000
 1.7 0.000000
 1.8 0.000000
 1.9 0.000000
 2.0 0.000000
 2.1 0.000000
 2.2 0.000000
 2.3 0.000000
 2.4 0.000000
 2.5 0.000000
 2.6 0.000000
 2.7 0.000000
 2.8 0.000000
 2.9 0.000000
 3.0 0.000000
 3.1 0.000000
 3.2 0.000000
 3.3 0.000000
 3.4 0.000000
 3.5 0.000000
 3.6 0.000000
 3.7 0.000000
 3.8 0.000000
 3.9 0.000000
 4.0 0.000000
 4.1 0.000000
 4.2 0.000000
 4.3 0.000000
 4.4 0.000000
 4.5 0.000000
 4.6 0.000000

