ATOMS
N 5.199 35.047 56.202
CA 3.949 34.440 55.713
C 4.105 33.034 55.091
O 3.196 32.202 55.249

N 5.251 32.712 54.441
CA 5.366 31.499 53.628
C 6.224 30.411 54.239
O 6.886 30.599 55.262

N 6.131 29.308 53.487
CA 6.708 27.997 53.746
C 8.182 27.641 53.848
O 8.923 27.614 52.862

N 8.582 27.251 55.048
CA 9.943 26.828 55.235
C 10.071 25.323 55.127
O 11.174 24.793 55.246

N 8.994 24.584 54.852
CA 9.129 23.166 54.620
C 9.854 22.934 53.308
O 9.626 23.589 52.299

N 10.756 21.963 53.348
CA 11.622 21.634 52.231
C 10.815 21.147 51.060
O 11.060 21.552 49.922

N 9.777 20.378 51.366
CA 8.908 19.832 50.343
C 8.256 20.943 49.535
O 7.980 20.788 48.356

N 8.080 22.120 50.124
CA 7.460 23.188 49.393
C 8.410 24.104 48.611
O 7.950 24.869 47.745

N 9.735 24.054 48.829
CA 10.622 24.935 48.084
C 10.538 24.691 46.589
O 10.431 23.563 46.115

N 10.402 25.797 45.860
CA 10.362 25.756 44.411
C 11.777 25.640 43.847
O 12.700 26.242 44.404

N 12.008 24.834 42.809
CA 13.301 24.819 42.131
C 13.222 25.260 40.663
O 12.141 25.554 40.140

N 14.390 25.310 39.997
CA 14.529 25.705 38.602
C 13.781 24.816 37.655
O 14.085 23.643 37.480

N 12.791 25.499 37.082
CA 11.914 24.982 36.051
C 12.710 24.665 34.816
O 13.515 25.459 34.350

N 12.514 23.419 34.389
CA 13.131 22.798 33.214
C 14.641 23.000 33.153
O 15.186 23.416 32.125

N 15.332 22.708 34.273
CA 16.785 22.831 34.360
C 17.529 22.131 33.221
O 17.334 20.945 32.975

N 18.365 22.899 32.501
CA 19.118 22.440 31.361
C 20.500 22.085 31.885
O 21.259 22.971 32.284

N 20.832 20.790 31.890
CA 22.116 20.335 32.428
C 23.370 20.855 31.729
O 24.379 21.266 32.322

N 23.223 20.890 30.415
CA 24.225 21.435 29.536
C 24.390 22.961 29.669
O 25.516 23.434 29.593

N 23.362 23.780 29.925
CA 23.572 25.213 29.976
C 24.238 25.683 31.252
O 24.767 26.797 31.338

N 24.208 24.780 32.234
CA 24.824 24.993 33.535
C 26.288 24.517 33.563
O 26.974 24.638 34.592

N 26.772 23.913 32.465
CA 28.164 23.462 32.364
C 29.186 24.564 32.450
O 28.954 25.687 31.991

N 26.793 27.558 55.579
CA 27.451 26.312 56.015
C 26.601 25.245 56.716
O 25.702 25.602 57.482

N 26.783 23.934 56.539
CA 25.993 22.924 57.213
C 26.612 22.723 58.581
O 27.484 23.496 58.995

N 26.272 21.617 59.249
CA 26.837 21.315 60.548
C 28.153 20.626 60.279
O 28.328 19.994 59.245

N 29.113 20.784 61.176
CA 30.425 20.203 60.994
C 31.267 20.819 59.886
O 31.015 21.903 59.325

N 32.279 19.998 59.594
CA 33.311 20.275 58.611
C 32.843 20.527 57.165
O 32.099 19.743 56.570

N 33.285 21.648 56.583
CA 32.883 22.017 55.238
C 34.024 22.812 54.633
O 35.011 23.066 55.312

N 33.951 23.130 53.332
CA 34.945 23.936 52.617
C 34.826 25.370 53.068
O 33.725 25.895 53.180

N 35.954 25.983 53.371
CA 36.014 27.369 53.818
C 35.839 28.466 52.773
O 34.938 29.308 52.833

N 28.336 14.535 30.313
CA 28.812 13.737 29.174
C 27.753 13.486 28.081
O 26.650 14.055 28.117

N 28.038 12.635 27.080
CA 27.101 12.405 25.976
C 25.739 11.789 26.342
O 24.729 12.055 25.669

N 25.692 10.994 27.427
CA 24.439 10.392 27.875
C 23.611 11.224 28.843
O 22.626 10.724 29.386

N 23.956 12.483 29.100
CA 23.166 13.325 29.992
C 23.570 13.207 31.444
O 22.903 13.754 32.307

N 24.653 12.495 31.772
CA 25.161 12.377 33.133
C 25.986 13.613 33.499
O 26.946 13.974 32.814

N 41.222 18.999 61.378
CA 41.453 19.109 62.842
C 42.856 19.387 63.368
O 43.079 20.152 64.312

N 43.793 18.723 62.687
CA 45.228 18.871 62.895
C 45.772 20.284 62.627
O 46.895 20.643 62.987

N 44.878 21.032 61.967
CA 44.962 22.393 61.464
C 45.711 22.473 60.143
O 46.556 23.326 59.861

N 16.630 12.722 39.192
CA 15.391 12.331 39.840
C 14.284 12.713 38.847
O 14.524 13.169 37.712

N 13.035 12.540 39.264
CA 11.916 12.908 38.435
C 11.713 14.411 38.434
O 10.784 14.897 37.809

N 12.495 15.171 39.194
CA 12.464 16.613 39.116
C 13.750 16.965 38.397
O 14.808 16.595 38.919

N 13.748 17.680 37.254
CA 14.995 18.046 36.581
C 15.986 18.927 37.344
O 17.172 18.785 37.107

N 15.580 19.764 38.286
CA 16.522 20.544 39.050
C 16.981 19.921 40.359
O 17.790 20.553 41.037

N 39.910 13.571 45.957
CA 40.928 12.752 45.257
C 41.887 12.154 46.307
O 42.442 11.069 46.112

N 42.028 12.853 47.450
CA 42.727 12.345 48.610
C 41.735 11.559 49.435
O 40.536 11.815 49.524

N 42.270 10.512 50.015
CA 41.525 9.560 50.833
C 40.868 10.147 52.086
O 39.720 9.835 52.431

N 41.637 11.050 52.723
CA 41.198 11.767 53.910
C 40.029 12.731 53.698
O 39.421 13.148 54.694

N 39.697 13.091 52.434
CA 38.664 14.063 52.208
C 37.341 13.362 52.242
O 37.203 12.189 51.906

N 36.378 14.138 52.736
CA 35.043 13.660 53.008
C 34.317 13.128 51.772
O 34.305 13.758 50.707

N 33.772 11.918 51.967
CA 32.935 11.219 51.001
C 31.499 11.203 51.538
O 31.278 11.093 52.746

N 20.317 31.632 36.012
CA 19.974 32.143 34.707
C 21.042 31.673 33.733
O 21.221 32.268 32.667

N 21.792 30.622 34.134
CA 22.865 29.978 33.383
C 24.082 30.830 33.131
O 25.171 30.288 33.139

N 23.952 32.144 32.905
CA 25.048 33.034 32.538
C 25.534 33.986 33.605
O 26.550 34.636 33.364

N 24.903 34.096 34.776
CA 25.392 35.063 35.723
C 25.456 34.464 37.096
O 26.469 34.565 37.789

N 13.804 18.224 59.951
CA 13.097 18.195 61.202
C 11.795 17.456 60.937
O 11.387 17.240 59.771

N 11.142 17.103 62.067
CA 9.890 16.345 62.026
C 8.716 17.150 61.445
O 7.774 16.570 60.861

N 8.865 18.502 61.523
CA 7.916 19.428 60.898
C 8.101 19.677 59.404
O 7.345 20.421 58.782

N 9.130 19.072 58.813
CA 9.290 19.174 57.380
C 10.298 20.202 56.941
O 10.682 20.184 55.771

N 10.690 21.082 57.873
CA 11.743 22.053 57.647
C 13.088 21.366 57.742
O 13.167 20.190 58.066

N 31.182 35.182 36.915
CA 32.276 36.108 36.995
C 32.940 35.995 38.369
O 32.226 36.016 39.382

N 34.289 35.891 38.482
CA 35.004 35.874 39.737
C 34.766 37.100 40.587
O 34.905 37.029 41.799

N 34.351 38.212 39.988
CA 34.132 39.452 40.693
C 32.736 39.669 41.236
O 32.451 40.717 41.826

N 31.855 38.682 41.027
CA 30.555 38.739 41.638
C 29.415 38.969 40.681
O 29.511 38.860 39.465

N 28.318 39.326 41.336
CA 27.023 39.529 40.702
C 26.698 41.009 40.593
O 27.068 41.842 41.440

N 26.030 41.341 39.472
CA 25.458 42.659 39.225
C 24.378 42.944 40.254
O 23.801 42.016 40.826

N 14.253 30.394 50.707
CA 14.791 29.172 51.245
C 14.832 29.174 52.763
O 15.328 28.222 53.368

N 14.295 30.222 53.381
CA 14.347 30.440 54.832
C 15.770 30.508 55.369
O 16.039 30.127 56.510

N 16.657 31.020 54.496
CA 18.086 31.150 54.776
C 18.551 32.590 54.669
O 19.751 32.860 54.643

N 17.600 33.538 54.625
CA 17.992 34.934 54.589
C 18.684 35.311 55.908
O 18.331 34.868 57.013

N 19.769 36.063 55.650
CA 20.722 36.609 56.609
C 21.653 35.542 57.142
O 22.318 35.774 58.158

N 21.761 34.384 56.453
CA 22.580 33.294 56.949
C 23.741 32.895 56.066
O 24.294 31.792 56.131

N 24.074 33.833 55.199
CA 25.207 33.651 54.328
C 26.328 34.611 54.692
O 26.140 35.725 55.205

N 27.515 34.061 54.468
CA 28.767 34.776 54.613
C 29.466 34.827 53.248
O 29.375 33.902 52.445

N 30.160 35.917 52.940
CA 30.954 36.056 51.735
C 32.134 35.092 51.650
O 32.668 34.736 52.702

N 32.567 34.625 50.448
CA 33.681 33.685 50.317
C 34.947 34.368 49.833
O 34.918 35.080 48.835

N 36.073 34.143 50.513
CA 37.330 34.726 50.082
C 37.952 33.880 49.009
O 37.950 32.650 49.042

N 38.455 34.655 48.056
CA 39.224 34.101 46.979
C 40.517 34.892 46.988
O 40.561 36.064 46.598

N 41.566 34.255 47.533
CA 42.919 34.835 47.548
C 44.031 33.969 46.899
O 45.186 33.946 47.317

N 43.671 33.198 45.879
CA 44.551 32.280 45.190
C 45.235 31.262 46.084
O 46.326 30.854 45.690

N 44.688 30.838 47.241
CA 45.392 29.908 48.134
C 45.643 28.570 47.471
O 46.705 27.960 47.671

N 44.619 28.164 46.710
CA 44.659 26.901 46.003
C 45.017 27.045 44.519
O 45.047 28.161 43.976

N 45.305 26.021 43.905

EDGES
1 5 2.925073
1 6 4.386533
2 5 2.509815
2 6 3.873577
3 5 1.356282
3 6 2.467127
3 7 3.477958
3 8 3.700328
3 9 4.534376
4 5 2.266272
4 6 2.798348
4 7 3.660132
4 8 4.023168
4 9 4.482645
5 9 3.643039
6 9 2.324992
6 10 3.752185
7 9 1.338194
7 10 2.510916
7 11 3.414608
7 12 4.123583
7 13 4.024953
8 9 2.321062
8 10 3.016678
8 11 3.525447
8 12 4.338156
8 13 3.759164
9 13 3.560249
10 13 2.400749
10 14 3.748187
10 15 4.513004
10 17 4.254128
11 13 1.323669
11 14 2.384504
11 15 3.252274
11 16 4.360914
11 17 3.318525
11 18 4.638795
11 20 4.572006
12 13 2.242018
12 14 2.699875
12 15 3.420060
12 16 4.325332
12 17 3.625747
12 20 4.124537
13 17 2.705744
13 18 4.143624
13 20 4.696507
14 17 2.466339
14 18 3.801456
14 19 4.345628
14 20 4.383116
15 17 1.334794
15 18 2.407709
15 19 3.010510
15 20 3.346993
15 21 3.863116
15 230 4.454086
16 17 2.225156
16 18 2.687197
16 19 2.992344
16 20 3.539877
16 21 3.433079
16 22 4.389785
16 228 4.664823
16 229 4.572407
16 230 3.687297
16 231 4.651639
17 21 3.498042
17 230 4.666368
18 21 2.390046
18 22 3.777485
18 23 4.426348
18 25 4.333747
18 227 3.941941
18 228 3.553721
18 229 4.166748
18 230 4.151445
19 21 1.325913
19 22 2.444535
19 23 3.028266
19 24 3.850890
19 25 3.210986
19 26 4.394149
19 27 4.555570
19 29 3.734639
19 30 4.595974
19 33 4.618442
19 227 4.567236
19 228 3.783445
20 21 2.240798
20 22 2.794757
20 23 2.985332
20 24 3.443233
20 25 3.347209
20 26 4.296104
20 27 4.064223
20 29 3.046096
20 30 3.646532
20 31 3.917298
20 33 3.502714
20 34 4.535411
21 25 2.720108
21 26 4.121443
21 27 4.672191
21 29 4.192827
21 227 4.027472
21 228 3.006866
21 229 4.610438
21 230 4.411765
22 25 2.393697
22 26 3.765308
22 27 4.367591
22 29 4.149869
22 33 4.581569
22 228 3.939251
23 25 1.327570
23 26 2.424864
23 27 2.985921
23 28 3.934174
23 29 3.050090
23 30 4.266216
23 31 4.530505
23 33 3.820263
24 25 2.260421
24 26 2.786888
24 27 2.895352
24 28 3.538708
24 29 3.040366
24 30 3.989528
24 31 3.905627
24 33 3.034844
24 34 3.874891
24 35 4.608112
24 36 4.351208
25 29 2.730739
25 30 4.142139
25 33 4.466666
25 228 4.501187
26 29 2.443049
26 30 3.776498
26 31 4.636573
26 33 4.560856
27 29 1.327865
27 30 2.386170
27 31 3.296879
27 32 4.325646
27 33 3.516276
28 29 2.215863
28 30 2.665665
28 31 3.353473
28 32 4.126594
28 33 3.737715
28 36 4.327829
29 33 2.855942
29 34 4.306691
30 33 2.498735
30 34 3.842360
30 35 4.426681
30 36 4.439904
31 33 1.343744
31 34 2.420999
31 35 2.993566
31 36 3.256860
31 37 3.795038
32 33 2.241764
32 34 2.694227
32 35 2.840029
32 36 3.243131
32 37 3.229042
32 38 4.209521
33 37 3.506836
34 37 2.395333
34 38 3.772608
34 39 4.447833
34 40 4.423656
35 37 1.331605
35 38 2.430820
35 39 3.155041
35 40 3.442974
35 41 4.058294
36 37 2.248693
36 38 2.778062
36 39 3.357003
36 40 3.905499
36 41 3.877113
37 41 3.579833
38 41 2.475036
38 42 3.835895
38 44 4.631100
39 41 1.334332
39 42 2.437473
39 43 3.517141
39 44 3.725821
39 45 4.664672
40 41 2.237265
40 42 2.748210
40 43 3.902805
40 44 4.355172
41 45 3.715891
42 45 2.445600
42 46 3.840159
42 47 4.501665
43 45 1.345466
43 46 2.480725
43 47 3.091550
43 48 3.673002
43 49 3.614754
44 45 2.266713
44 46 2.844431
44 47 3.067486
44 48 3.808761
44 49 3.126802
44 50 4.135049
45 49 3.330127
45 50 4.670019
46 49 2.318077
46 50 3.724051
46 51 4.327142
46 52 4.378152
47 49 1.332260
47 50 2.466994
47 51 3.038053
47 52 3.377459
47 53 3.771426
47 57 4.276352
48 49 2.297298
48 50 2.923731
48 51 3.167334
48 52 3.663285
48 53 3.474550
48 54 4.452291
48 55 4.409707
48 57 3.565681
48 58 4.205204
48 165 4.234537
48 166 4.243545
49 53 3.413997
50 53 2.359070
50 54 3.781470
50 55 4.445588
50 57 4.473822
51 53 1.331638
51 54 2.495863
51 55 3.044102
51 56 3.864202
51 57 3.316562
51 58 4.491895
52 53 2.272690
52 54 2.918711
52 55 2.957595
52 56 3.452060
52 57 3.297790
52 58 4.195162
53 57 2.908625
53 58 4.311383
54 57 2.444173
54 58 3.829637
54 59 4.448297
54 60 4.599559
55 57 1.348015
55 58 2.466201
55 59 3.016675
55 60 3.392191
55 61 3.781994
56 57 2.266381
56 58 2.809671
56 59 2.888268
56 60 3.382639
56 61 3.242639
56 62 4.122729
57 61 3.517891
58 61 2.440677
58 62 3.819656
58 63 4.525855
59 61 1.344292
59 62 2.465766
59 63 3.257891
59 64 3.936555
59 65 3.805214
60 61 2.259591
60 62 2.832433
60 63 3.537125
60 64 4.470770
60 65 3.665686
60 164 4.665326
61 65 3.302619
61 66 4.544164
62 65 2.437240
62 66 3.815432
62 67 4.552708
62 69 4.488701
62 73 4.676455
63 65 1.336890
63 66 2.443114
63 67 3.126361
63 68 3.988530
63 69 3.317176
63 70 4.451508
63 71 4.561812
63 73 3.860786
63 77 4.597183
64 65 2.257061
64 66 2.775551
64 67 3.040033
64 68 3.555681
64 69 3.417750
64 70 4.325269
64 71 4.079398
64 73 3.262203
64 74 3.962751
64 75 4.158655
64 77 3.459997
64 78 4.285173
65 69 2.811140
65 70 4.179688
65 73 4.382034
66 69 2.363396
66 70 3.744535
66 71 4.436106
66 73 4.436840
67 69 1.322660
67 70 2.424185
67 71 3.117569
67 72 3.977317
67 73 3.436583
67 77 4.045107
67 81 4.633213
68 69 2.261495
68 70 2.795366
68 71 3.148262
68 72 3.666120
68 73 3.619405
68 74 4.661950
68 75 4.546941
68 77 3.519259
68 78 3.944607
68 79 3.969051
68 81 3.571205
68 82 4.376118
69 73 2.934539
69 74 4.359226
69 77 4.405801
70 73 2.528856
70 74 3.859183
70 75 4.581520
70 77 4.297501
70 81 4.605077
71 73 1.339060
71 74 2.415549
71 75 3.152503
71 76 4.200308
71 77 3.149779
71 78 4.389002
71 79 4.602910
71 81 3.794449
71 82 4.664451
72 73 2.206730
72 74 2.662830
72 75 3.073039
72 76 3.862097
72 77 3.239979
72 78 4.295196
72 79 4.186857
72 81 3.171019
72 82 3.832901
73 77 2.654656
73 78 4.079328
73 81 4.254103
74 77 2.385487
74 78 3.779204
74 79 4.552762
74 81 4.257361
75 77 1.334404
75 78 2.455929
75 79 3.301935
75 80 4.442220
75 81 3.320456
75 82 4.645736
76 77 2.276749
76 78 2.843321
76 79 3.530222
76 80 4.485604
76 81 3.688849
76 84 4.380580
76 202 4.233012
76 203 4.466449
76 204 3.948911
77 81 2.716458
77 82 4.171805
78 81 2.471033
78 82 3.856268
78 83 4.515342
78 84 4.463460
79 81 1.343382
79 82 2.463737
79 83 3.104735
79 84 3.308722
80 81 2.256226
80 82 2.786227
80 83 3.080030
80 84 3.433075
85 89 3.749010
86 89 2.525012
86 90 3.878081
86 91 4.491013
86 92 4.100164
87 89 1.335355
87 90 2.450248
87 91 3.136691
87 92 3.005417
87 93 4.436971
88 89 2.200008
88 90 2.707162
88 91 3.213183
88 92 3.146415
88 93 4.396295
89 93 3.601904
90 93 2.435444
90 94 3.797821
90 95 4.398495
90 96 4.262177
91 93 1.336061
91 94 2.429440
91 95 3.107297
91 96 3.291351
91 97 4.092523
91 100 4.540082
92 93 2.250356
92 94 2.754483
92 95 3.214517
92 96 3.610933
92 97 3.842570
92 100 3.887738
93 97 3.532492
94 97 2.420025
94 98 3.782751
94 99 4.506569
94 100 4.392853
95 97 1.323319
95 98 2.419119
95 99 3.144629
95 100 3.275956
95 101 4.229360
96 97 2.229145
96 98 2.738629
96 99 3.119171
96 100 3.297067
96 101 3.966386
96 104 4.630234
97 101 3.625476
98 101 2.332239
98 102 3.743377
98 103 4.540148
99 101 1.335458
99 102 2.469716
99 103 3.157987
99 104 3.584112
99 105 3.958456
100 101 2.301974
100 102 2.903755
100 103 3.146516
100 104 3.664789
100 105 3.568822
100 106 4.495107
101 105 3.577801
102 105 2.449202
102 106 3.820324
102 108 4.643607
103 105 1.338181
103 106 2.436191
103 107 3.609295
103 108 3.818423
104 105 2.244057
104 106 2.749537
104 107 4.108084
104 108 4.593978
105 109 3.634402
106 109 2.451985
106 110 3.847603
106 111 4.441482
106 112 4.470259
107 109 1.341288
107 110 2.485130
107 111 3.104157
107 112 3.421330
107 113 3.920814
108 109 2.246797
108 110 2.832716
108 111 3.221518
108 112 3.768615
108 113 3.628446
108 114 4.664103
109 113 3.486135
110 113 2.403499
110 114 3.790864
110 115 4.620008
111 113 1.319076
111 114 2.443327
111 115 3.270842
111 116 3.946595
112 113 2.238898
112 114 2.796291
112 115 3.353310
112 116 3.638729
117 121 3.761794
117 133 4.455869
117 135 4.064871
117 136 2.915788
118 121 2.489642
118 122 3.863800
118 123 4.610668
118 125 4.506713
118 136 4.097283
119 121 1.344406
119 122 2.454524
119 123 3.155967
119 124 4.124328
119 125 3.299318
119 126 4.538487
119 129 4.057287
120 121 2.240159
120 122 2.740398
120 123 3.019156
120 124 3.699046
120 125 3.280790
120 126 4.285400
120 127 4.216297
120 129 3.270338
120 130 4.023280
120 131 4.612422
120 133 4.447542
121 125 2.883922
121 126 4.314612
121 129 4.556998
122 125 2.466091
122 126 3.839872
122 127 4.668463
122 129 4.433563
123 125 1.345905
123 126 2.447795
123 127 3.332058
123 128 4.482291
123 129 3.356678
124 125 2.267963
124 126 2.777788
124 127 3.466232
124 128 4.473283
124 129 3.542947
125 129 2.833681
125 130 4.288760
126 129 2.471072
126 130 3.834672
126 131 4.627866
126 133 4.433398
127 129 1.330472
127 130 2.435657
127 131 3.270959
127 132 4.347581
127 133 3.358608
128 129 2.223685
128 130 2.724709
128 131 3.360326
128 132 4.217804
128 133 3.596966
129 133 2.761437
129 134 4.210505
130 133 2.463426
130 134 3.839871
130 135 4.509367
131 133 1.336943
131 134 2.464326
131 135 3.197642
131 136 3.723247
132 133 2.221217
132 134 2.770734
132 135 3.308419
132 136 4.080600
137 141 2.898223
137 142 4.285523
137 145 4.224494
138 141 2.376683
138 142 3.782866
138 143 4.481139
138 145 4.024199
139 141 1.335150
139 142 2.473129
139 143 3.139546
139 144 4.246907
139 145 2.959275
139 146 4.134790
140 141 2.278697
140 142 2.875248
140 143 3.179449
140 144 4.069221
140 145 3.083801
140 146 4.083978
141 145 2.650869
141 146 4.041187
142 145 2.377731
142 146 3.810906
142 147 4.558640
143 145 1.339530
143 146 2.540974
143 147 3.311450
143 148 4.185591
144 145 2.293471
144 146 3.019688
144 147 3.583168
144 148 4.133435
149 153 3.600324
149 160 4.288863
150 153 2.434377
150 154 3.792437
150 155 4.453192
150 157 4.107278
150 160 4.401116
151 153 1.328088
151 154 2.411471
151 155 3.108668
151 156 4.254092
151 157 3.059852
151 158 4.312164
151 159 4.308963
151 160 3.917867
152 153 2.240863
152 154 2.718918
152 155 3.156829
152 156 4.121043
152 157 3.212658
152 158 4.251582
152 159 3.934198
152 160 3.643485
152 161 4.600115
153 157 2.686757
153 158 4.115492
153 159 4.565472
153 160 4.439097
154 157 2.456113
154 158 3.806716
154 159 4.452443
155 157 1.329182
155 158 2.424444
155 159 3.267056
155 160 3.818914
155 161 4.027404
156 157 2.218293
156 158 2.734100
156 159 3.663267
156 160 4.506427
156 161 4.103463
157 161 3.410087
157 162 4.619891
158 161 2.500838
158 162 3.858196
158 163 4.571549
158 165 4.508565
159 161 1.348213
159 162 2.452844
159 163 3.155622
159 164 4.084922
159 165 3.345986
159 166 4.573799
160 161 2.252343
160 162 2.758009
160 163 3.050661
160 164 3.697018
160 165 3.322534
160 166 4.306920
160 167 4.225850
161 165 2.960457
161 166 4.373007
162 165 2.490135
162 166 3.829843
162 167 4.661878
163 165 1.323922
163 166 2.410896
163 167 3.326903
163 168 4.420016
164 165 2.209739
164 166 2.700339
164 167 3.449997
164 168 4.353464
169 173 2.688958
169 174 4.059184
169 175 4.413077
169 176 4.024786
170 173 2.455494
170 174 3.826834
170 175 4.419297
170 176 4.386220
171 173 1.347194
171 174 2.458839
171 175 3.187713
171 176 3.505597
171 177 4.073342
172 173 2.268104
172 174 2.819469
172 175 3.432532
172 176 3.978831
172 177 3.946295
173 177 3.481102
174 177 2.354307
174 178 3.760686
174 179 4.513276
174 181 4.447684
175 177 1.311043
175 178 2.448368
175 179 3.126217
175 180 4.001052
175 181 3.328608
175 182 4.511902
175 185 3.936301
176 177 2.223881
176 178 2.788660
176 179 3.075108
176 180 3.610665
176 181 3.468577
176 182 4.435938
176 183 4.303299
176 185 3.286365
176 186 3.970106
176 187 4.470879
176 188 4.113720
177 181 2.832560
177 182 4.230276
177 185 4.373000
178 181 2.409304
178 182 3.800751
178 183 4.527856
178 185 4.286344
179 181 1.346306
179 182 2.461763
179 183 3.159038
179 184 4.231013
179 185 3.187394
179 186 4.495282
179 188 4.199332
180 181 2.288313
180 182 2.846849
180 183 3.176096
180 184 4.023250
180 185 3.256083
180 186 4.363582
180 187 4.258532
180 188 3.486005
181 185 2.830689
181 186 4.264050
181 188 4.650287
182 185 2.486876
182 186 3.819630
182 187 4.494741
182 188 4.489335
183 185 1.355552
183 186 2.420237
183 187 3.121449
183 188 3.389883
183 189 4.029255
184 185 2.277504
184 186 2.755081
184 187 3.222499
184 188 3.689465
184 189 3.751495
185 189 3.493304
186 189 2.347383
186 190 3.730154
186 191 4.467743
186 192 4.620271
187 189 1.331759
187 190 2.440566
187 191 3.069240
187 192 3.424958
187 193 3.859860
188 189 2.273351
188 190 2.836167
188 191 3.037873
188 192 3.506817
188 193 3.442226
188 194 4.469424
189 193 3.508703
190 193 2.394512
190 194 3.798710
190 195 4.556060
190 196 4.564357
191 193 1.341324
191 194 2.479646
191 195 3.420746
191 196 3.784894
192 193 2.292878
192 194 2.899975
192 195 3.884871
192 196 4.519123
197 201 2.592799
197 202 4.017420
198 201 2.438625
198 202 3.846828
198 203 4.591667
198 205 4.367114
199 201 1.351999
199 202 2.513733
199 203 3.211643
199 204 4.395418
199 205 3.061948
199 206 4.396406
199 209 4.676120
200 201 2.277597
200 202 2.908521
200 203 3.235500
200 204 4.443612
200 205 2.744154
200 206 3.905039
200 209 4.620237
201 205 2.914194
201 206 4.355054
202 205 2.470144
202 206 3.849500
203 205 1.339616
203 206 2.478391
203 207 3.506183
203 208 4.542130
203 209 3.747909
204 205 2.232813
204 206 2.813689
204 207 3.744880
204 208 4.566987
204 209 4.153608
205 209 2.866242
205 210 4.305262
206 209 2.481434
206 210 3.792018
207 209 1.334729
207 210 2.380340
207 211 3.524436
207 212 4.326121
208 209 2.235610
208 210 2.662362
208 211 3.892845
208 212 4.426311
213 217 3.580550
213 231 3.906981
213 232 2.797168
214 217 2.400565
214 218 3.792931
214 219 4.510458
214 221 4.255245
214 231 4.693285
214 232 3.717448
215 217 1.352005
215 218 2.459526
215 219 3.135593
215 220 4.118157
215 221 3.165819
215 222 4.351660
215 223 4.574775
215 225 3.771612
215 226 4.677478
215 232 4.195209
216 217 2.313095
216 218 2.850800
216 219 3.153509
216 220 3.832854
216 221 3.320035
216 222 4.255034
216 223 4.107488
216 225 3.060725
216 226 3.722183
216 227 4.238899
216 229 4.341564
216 232 3.844207
217 221 2.727245
217 222 4.144787
217 225 4.302746
218 221 2.440550
218 222 3.830659
218 223 4.601916
218 225 4.282230
219 221 1.362420
219 222 2.475579
219 223 3.306000
219 224 4.435161
219 225 3.285256
219 226 4.577147
220 221 2.315416
220 222 2.861765
220 223 3.447206
220 224 4.397327
220 225 3.506144
220 226 4.603958
221 225 2.781946
221 226 4.218609
222 225 2.438802
222 226 3.785329
222 227 4.683038
222 229 4.425089
223 225 1.331971
223 226 2.400689
223 227 3.341976
223 228 4.485231
223 229 3.319775
223 230 4.690052
224 225 2.237630
224 226 2.702524
224 227 3.486754
224 228 4.500873
224 229 3.528771
225 229 2.712434
225 230 4.132032
225 231 4.698430
225 232 4.255033
226 229 2.417336
226 230 3.791720
226 231 4.400081
226 232 4.066200
227 229 1.340406
227 230 2.452073
227 231 3.127395
227 232 3.081709
228 229 2.285798
228 230 2.852763
228 231 3.327281
228 232 3.382645
233 237 3.551284
234 237 2.512056
234 238 3.874959
234 239 4.481811
234 241 4.206006
234 248 4.617318
235 237 1.357714
235 238 2.479145
235 239 3.078120
235 240 4.085986
235 241 3.086612
235 242 4.332746
235 243 4.664717
235 245 3.932195
235 248 4.600813
236 237 2.254239
236 238 2.804188
236 239 3.013085
236 240 3.747679
236 241 3.115329
236 242 4.142180
236 243 4.128175
236 245 3.154556
236 246 3.911075
236 247 4.278940
236 248 3.932741
237 241 2.767476
237 242 4.194507
237 245 4.493447
238 241 2.440421
238 242 3.804787
238 243 4.668281
238 245 4.411934
239 241 1.329500
239 242 2.438257
239 243 3.337943
239 244 4.469568
239 245 3.342192
239 246 4.639336
240 241 2.232964
240 242 2.773390
240 243 3.462821
240 244 4.429920
240 245 3.553997
240 246 4.676807
241 245 2.744164
241 246 4.172511
242 245 2.426764
242 246 3.767801
243 245 1.339407
243 246 2.404842
243 247 3.439050
243 248 3.767167
243 249 4.432423
244 245 2.266019
244 246 2.746387
244 247 3.685624
244 248 4.203138
244 249 4.388242
245 249 3.608405
246 249 2.332368
246 250 3.738345
246 251 4.595800
246 252 4.671936
247 249 1.326606
247 250 2.456767
247 251 3.398740
247 252 3.786637
247 253 4.306540
248 249 2.267387
248 250 2.857949
248 251 3.715313
248 252 4.331420
248 253 4.274666
249 253 3.573467
250 253 2.404640
250 254 3.798375
250 255 4.342690
250 256 4.072079
251 253 1.346510
251 254 2.476191
251 255 3.039991
251 256 3.075865
252 253 2.280673
252 254 2.857589
252 255 3.139602
252 256 3.328748
257 261 2.679855
257 262 4.126327
257 265 4.530741
258 261 2.431257
258 262 3.830343
258 263 4.444177
258 265 4.179242
259 261 1.329886
259 262 2.473609
259 263 3.074189
259 264 4.050317
259 265 3.121158
259 266 4.306421
260 261 2.251057
260 262 2.832875
260 263 3.070043
260 264 3.742554
260 265 3.296578
260 266 4.261715
261 265 2.731130
261 266 4.144742
262 265 2.405285
262 266 3.806226
262 269 4.496939
263 265 1.345750
263 266 2.475413
263 267 3.543824
263 268 4.680528
263 269 3.617089
264 265 2.288137
264 266 2.871149
264 267 3.970616
264 269 4.198198
265 269 2.691879
265 270 4.136456
266 269 2.441627
266 270 3.789784
266 271 4.353498
266 272 4.346000
267 269 1.343518
267 270 2.411061
267 271 2.992766
267 272 3.275976
267 273 3.808886
267 277 4.087199
267 278 4.682612
268 269 2.255396
268 270 2.720013
268 271 2.957383
268 272 3.415460
268 273 3.357616
268 274 4.343155
268 275 4.129858
268 277 3.104638
268 278 3.675491
268 279 4.236302
268 281 4.465892
269 273 3.482931
269 277 4.622902
270 273 2.357560
270 274 3.786677
270 275 4.504486
270 277 4.240561
271 273 1.345100
271 274 2.515879
271 275 3.223520
271 276 4.299166
271 277 3.259491
271 278 4.508967
272 273 2.313793
272 274 2.985160
272 275 3.392138
272 276 4.245943
272 277 3.508954
272 278 4.531619
273 277 2.726154
273 278 4.154092
274 277 2.460586
274 278 3.815362
274 281 4.574951
275 277 1.351795
275 278 2.439279
275 279 3.538945
275 280 4.696754
275 281 3.543610
276 277 2.269223
276 278 2.771412
276 279 3.832758
276 281 3.950531
277 281 2.688138
277 282 4.114344
278 281 2.363273
278 282 3.728032
278 283 4.569031
278 284 4.650258
279 281 1.320008
279 282 2.396109
279 283 3.394864
279 284 3.808598
279 285 4.261013
280 281 2.254486
280 282 2.745953
280 283 3.762265
280 284 4.442261
280 285 4.276537
281 285 3.525170
282 285 2.348311
282 286 3.744389
282 287 4.548457
282 288 4.580493
283 285 1.327270
283 286 2.445851
283 287 3.461046
283 288 3.851740
283 289 4.411277
284 285 2.280941
284 286 2.855205
284 287 3.962137
284 288 4.626679
284 289 4.618169
285 289 3.574289
286 289 2.457897
286 290 3.834612
286 291 4.496211
286 292 4.344113
287 289 1.328382
287 290 2.452296
287 291 3.121226
287 292 3.249492
287 293 4.182942
288 289 2.218440
288 290 2.763523
288 291 3.108087
288 292 3.406678
288 293 3.834006
289 293 3.697699
290 293 2.511155
290 294 3.881867
291 293 1.360287
291 294 2.479868
291 295 3.426169
291 296 3.959170
291 297 4.208217
292 293 2.258990
292 294 2.796247
292 295 3.682448
292 296 4.487151
292 297 4.091136
293 297 3.539574
294 297 2.443326
294 298 3.801856
294 299 4.471055
294 300 4.573971
295 297 1.334504
295 298 2.422572
295 299 3.153909
295 300 3.548974
295 301 3.942862
296 297 2.242248
296 298 2.738260
296 299 3.267328
296 300 3.891115
296 301 3.646620
297 301 3.460190
298 301 2.318478
298 302 3.688695
298 303 4.444925
299 301 1.327344
299 302 2.405769
299 303 3.418744
299 304 4.170091
299 305 3.921759
300 301 2.290687
300 302 2.825676
300 303 3.979318
300 305 4.234213
301 305 3.179914
301 306 4.496416
302 305 2.411555
302 306 3.809927
302 309 4.669177
303 305 1.342831
303 306 2.467074
303 307 3.634288
303 309 3.747964
304 305 2.270844
304 306 2.823669
304 307 4.064545
304 309 4.289874
305 309 2.878192
305 310 4.277908
305 313 4.637676
306 309 2.455776
306 310 3.840783
306 311 4.502608
306 313 4.381737
307 309 1.328323
307 310 2.458415
307 311 3.072733
307 312 4.053632
307 313 3.217417
307 314 4.457496
308 309 2.218687
308 310 2.775412
308 311 2.954073
308 312 3.675213
308 313 3.148562
308 314 4.124969
309 313 2.908424
309 314 4.344073
310 313 2.510923
310 314 3.873087
310 315 4.489936
310 317 4.388221
310 320 4.322727
311 313 1.348197
311 314 2.461801
311 315 3.055666
311 316 3.947489
311 317 3.220083
311 318 4.399620
311 319 4.503314
311 320 3.754359
312 313 2.255859
312 314 2.782159
312 315 2.975753
312 316 3.527497
312 317 3.345198
312 318 4.301519
312 319 4.194425
312 320 3.438879
313 317 2.727086
313 318 4.127161
313 319 4.680211
313 320 4.237385
314 317 2.380513
314 318 3.757725
314 319 4.626621
314 320 4.523273
315 317 1.338855
315 318 2.430811
315 319 3.381095
315 320 3.568967
315 321 4.396362
316 317 2.305761
316 318 2.844261
316 319 3.690755
316 320 4.054922
316 321 4.461219
317 321 3.595980
318 321 2.365020
319 321 1.228217
320 321 2.156665

RESIDUES
GLU 1
 0.0 4.000000
 0.1 4.000000
 0.2 4.000000
 0.3 4.000000
 0.4 4.000000
 0.5 4.000000
 0.6 4.000000
 0.7 4.000000
 0.8 4.000000
 0.9 4.000000
 1.0 4.000000
 1.1 3.957346
 1.2 3.935484
 1.3 3.935484
 1.4 3.935484
 1.5 3.933775
 1.6 3.888889
 1.7 3.888889
 1.8 3.888889
 1.9 3.500000
 2.0 3.423664
 2.1 3.264901
 2.2 3.125906
 2.3 3.004141
 2.4 2.966644
 2.5 2.724335
 2.6 2.400256
 2.7 2.018819
 2.8 1.590684
 2.9 1.434469
 3.0 1.256082
 3.1 1.077497
 3.2 0.999682
 3.3 0.915421
 3.4 0.806481
 3.5 0.545509
 3.6 0.156284
 3.7 -0.170657
 3.8 -0.470449
 3.9 -0.823754
 4.0 -1.065050
 4.1 -1.317662
 4.2 -1.543756
 4.3 -1.518597
 4.4 -1.315384
 4.5 -1.203871
 4.6 -1.123886

ARG 2
 0.0 4.000000
 0.1 4.000000
 0.2 4.000000
 0.3 4.000000
 0.4 4.000000
 0.5 4.000000
 0.6 4.000000
 0.7 4.000000
 0.8 4.000000
 0.9 4.000000
 1.0 4.000000
 1.1 3.755924
 1.2 3.693548
 1.3 3.693548
 1.4 3.693548
 1.5 3.685430
 1.6 3.560606
 1.7 3.560606
 1.8 3.560606
 1.9 3.000000
 2.0 2.923664
 2.1 2.642384
 2.2 2.110507
 2.3 1.853002
 2.4 1.783189
 2.5 1.298479
 2.6 0.667199
 2.7 0.147970
 2.8 -0.463726
 2.9 -0.728702
 3.0 -0.999040
 3.1 -1.289883
 3.2 -1.500955
 3.3 -1.768679
 3.4 -2.088889
 3.5 -2.651597
 3.6 -3.402256
 3.7 -3.945492
 3.8 -4.363852
 3.9 -4.712300
 4.0 -4.892316
 4.1 -5.066195
 4.2 -5.259736
 4.3 -5.142418
 4.4 -4.810164
 4.5 -4.615088
 4.6 -4.459489

ASP 3
 0.0 4.000000
 0.1 4.000000
 0.2 4.000000
 0.3 4.000000
 0.4 4.000000
 0.5 4.000000
 0.6 4.000000
 0.7 4.000000
 0.8 4.000000
 0.9 4.000000
 1.0 4.000000
 1.1 3.402844
 1.2 3.338710
 1.3 3.338710
 1.4 3.338710
 1.5 3.321192
 1.6 3.202020
 1.7 3.202020
 1.8 3.202020
 1.9 3.000000
 2.0 2.782443
 2.1 2.519040
 2.2 1.700181
 2.3 1.394065
 2.4 1.339560
 2.5 0.828580
 2.6 0.166240
 2.7 -0.171587
 2.8 -0.496290
 2.9 -0.634338
 3.0 -0.772087
 3.1 -0.944553
 3.2 -1.115213
 3.3 -1.404961
 3.4 -1.774074
 3.5 -2.170926
 3.6 -2.580582
 3.7 -2.844085
 3.8 -2.933773
 3.9 -2.794970
 4.0 -2.652181
 4.1 -2.434369
 4.2 -2.224048
 4.3 -1.955127
 4.4 -1.578278
 4.5 -1.254764
 4.6 -1.007335

CYS 4
 0.0 4.000000
 0.1 4.000000
 0.2 4.000000
 0.3 4.000000
 0.4 4.000000
 0.5 4.000000
 0.6 4.000000
 0.7 4.000000
 0.8 4.000000
 0.9 4.000000
 1.0 4.000000
 1.1 3.353081
 1.2 3.290323
 1.3 3.290323
 1.4 3.290323
 1.5 3.271523
 1.6 3.156566
 1.7 3.156566
 1.8 3.156566
 1.9 3.000000
 2.0 2.442748
 2.1 2.216060
 2.2 1.584239
 2.3 1.256039
 2.4 1.203469
 2.5 0.601394
 2.6 -0.209399
 2.7 -0.843173
 2.8 -1.483924
 2.9 -1.778178
 3.0 -2.055698
 3.1 -2.314608
 3.2 -2.506718
 3.3 -2.608819
 3.4 -2.676526
 3.5 -2.685706
 3.6 -2.749984
 3.7 -2.733679
 3.8 -2.652315
 3.9 -2.420708
 4.0 -2.142689
 4.1 -1.612042
 4.2 -1.157132
 4.3 -0.893810
 4.4 -0.571659
 4.5 -0.289496
 4.6 -0.166699

ARG 5
 0.0 4.000000
 0.1 4.000000
 0.2 4.000000
 0.3 4.000000
 0.4 4.000000
 0.5 4.000000
 0.6 4.000000
 0.7 4.000000
 0.8 4.000000
 0.9 4.000000
 1.0 4.000000
 1.1 3.372038
 1.2 3.306452
 1.3 3.306452
 1.4 3.306452
 1.5 3.288079
 1.6 3.166667
 1.7 3.166667
 1.8 3.166667
 1.9 3.000000
 2.0 2.431298
 2.1 2.211093
 2.2 1.698370
 2.3 1.363009
 2.4 1.306871
 2.5 0.767744
 2.6 0.004156
 2.7 -0.684133
 2.8 -1.486828
 2.9 -2.057429
 3.0 -2.540697
 3.1 -2.931627
 3.2 -3.075222
 3.3 -2.957001
 3.4 -2.707451
 3.5 -2.489618
 3.6 -2.543376
 3.7 -2.539077
 3.8 -2.508851
 3.9 -2.350092
 4.0 -2.134131
 4.1 -1.652698
 4.2 -1.089998
 4.3 -0.719264
 4.4 -0.323080
 4.5 -0.023714
 4.6 0.251473

VAL 6
 0.0 4.000000
 0.1 4.000000
 0.2 4.000000
 0.3 4.000000
 0.4 4.000000
 0.5 4.000000
 0.6 4.000000
 0.7 4.000000
 0.8 4.000000
 0.9 4.000000
 1.0 4.000000
 1.1 3.284360
 1.2 3.225806
 1.3 3.225806
 1.4 3.225806
 1.5 3.205298
 1.6 3.101010
 1.7 3.101010
 1.8 3.101010
 1.9 3.000000
 2.0 2.677481
 2.1 2.382450
 2.2 1.675725
 2.3 1.300897
 2.4 1.249500
 2.5 0.772497
 2.6 0.015985
 2.7 -0.640959
 2.8 -1.409082
 2.9 -1.816043
 3.0 -2.179032
 3.1 -2.350246
 3.2 -2.224463
 3.3 -1.849057
 3.4 -1.360940
 3.5 -0.995987
 3.6 -0.826835
 3.7 -0.724088
 3.8 -0.563991
 3.9 -0.416994
 4.0 -0.217285
 4.1 0.268552
 4.2 0.931203
 4.3 1.352766
 4.4 1.657497
 4.5 1.930802
 4.6 2.173021

SER 7
 0.0 4.000000
 0.1 4.000000
 0.2 4.000000
 0.3 4.000000
 0.4 4.000000
 0.5 4.000000
 0.6 4.000000
 0.7 4.000000
 0.8 4.000000
 0.9 4.000000
 1.0 4.000000
 1.1 3.322275
 1.2 3.258065
 1.3 3.258065
 1.4 3.258065
 1.5 3.238411
 1.6 3.121212
 1.7 3.121212
 1.8 3.121212
 1.9 3.000000
 2.0 2.484733
 2.1 2.273179
 2.2 1.606884
 2.3 1.245687
 2.4 1.191127
 2.5 0.625158
 2.6 -0.272059
 2.7 -1.057196
 2.8 -1.714718
 2.9 -1.624261
 3.0 -1.588555
 3.1 -1.383540
 3.2 -1.149787
 3.3 -0.847814
 3.4 -0.692726
 3.5 -0.592054
 3.6 -0.546781
 3.7 -0.490943
 3.8 -0.425265
 3.9 -0.385725
 4.0 -0.396980
 4.1 -0.248173
 4.2 0.018436
 4.3 0.234070
 4.4 0.381436
 4.5 0.561640
 4.6 0.697485

SER 8
 0.0 4.000000
 0.1 4.000000
 0.2 4.000000
 0.3 4.000000
 0.4 4.000000
 0.5 4.000000
 0.6 4.000000
 0.7 4.000000
 0.8 4.000000
 0.9 4.000000
 1.0 4.000000
 1.1 3.535545
 1.2 3.467742
 1.3 3.467742
 1.4 3.467742
 1.5 3.453642
 1.6 3.323232
 1.7 3.323232
 1.8 3.323232
 1.9 3.000000
 2.0 2.360687
 2.1 2.176325
 2.2 1.724185
 2.3 1.421670
 2.4 1.360907
 2.5 0.781369
 2.6 -0.055627
 2.7 -0.937269
 2.8 -1.748682
 2.9 -1.840678
 3.0 -1.999211
 3.1 -2.237192
 3.2 -2.402934
 3.3 -2.399732
 3.4 -2.374115
 3.5 -2.311005
 3.6 -1.954039
 3.7 -1.629947
 3.8 -1.314089
 3.9 -1.049246
 4.0 -0.668132
 4.1 -0.225650
 4.2 0.045679
 4.3 0.014322
 4.4 0.009007
 4.5 -0.001713
 4.6 -0.159173

PHE 9
 0.0 4.000000
 0.1 4.000000
 0.2 4.000000
 0.3 4.000000
 0.4 4.000000
 0.5 4.000000
 0.6 4.000000
 0.7 4.000000
 0.8 4.000000
 0.9 4.000000
 1.0 4.000000
 1.1 3.590047
 1.2 3.516129
 1.3 3.516129
 1.4 3.516129
 1.5 3.503311
 1.6 3.358586
 1.7 3.358586
 1.8 3.358586
 1.9 3.000000
 2.0 2.599237
 2.1 2.321192
 2.2 1.783967
 2.3 1.456177
 2.4 1.399266
 2.5 0.899873
 2.6 0.184143
 2.7 -0.556089
 2.8 -1.291175
 2.9 -1.682927
 3.0 -2.156205
 3.1 -2.662188
 3.2 -3.001157
 3.3 -3.297353
 3.4 -3.520933
 3.5 -3.584712
 3.6 -3.396032
 3.7 -3.179530
 3.8 -2.910633
 3.9 -2.535984
 4.0 -2.069133
 4.1 -1.542688
 4.2 -1.202947
 4.3 -1.246270
 4.4 -1.305852
 4.5 -1.395968
 4.6 -1.617560

ARG 10
 0.0 4.000000
 0.1 4.000000
 0.2 4.000000
 0.3 4.000000
 0.4 4.000000
 0.5 4.000000
 0.6 4.000000
 0.7 4.000000
 0.8 4.000000
 0.9 4.000000
 1.0 4.000000
 1.1 3.447867
 1.2 3.370968
 1.3 3.370968
 1.4 3.370968
 1.5 3.354305
 1.6 3.207071
 1.7 3.207071
 1.8 3.207071
 1.9 3.000000
 2.0 2.534351
 2.1 2.279801
 2.2 1.784873
 2.3 1.438923
 2.4 1.382922
 2.5 0.943283
 2.6 0.279412
 2.7 -0.305535
 2.8 -0.685903
 2.9 -0.801442
 3.0 -1.013973
 3.1 -1.088191
 3.2 -1.186499
 3.3 -1.446934
 3.4 -1.833225
 3.5 -2.263377
 3.6 -2.881990
 3.7 -3.213346
 3.8 -3.398999
 3.9 -3.252952
 4.0 -2.951464
 4.1 -2.472843
 4.2 -2.260365
 4.3 -2.326318
 4.4 -2.481745
 4.5 -2.630141
 4.6 -2.877345

VAL 11
 0.0 4.000000
 0.1 4.000000
 0.2 4.000000
 0.3 4.000000
 0.4 4.000000
 0.5 4.000000
 0.6 4.000000
 0.7 4.000000
 0.8 4.000000
 0.9 4.000000
 1.0 4.000000
 1.1 3.620853
 1.2 3.548387
 1.3 3.548387
 1.4 3.548387
 1.5 3.536424
 1.6 3.393939
 1.7 3.393939
 1.8 3.393939
 1.9 3.000000
 2.0 2.648855
 2.1 2.380795
 2.2 2.052083
 2.3 1.732229
 2.4 1.666444
 2.5 1.202155
 2.6 0.577046
 2.7 -0.098524
 2.8 -0.606760
 2.9 -0.884748
 3.0 -1.201576
 3.1 -1.485156
 3.2 -1.585258
 3.3 -1.698410
 3.4 -1.806160
 3.5 -1.975190
 3.6 -2.436908
 3.7 -2.894477
 3.8 -3.248161
 3.9 -3.402552
 4.0 -3.385891
 4.1 -3.236098
 4.2 -3.055331
 4.3 -3.037331
 4.4 -3.121790
 4.5 -3.198681
 4.6 -3.331706

LYS 12
 0.0 4.000000
 0.1 4.000000
 0.2 4.000000
 0.3 4.000000
 0.4 4.000000
 0.5 4.000000
 0.6 4.000000
 0.7 4.000000
 0.8 4.000000
 0.9 4.000000
 1.0 4.000000
 1.1 3.604265
 1.2 3.532258
 1.3 3.532258
 1.4 3.532258
 1.5 3.519868
 1.6 3.378788
 1.7 3.378788
 1.8 3.378788
 1.9 3.000000
 2.0 2.929389
 2.1 2.581954
 2.2 2.012681
 2.3 1.680469
 2.4 1.616411
 2.5 1.139417
 2.6 0.566816
 2.7 0.081181
 2.8 -0.405606
 2.9 -0.807503
 3.0 -1.212086
 3.1 -1.734995
 3.2 -2.153397
 3.3 -2.391755
 3.4 -2.453251
 3.5 -2.456283
 3.6 -2.435321
 3.7 -2.416125
 3.8 -2.411566
 3.9 -2.438162
 4.0 -2.397881
 4.1 -2.537544
 4.2 -2.762613
 4.3 -2.991037
 4.4 -3.264403
 4.5 -3.544475
 4.6 -3.735651

GLU 13
 0.0 4.000000
 0.1 4.000000
 0.2 4.000000
 0.3 4.000000
 0.4 4.000000
 0.5 4.000000
 0.6 4.000000
 0.7 4.000000
 0.8 4.000000
 0.9 4.000000
 1.0 4.000000
 1.1 3.431280
 1.2 3.354839
 1.3 3.354839
 1.4 3.354839
 1.5 3.337748
 1.6 3.191919
 1.7 3.191919
 1.8 3.191919
 1.9 3.000000
 2.0 2.958015
 2.1 2.587748
 2.2 1.863225
 2.3 1.556246
 2.4 1.496331
 2.5 1.021863
 2.6 0.464834
 2.7 0.131365
 2.8 -0.439406
 2.9 -0.933568
 3.0 -1.427888
 3.1 -1.964728
 3.2 -2.383495
 3.3 -2.481219
 3.4 -2.387913
 3.5 -2.151770
 3.6 -1.760345
 3.7 -1.445822
 3.8 -1.184036
 3.9 -0.967871
 4.0 -0.638982
 4.1 -0.275042
 4.2 -0.150074
 4.3 -0.014535
 4.4 0.160110
 4.5 0.183696
 4.6 0.094799

ASN 14
 0.0 4.000000
 0.1 4.000000
 0.2 4.000000
 0.3 4.000000
 0.4 4.000000
 0.5 4.000000
 0.6 4.000000
 0.7 4.000000
 0.8 4.000000
 0.9 4.000000
 1.0 4.000000
 1.1 3.646919
 1.2 3.580645
 1.3 3.580645
 1.4 3.580645
 1.5 3.569536
 1.6 3.439394
 1.7 3.439394
 1.8 3.439394
 1.9 3.000000
 2.0 2.883588
 2.1 2.543874
 2.2 2.000000
 2.3 1.677019
 2.4 1.613075
 2.5 1.140684
 2.6 0.546995
 2.7 -0.064576
 2.8 -0.920033
 2.9 -1.564875
 3.0 -2.190555
 3.1 -2.682006
 3.2 -2.845969
 3.3 -2.703685
 3.4 -2.355678
 3.5 -1.986913
 3.6 -1.588389
 3.7 -1.434074
 3.8 -1.266742
 3.9 -1.124604
 4.0 -0.808238
 4.1 -0.545619
 4.2 -0.285503
 4.3 -0.057373
 4.4 0.135514
 4.5 0.171706
 4.6 0.167312

PHE 15
 0.0 4.000000
 0.1 4.000000
 0.2 4.000000
 0.3 4.000000
 0.4 4.000000
 0.5 4.000000
 0.6 4.000000
 0.7 4.000000
 0.8 4.000000
 0.9 4.000000
 1.0 4.000000
 1.1 3.805687
 1.2 3.741935
 1.3 3.741935
 1.4 3.741935
 1.5 3.735099
 1.6 3.606061
 1.7 3.606061
 1.8 3.606061
 1.9 3.000000
 2.0 2.830153
 2.1 2.513245
 2.2 2.105978
 2.3 1.735680
 2.4 1.669780
 2.5 1.201204
 2.6 0.584719
 2.7 -0.177491
 2.8 -0.895301
 2.9 -1.310616
 3.0 -1.742772
 3.1 -2.089553
 3.2 -2.149930
 3.3 -2.091846
 3.4 -2.047899
 3.5 -1.931456
 3.6 -1.651613
 3.7 -1.466091
 3.8 -1.297390
 3.9 -0.962429
 4.0 -0.524294
 4.1 -0.169225
 4.2 0.057746
 4.3 0.125409
 4.4 0.081445
 4.5 -0.067289
 4.6 -0.210982

ASP 16
 0.0 4.000000
 0.1 4.000000
 0.2 4.000000
 0.3 4.000000
 0.4 4.000000
 0.5 4.000000
 0.6 4.000000
 0.7 4.000000
 0.8 4.000000
 0.9 4.000000
 1.0 4.000000
 1.1 3.656398
 1.2 3.580645
 1.3 3.580645
 1.4 3.580645
 1.5 3.569536
 1.6 3.419192
 1.7 3.419192
 1.8 3.419192
 1.9 3.000000
 2.0 2.793893
 2.1 2.480132
 2.2 2.022645
 2.3 1.632160
 2.4 1.569713
 2.5 1.105196
 2.6 0.468031
 2.7 -0.178229
 2.8 -0.605523
 2.9 -0.880406
 3.0 -1.252974
 3.1 -1.771860
 3.2 -1.985586
 3.3 -2.098110
 3.4 -2.230721
 3.5 -2.116578
 3.6 -1.594875
 3.7 -1.308511
 3.8 -1.154329
 3.9 -0.902608
 4.0 -0.710508
 4.1 -0.494950
 4.2 -0.194420
 4.3 -0.017073
 4.4 0.002054
 4.5 0.050844
 4.6 0.050676

LYS 17
 0.0 4.000000
 0.1 4.000000
 0.2 4.000000
 0.3 4.000000
 0.4 4.000000
 0.5 4.000000
 0.6 4.000000
 0.7 4.000000
 0.8 4.000000
 0.9 4.000000
 1.0 4.000000
 1.1 3.367299
 1.2 3.306452
 1.3 3.306452
 1.4 3.306452
 1.5 3.288079
 1.6 3.176768
 1.7 3.176768
 1.8 3.176768
 1.9 3.000000
 2.0 2.803435
 2.1 2.465232
 2.2 1.784420
 2.3 1.390614
 2.4 1.336224
 2.5 0.880862
 2.6 0.162404
 2.7 -0.457934
 2.8 -0.927865
 2.9 -1.334207
 3.0 -1.959347
 3.1 -2.545807
 3.2 -2.690013
 3.3 -2.600062
 3.4 -2.422949
 3.5 -1.924825
 3.6 -1.400207
 3.7 -1.147593
 3.8 -1.066303
 3.9 -0.966567
 4.0 -1.016453
 4.1 -1.003642
 4.2 -0.807071
 4.3 -0.447454
 4.4 -0.184247
 4.5 0.054508
 4.6 0.351674

ALA 18
 0.0 4.000000
 0.1 4.000000
 0.2 4.000000
 0.3 4.000000
 0.4 4.000000
 0.5 4.000000
 0.6 4.000000
 0.7 4.000000
 0.8 4.000000
 0.9 4.000000
 1.0 4.000000
 1.1 3.400474
 1.2 3.338710
 1.3 3.338710
 1.4 3.338710
 1.5 3.321192
 1.6 3.207071
 1.7 3.207071
 1.8 3.207071
 1.9 3.000000
 2.0 2.456107
 2.1 2.250000
 2.2 1.681159
 2.3 1.398896
 2.4 1.339893
 2.5 0.852345
 2.6 0.136829
 2.7 -0.506642
 2.8 -1.170651
 2.9 -1.589448
 3.0 -2.163159
 3.1 -2.625627
 3.2 -2.687036
 3.3 -2.407701
 3.4 -1.941544
 3.5 -1.236289
 3.6 -0.694879
 3.7 -0.587125
 3.8 -0.634225
 3.9 -0.796161
 4.0 -0.957067
 4.1 -0.875356
 4.2 -0.555424
 4.3 -0.296175
 4.4 0.028721
 4.5 0.279700
 4.6 0.387804

ARG 19
 0.0 4.000000
 0.1 4.000000
 0.2 4.000000
 0.3 4.000000
 0.4 4.000000
 0.5 4.000000
 0.6 4.000000
 0.7 4.000000
 0.8 4.000000
 0.9 4.000000
 1.0 4.000000
 1.1 3.547393
 1.2 3.467742
 1.3 3.467742
 1.4 3.467742
 1.5 3.453642
 1.6 3.297980
 1.7 3.297980
 1.8 3.297980
 1.9 3.000000
 2.0 2.505725
 2.1 2.323675
 2.2 1.811141
 2.3 1.526570
 2.4 1.453969
 2.5 0.865336
 2.6 0.111893
 2.7 -0.592620
 2.8 -1.310800
 2.9 -1.590147
 3.0 -1.750649
 3.1 -1.865161
 3.2 -1.779608
 3.3 -1.457494
 3.4 -1.087664
 3.5 -0.669181
 3.6 -0.330883
 3.7 -0.278141
 3.8 -0.384654
 3.9 -0.578030
 4.0 -0.905512
 4.1 -1.135846
 4.2 -1.154641
 4.3 -1.226532
 4.4 -1.249393
 4.5 -1.178695
 4.6 -1.235852

PHE 20
 0.0 4.000000
 0.1 4.000000
 0.2 4.000000
 0.3 4.000000
 0.4 4.000000
 0.5 4.000000
 0.6 4.000000
 0.7 4.000000
 0.8 4.000000
 0.9 4.000000
 1.0 4.000000
 1.1 3.592417
 1.2 3.516129
 1.3 3.516129
 1.4 3.516129
 1.5 3.503311
 1.6 3.353535
 1.7 3.353535
 1.8 3.353535
 1.9 3.000000
 2.0 2.843511
 2.1 2.530629
 2.2 2.020380
 2.3 1.673568
 2.4 1.600400
 2.5 0.988276
 2.6 0.130435
 2.7 -0.718450
 2.8 -1.446002
 2.9 -1.755569
 3.0 -2.043440
 3.1 -2.184475
 3.2 -2.210739
 3.3 -2.343336
 3.4 -2.385109
 3.5 -2.328457
 3.6 -2.428141
 3.7 -2.587306
 3.8 -2.636397
 3.9 -2.738374
 4.0 -2.875673
 4.1 -2.772714
 4.2 -2.362811
 4.3 -2.094377
 4.4 -1.899443
 4.5 -1.662679
 4.6 -1.572982

SER 21
 0.0 4.000000
 0.1 4.000000
 0.2 4.000000
 0.3 4.000000
 0.4 4.000000
 0.5 4.000000
 0.6 4.000000
 0.7 4.000000
 0.8 4.000000
 0.9 4.000000
 1.0 4.000000
 1.1 3.860190
 1.2 3.822581
 1.3 3.822581
 1.4 3.822581
 1.5 3.817881
 1.6 3.742424
 1.7 3.742424
 1.8 3.742424
 1.9 3.500000
 2.0 3.377863
 2.1 3.223510
 2.2 3.084239
 2.3 2.928226
 2.4 2.893262
 2.5 2.605830
 2.6 2.163043
 2.7 1.679705
 2.8 1.264633
 2.9 1.017366
 3.0 0.647872
 3.1 0.330488
 3.2 0.112057
 3.3 -0.159653
 3.4 -0.394651
 3.5 -0.401699
 3.6 -0.420444
 3.7 -0.553574
 3.8 -0.553120
 3.9 -0.505799
 4.0 -0.533096
 4.1 -0.584870
 4.2 -0.642190
 4.3 -0.702676
 4.4 -0.801318
 4.5 -0.855259
 4.6 -0.958916

ASP 31
 0.0 4.000000
 0.1 4.000000
 0.2 4.000000
 0.3 4.000000
 0.4 4.000000
 0.5 4.000000
 0.6 4.000000
 0.7 4.000000
 0.8 4.000000
 0.9 4.000000
 1.0 4.000000
 1.1 3.748815
 1.2 3.709677
 1.3 3.709677
 1.4 3.709677
 1.5 3.701987
 1.6 3.626263
 1.7 3.626263
 1.8 3.626263
 1.9 3.500000
 2.0 3.019084
 2.1 3.008278
 2.2 2.955616
 2.3 2.864734
 2.4 2.833222
 2.5 2.597275
 2.6 2.259591
 2.7 1.894096
 2.8 1.503710
 2.9 1.296855
 3.0 0.943662
 3.1 0.500649
 3.2 0.146085
 3.3 -0.144351
 3.4 -0.420062
 3.5 -0.526522
 3.6 -0.662460
 3.7 -0.819918
 3.8 -0.976253
 3.9 -1.213886
 4.0 -1.478157
 4.1 -1.737314
 4.2 -1.708232
 4.3 -1.501044
 4.4 -1.343200
 4.5 -1.174517
 4.6 -0.953568

PRO 32
 0.0 4.000000
 0.1 4.000000
 0.2 4.000000
 0.3 4.000000
 0.4 4.000000
 0.5 4.000000
 0.6 4.000000
 0.7 4.000000
 0.8 4.000000
 0.9 4.000000
 1.0 4.000000
 1.1 3.514218
 1.2 3.435484
 1.3 3.435484
 1.4 3.435484
 1.5 3.420530
 1.6 3.267677
 1.7 3.267677
 1.8 3.267677
 1.9 3.000000
 2.0 2.347328
 2.1 2.190397
 2.2 1.865942
 2.3 1.572119
 2.4 1.513009
 2.5 1.044994
 2.6 0.359335
 2.7 -0.304428
 2.8 -0.855730
 2.9 -1.173657
 3.0 -1.739117
 3.1 -2.495136
 3.2 -3.120306
 3.3 -3.675134
 3.4 -4.304012
 3.5 -4.775166
 3.6 -5.246705
 3.7 -5.502924
 3.8 -5.754745
 3.9 -5.902758
 4.0 -5.911572
 4.1 -5.903118
 4.2 -5.679474
 4.3 -5.253898
 4.4 -4.892001
 4.5 -4.639694
 4.6 -4.262849

GLU 33
 0.0 4.000000
 0.1 4.000000
 0.2 4.000000
 0.3 4.000000
 0.4 4.000000
 0.5 4.000000
 0.6 4.000000
 0.7 4.000000
 0.8 4.000000
 0.9 4.000000
 1.0 4.000000
 1.1 3.350711
 1.2 3.290323
 1.3 3.290323
 1.4 3.290323
 1.5 3.271523
 1.6 3.161616
 1.7 3.161616
 1.8 3.161616
 1.9 3.000000
 2.0 2.503817
 2.1 2.264901
 2.2 1.707880
 2.3 1.318150
 2.4 1.266177
 2.5 0.816223
 2.6 0.129156
 2.7 -0.436531
 2.8 -0.743611
 2.9 -0.976409
 3.0 -1.441421
 3.1 -2.141699
 3.2 -2.773393
 3.3 -3.420203
 3.4 -4.231173
 3.5 -4.902351
 3.6 -5.504544
 3.7 -5.621227
 3.8 -5.625083
 3.9 -5.222786
 4.0 -4.538919
 4.1 -3.559024
 4.2 -2.843494
 4.3 -2.370631
 4.4 -1.964286
 4.5 -1.748253
 4.6 -1.570006

GLY 34
 0.0 4.000000
 0.1 4.000000
 0.2 4.000000
 0.3 4.000000
 0.4 4.000000
 0.5 4.000000
 0.6 4.000000
 0.7 4.000000
 0.8 4.000000
 0.9 4.000000
 1.0 4.000000
 1.1 3.334123
 1.2 3.274194
 1.3 3.274194
 1.4 3.274194
 1.5 3.254967
 1.6 3.146465
 1.7 3.146465
 1.8 3.146465
 1.9 3.000000
 2.0 2.675573
 2.1 2.420530
 2.2 1.742301
 2.3 1.383713
 2.4 1.329553
 2.5 0.872940
 2.6 0.239770
 2.7 -0.205535
 2.8 -0.537510
 2.9 -0.786697
 3.0 -1.290333
 3.1 -2.011349
 3.2 -2.605983
 3.3 -3.155008
 3.4 -3.818310
 3.5 -4.334799
 3.6 -4.896425
 3.7 -5.078866
 3.8 -5.031759
 3.9 -4.613736
 4.0 -3.891289
 4.1 -2.667016
 4.2 -1.742221
 4.3 -1.332327
 4.4 -1.055727
 4.5 -0.859034
 4.6 -0.851678

LEU 35
 0.0 4.000000
 0.1 4.000000
 0.2 4.000000
 0.3 4.000000
 0.4 4.000000
 0.5 4.000000
 0.6 4.000000
 0.7 4.000000
 0.8 4.000000
 0.9 4.000000
 1.0 4.000000
 1.1 3.547393
 1.2 3.467742
 1.3 3.467742
 1.4 3.467742
 1.5 3.453642
 1.6 3.297980
 1.7 3.297980
 1.8 3.297980
 1.9 3.000000
 2.0 2.793893
 2.1 2.495033
 2.2 1.892663
 2.3 1.528640
 2.4 1.469646
 2.5 0.999366
 2.6 0.361253
 2.7 -0.142435
 2.8 -0.516900
 2.9 -0.689712
 3.0 -1.014085
 3.1 -1.365435
 3.2 -1.598982
 3.3 -1.761719
 3.4 -1.999342
 3.5 -2.312868
 3.6 -2.855764
 3.7 -3.306938
 3.8 -3.502208
 3.9 -3.571673
 4.0 -3.437239
 4.1 -3.017615
 4.2 -2.520006
 4.3 -2.261850
 4.4 -2.146144
 4.5 -2.046283
 4.6 -2.004811

PHE 36
 0.0 4.000000
 0.1 4.000000
 0.2 4.000000
 0.3 4.000000
 0.4 4.000000
 0.5 4.000000
 0.6 4.000000
 0.7 4.000000
 0.8 4.000000
 0.9 4.000000
 1.0 4.000000
 1.1 3.644550
 1.2 3.564516
 1.3 3.564516
 1.4 3.564516
 1.5 3.552980
 1.6 3.393939
 1.7 3.393939
 1.8 3.393939
 1.9 3.000000
 2.0 2.599237
 2.1 2.322848
 2.2 1.988678
 2.3 1.652864
 2.4 1.589726
 2.5 1.137199
 2.6 0.518223
 2.7 -0.152399
 2.8 -0.607585
 2.9 -0.794233
 3.0 -1.083227
 3.1 -1.409857
 3.2 -1.631127
 3.3 -1.900974
 3.4 -2.190223
 3.5 -2.402820
 3.6 -2.716759
 3.7 -3.035008
 3.8 -3.107397
 3.9 -3.149026
 4.0 -3.219651
 4.1 -3.231528
 4.2 -3.120306
 4.3 -3.282737
 4.4 -3.477800
 4.5 -3.597587
 4.6 -3.712612

LEU 37
 0.0 4.000000
 0.1 4.000000
 0.2 4.000000
 0.3 4.000000
 0.4 4.000000
 0.5 4.000000
 0.6 4.000000
 0.7 4.000000
 0.8 4.000000
 0.9 4.000000
 1.0 4.000000
 1.1 3.390995
 1.2 3.338710
 1.3 3.338710
 1.4 3.338710
 1.5 3.321192
 1.6 3.227273
 1.7 3.227273
 1.8 3.227273
 1.9 3.000000
 2.0 2.549618
 2.1 2.289735
 2.2 1.878623
 2.3 1.552795
 2.4 1.492995
 2.5 1.070342
 2.6 0.492647
 2.7 -0.116236
 2.8 -0.537510
 2.9 -0.738532
 3.0 -1.046735
 3.1 -1.513619
 3.2 -1.910567
 3.3 -2.445906
 3.4 -3.002203
 3.5 -3.463685
 3.6 -3.967654
 3.7 -4.250936
 3.8 -4.335918
 3.9 -4.394200
 4.0 -4.443235
 4.1 -4.410263
 4.2 -4.360479
 4.3 -4.555564
 4.4 -4.741072
 4.5 -4.851190
 4.6 -4.990291

GLN 38
 0.0 4.000000
 0.1 4.000000
 0.2 4.000000
 0.3 4.000000
 0.4 4.000000
 0.5 4.000000
 0.6 4.000000
 0.7 4.000000
 0.8 4.000000
 0.9 4.000000
 1.0 4.000000
 1.1 3.545024
 1.2 3.532258
 1.3 3.532258
 1.4 3.532258
 1.5 3.519868
 1.6 3.505051
 1.7 3.505051
 1.8 3.505051
 1.9 3.500000
 2.0 3.244275
 2.1 3.124172
 2.2 2.837862
 2.3 2.655625
 2.4 2.629753
 2.5 2.428074
 2.6 2.125320
 2.7 1.861255
 2.8 1.706513
 2.9 1.646789
 3.0 1.554097
 3.1 1.396239
 3.2 1.220560
 3.3 0.956366
 3.4 0.657099
 3.5 0.375620
 3.6 0.123347
 3.7 0.040738
 3.8 0.042335
 3.9 0.070373
 4.0 0.096899
 4.1 0.146501
 4.2 0.177136
 4.3 0.167000
 4.4 0.146091
 4.5 0.132863
 4.6 0.123697

ASP 48
 0.0 4.000000
 0.1 4.000000
 0.2 4.000000
 0.3 4.000000
 0.4 4.000000
 0.5 4.000000
 0.6 4.000000
 0.7 4.000000
 0.8 4.000000
 0.9 4.000000
 1.0 4.000000
 1.1 3.874408
 1.2 3.838710
 1.3 3.838710
 1.4 3.838710
 1.5 3.834437
 1.6 3.762626
 1.7 3.762626
 1.8 3.762626
 1.9 3.500000
 2.0 3.257634
 2.1 3.132450
 2.2 3.028986
 2.3 2.897170
 2.4 2.863242
 2.5 2.621990
 2.6 2.278772
 2.7 1.883764
 2.8 1.431575
 2.9 1.174640
 3.0 0.847843
 3.1 0.616256
 3.2 0.540848
 3.3 0.579421
 3.4 0.668914
 3.5 0.792157
 3.6 0.731913
 3.7 0.552623
 3.8 0.338493
 3.9 -0.118863
 4.0 -0.592815
 4.1 -0.881206
 4.2 -0.901022
 4.3 -0.917284
 4.4 -0.802269
 4.5 -0.623937
 4.6 -0.574852

GLU 49
 0.0 4.000000
 0.1 4.000000
 0.2 4.000000
 0.3 4.000000
 0.4 4.000000
 0.5 4.000000
 0.6 4.000000
 0.7 4.000000
 0.8 4.000000
 0.9 4.000000
 1.0 4.000000
 1.1 3.777251
 1.2 3.709677
 1.3 3.709677
 1.4 3.709677
 1.5 3.701987
 1.6 3.565657
 1.7 3.565657
 1.8 3.565657
 1.9 3.000000
 2.0 2.696565
 2.1 2.413907
 2.2 2.107790
 2.3 1.790890
 2.4 1.723149
 2.5 1.238593
 2.6 0.542519
 2.7 -0.233210
 2.8 -0.923743
 2.9 -1.227720
 3.0 -1.631247
 3.1 -1.736836
 3.2 -1.587095
 3.3 -1.393412
 3.4 -1.072102
 3.5 -0.727897
 3.6 -0.713964
 3.7 -0.969293
 3.8 -1.159469
 3.9 -1.424542
 4.0 -1.670266
 4.1 -1.818558
 4.2 -1.744242
 4.3 -1.614973
 4.4 -1.408228
 4.5 -1.264875
 4.6 -1.180982

THR 50
 0.0 4.000000
 0.1 4.000000
 0.2 4.000000
 0.3 4.000000
 0.4 4.000000
 0.5 4.000000
 0.6 4.000000
 0.7 4.000000
 0.8 4.000000
 0.9 4.000000
 1.0 4.000000
 1.1 3.601896
 1.2 3.532258
 1.3 3.532258
 1.4 3.532258
 1.5 3.519868
 1.6 3.383838
 1.7 3.383838
 1.8 3.383838
 1.9 3.000000
 2.0 2.583969
 2.1 2.347682
 2.2 2.013134
 2.3 1.670117
 2.4 1.606404
 2.5 1.127376
 2.6 0.405691
 2.7 -0.440959
 2.8 -1.140973
 2.9 -1.386632
 3.0 -1.701133
 3.1 -1.843334
 3.2 -1.711873
 3.3 -1.549601
 3.4 -1.195969
 3.5 -0.770884
 3.6 -0.422963
 3.7 -0.402613
 3.8 -0.326634
 3.9 -0.405089
 4.0 -0.524519
 4.1 -0.595346
 4.2 -0.510286
 4.3 -0.512206
 4.4 -0.476559
 4.5 -0.444863
 4.6 -0.495044

GLY 51
 0.0 4.000000
 0.1 4.000000
 0.2 4.000000
 0.3 4.000000
 0.4 4.000000
 0.5 4.000000
 0.6 4.000000
 0.7 4.000000
 0.8 4.000000
 0.9 4.000000
 1.0 4.000000
 1.1 3.481043
 1.2 3.403226
 1.3 3.403226
 1.4 3.403226
 1.5 3.387417
 1.6 3.237374
 1.7 3.237374
 1.8 3.237374
 1.9 3.000000
 2.0 2.274809
 2.1 2.124172
 2.2 1.918931
 2.3 1.618357
 2.4 1.556371
 2.5 1.106464
 2.6 0.327366
 2.7 -0.584871
 2.8 -1.330585
 2.9 -1.537680
 3.0 -1.901837
 3.1 -2.316637
 3.2 -2.456457
 3.3 -2.528536
 3.4 -2.464162
 3.5 -2.257139
 3.6 -1.942837
 3.7 -1.914759
 3.8 -1.929924
 3.9 -2.261431
 4.0 -2.735541
 4.1 -3.318803
 4.2 -3.650017
 4.3 -3.736915
 4.4 -3.868503
 4.5 -3.934548
 4.6 -3.915308

GLN 52
 0.0 4.000000
 0.1 4.000000
 0.2 4.000000
 0.3 4.000000
 0.4 4.000000
 0.5 4.000000
 0.6 4.000000
 0.7 4.000000
 0.8 4.000000
 0.9 4.000000
 1.0 4.000000
 1.1 3.781991
 1.2 3.741935
 1.3 3.741935
 1.4 3.741935
 1.5 3.735099
 1.6 3.656566
 1.7 3.656566
 1.8 3.656566
 1.9 3.500000
 2.0 3.129771
 2.1 3.057947
 2.2 2.984601
 2.3 2.841960
 2.4 2.809873
 2.5 2.595691
 2.6 2.185422
 2.7 1.683026
 2.8 1.181369
 2.9 0.989187
 3.0 0.684059
 3.1 0.358949
 3.2 0.187778
 3.3 0.101913
 3.4 0.046296
 3.5 0.047016
 3.6 0.044039
 3.7 -0.035150
 3.8 -0.122164
 3.9 -0.472787
 4.0 -0.938901
 4.1 -1.441625
 4.2 -1.745860
 4.3 -2.040556
 4.4 -2.252822
 4.5 -2.319543
 4.6 -2.369756

LEU 64
 0.0 4.000000
 0.1 4.000000
 0.2 4.000000
 0.3 4.000000
 0.4 4.000000
 0.5 4.000000
 0.6 4.000000
 0.7 4.000000
 0.8 4.000000
 0.9 4.000000
 1.0 4.000000
 1.1 3.748815
 1.2 3.709677
 1.3 3.709677
 1.4 3.709677
 1.5 3.701987
 1.6 3.626263
 1.7 3.626263
 1.8 3.626263
 1.9 3.500000
 2.0 3.477099
 2.1 3.314570
 2.2 2.952446
 2.3 2.783299
 2.4 2.753169
 2.5 2.515526
 2.6 2.226662
 2.7 1.964827
 2.8 1.691607
 2.9 1.569190
 3.0 1.400314
 3.1 1.176582
 3.2 1.091207
 3.3 1.064684
 3.4 1.016700
 3.5 0.995479
 3.6 0.894200
 3.7 0.799287
 3.8 0.732737
 3.9 0.792429
 4.0 0.967684
 4.1 1.215187
 4.2 1.463375
 4.3 1.586162
 4.4 1.634134
 4.5 1.600491
 4.6 1.569651

ASN 65
 0.0 4.000000
 0.1 4.000000
 0.2 4.000000
 0.3 4.000000
 0.4 4.000000
 0.5 4.000000
 0.6 4.000000
 0.7 4.000000
 0.8 4.000000
 0.9 4.000000
 1.0 4.000000
 1.1 3.580569
 1.2 3.500000
 1.3 3.500000
 1.4 3.500000
 1.5 3.486755
 1.6 3.328283
 1.7 3.328283
 1.8 3.328283
 1.9 3.000000
 2.0 2.973282
 2.1 2.673013
 2.2 1.946105
 2.3 1.657005
 2.4 1.585390
 2.5 1.012357
 2.6 0.312980
 2.7 -0.217845
 2.8 -0.731103
 2.9 -0.803915
 3.0 -0.879880
 3.1 -1.037962
 3.2 -1.132232
 3.3 -1.212943
 3.4 -1.381765
 3.5 -1.600869
 3.6 -1.952008
 3.7 -2.231043
 3.8 -2.449179
 3.9 -2.447524
 4.0 -2.297648
 4.1 -2.017878
 4.2 -1.662698
 4.3 -1.486399
 4.4 -1.489919
 4.5 -1.540664
 4.6 -1.604970

ASN 66
 0.0 4.000000
 0.1 4.000000
 0.2 4.000000
 0.3 4.000000
 0.4 4.000000
 0.5 4.000000
 0.6 4.000000
 0.7 4.000000
 0.8 4.000000
 0.9 4.000000
 1.0 4.000000
 1.1 3.831754
 1.2 3.790323
 1.3 3.790323
 1.4 3.790323
 1.5 3.784768
 1.6 3.702020
 1.7 3.702020
 1.8 3.702020
 1.9 3.500000
 2.0 3.496183
 2.1 3.358444
 2.2 2.993659
 2.3 2.873706
 2.4 2.832221
 2.5 2.496831
 2.6 2.086317
 2.7 1.812428
 2.8 1.506937
 2.9 1.462935
 3.0 1.534334
 3.1 1.597361
 3.2 1.594288
 3.3 1.592683
 3.4 1.567300
 3.5 1.402652
 3.6 1.152793
 3.7 0.968670
 3.8 0.803971
 3.9 0.784648
 4.0 0.798852
 4.1 0.950243
 4.2 1.217436
 4.3 1.446858
 4.4 1.537588
 4.5 1.636642
 4.6 1.689898

THR 80
 0.0 4.000000
 0.1 4.000000
 0.2 4.000000
 0.3 4.000000
 0.4 4.000000
 0.5 4.000000
 0.6 4.000000
 0.7 4.000000
 0.8 4.000000
 0.9 4.000000
 1.0 4.000000
 1.1 3.661137
 1.2 3.629032
 1.3 3.629032
 1.4 3.629032
 1.5 3.619205
 1.6 3.560606
 1.7 3.560606
 1.8 3.560606
 1.9 3.500000
 2.0 3.270992
 2.1 3.140728
 2.2 2.841938
 2.3 2.648723
 2.4 2.623082
 2.5 2.369772
 2.6 2.016624
 2.7 1.738376
 2.8 1.589736
 2.9 1.557274
 3.0 1.479449
 3.1 1.476265
 3.2 1.476703
 3.3 1.474729
 3.4 1.401338
 3.5 1.231163
 3.6 0.915291
 3.7 0.688486
 3.8 0.443794
 3.9 0.259809
 4.0 0.251750
 4.1 0.410364
 4.2 0.764126
 4.3 1.423302
 4.4 2.098128
 4.5 2.578866
 4.6 3.019197

GLU 81
 0.0 4.000000
 0.1 4.000000
 0.2 4.000000
 0.3 4.000000
 0.4 4.000000
 0.5 4.000000
 0.6 4.000000
 0.7 4.000000
 0.8 4.000000
 0.9 4.000000
 1.0 4.000000
 1.1 3.341232
 1.2 3.274194
 1.3 3.274194
 1.4 3.274194
 1.5 3.254967
 1.6 3.131313
 1.7 3.131313
 1.8 3.131313
 1.9 3.000000
 2.0 2.366412
 2.1 2.182119
 2.2 1.714674
 2.3 1.349206
 2.4 1.293529
 2.5 0.744297
 2.6 -0.056905
 2.7 -0.780074
 2.8 -1.244600
 2.9 -1.237535
 3.0 -1.259602
 3.1 -1.140186
 3.2 -1.053389
 3.3 -0.990240
 3.4 -1.040190
 3.5 -1.237100
 3.6 -1.691389
 3.7 -2.046123
 3.8 -2.260148
 3.9 -2.215813
 4.0 -1.926668
 4.1 -1.082276
 4.2 0.200099
 4.3 1.260511
 4.4 2.026935
 4.5 2.628153
 4.6 3.116378

ASP 82
 0.0 4.000000
 0.1 4.000000
 0.2 4.000000
 0.3 4.000000
 0.4 4.000000
 0.5 4.000000
 0.6 4.000000
 0.7 4.000000
 0.8 4.000000
 0.9 4.000000
 1.0 4.000000
 1.1 3.611374
 1.2 3.548387
 1.3 3.548387
 1.4 3.548387
 1.5 3.536424
 1.6 3.414141
 1.7 3.414141
 1.8 3.414141
 1.9 3.000000
 2.0 2.444656
 2.1 2.240066
 2.2 1.937500
 2.3 1.632160
 2.4 1.567045
 2.5 1.028517
 2.6 0.234015
 2.7 -0.572325
 2.8 -1.223949
 2.9 -1.382438
 3.0 -1.573367
 3.1 -1.645979
 3.2 -1.612412
 3.3 -1.596400
 3.4 -1.576749
 3.5 -1.754721
 3.6 -2.122433
 3.7 -2.588518
 3.8 -2.944090
 3.9 -3.031673
 4.0 -2.776637
 4.1 -2.120902
 4.2 -1.021373
 4.3 0.049324
 4.4 0.945605
 4.5 1.567887
 4.6 2.066845

PRO 83
 0.0 4.000000
 0.1 4.000000
 0.2 4.000000
 0.3 4.000000
 0.4 4.000000
 0.5 4.000000
 0.6 4.000000
 0.7 4.000000
 0.8 4.000000
 0.9 4.000000
 1.0 4.000000
 1.1 3.535545
 1.2 3.483871
 1.3 3.483871
 1.4 3.483871
 1.5 3.470199
 1.6 3.373737
 1.7 3.373737
 1.8 3.373737
 1.9 3.000000
 2.0 2.408397
 2.1 2.223510
 2.2 1.934330
 2.3 1.677019
 2.4 1.613075
 2.5 1.124525
 2.6 0.439258
 2.7 -0.246863
 2.8 -0.917560
 2.9 -1.214613
 3.0 -1.582266
 3.1 -1.870953
 3.2 -1.937469
 3.3 -2.005031
 3.4 -2.008401
 3.5 -1.964645
 3.6 -2.027733
 3.7 -2.322600
 3.8 -2.473675
 3.9 -2.492683
 4.0 -2.395603
 4.1 -2.082240
 4.2 -1.665144
 4.3 -1.380685
 4.4 -1.028573
 4.5 -0.856793
 4.6 -0.809871

ALA 84
 0.0 4.000000
 0.1 4.000000
 0.2 4.000000
 0.3 4.000000
 0.4 4.000000
 0.5 4.000000
 0.6 4.000000
 0.7 4.000000
 0.8 4.000000
 0.9 4.000000
 1.0 4.000000
 1.1 3.604265
 1.2 3.580645
 1.3 3.580645
 1.4 3.580645
 1.5 3.569536
 1.6 3.530303
 1.7 3.530303
 1.8 3.530303
 1.9 3.500000
 2.0 3.059160
 2.1 3.024834
 2.2 2.869565
 2.3 2.745342
 2.4 2.716478
 2.5 2.470532
 2.6 2.131714
 2.7 1.807011
 2.8 1.458368
 2.9 1.329620
 3.0 1.209667
 3.1 1.115435
 3.2 1.102164
 3.3 1.092648
 3.4 1.096296
 3.5 1.142808
 3.6 1.168943
 3.7 1.072478
 3.8 1.040030
 3.9 1.053109
 4.0 1.016810
 4.1 0.855303
 4.2 0.650135
 4.3 0.432693
 4.4 0.386146
 4.5 0.294500
 4.6 0.220390

VAL 93
 0.0 4.000000
 0.1 4.000000
 0.2 4.000000
 0.3 4.000000
 0.4 4.000000
 0.5 4.000000
 0.6 4.000000
 0.7 4.000000
 0.8 4.000000
 0.9 4.000000
 1.0 4.000000
 1.1 3.917062
 1.2 3.887097
 1.3 3.887097
 1.4 3.887097
 1.5 3.884106
 1.6 3.823232
 1.7 3.823232
 1.8 3.823232
 1.9 3.500000
 2.0 3.438931
 2.1 3.281457
 2.2 3.079710
 2.3 2.890269
 2.4 2.855237
 2.5 2.540875
 2.6 2.114450
 2.7 1.647232
 2.8 1.281121
 2.9 1.188073
 3.0 1.024968
 3.1 0.835603
 3.2 0.715786
 3.3 0.468320
 3.4 0.165123
 3.5 -0.082278
 3.6 -0.353115
 3.7 -0.576160
 3.8 -0.685522
 3.9 -0.766173
 4.0 -0.822255
 4.1 -0.881875
 4.2 -1.066958
 4.3 -1.376243
 4.4 -1.611304
 4.5 -1.820117
 4.6 -2.082557

ALA 94
 0.0 4.000000
 0.1 4.000000
 0.2 4.000000
 0.3 4.000000
 0.4 4.000000
 0.5 4.000000
 0.6 4.000000
 0.7 4.000000
 0.8 4.000000
 0.9 4.000000
 1.0 4.000000
 1.1 3.440758
 1.2 3.403226
 1.3 3.403226
 1.4 3.403226
 1.5 3.387417
 1.6 3.323232
 1.7 3.323232
 1.8 3.323232
 1.9 3.000000
 2.0 2.583969
 2.1 2.312086
 2.2 1.824275
 2.3 1.480331
 2.4 1.421614
 2.5 0.922053
 2.6 0.203964
 2.7 -0.491882
 2.8 -1.028442
 2.9 -1.312910
 3.0 -1.750321
 3.1 -2.211142
 3.2 -2.443560
 3.3 -2.765696
 3.4 -3.100198
 3.5 -3.306621
 3.6 -3.638450
 3.7 -3.945124
 3.8 -4.150214
 3.9 -4.297798
 4.0 -4.343718
 4.1 -4.194883
 4.2 -4.093833
 4.3 -4.200396
 4.4 -4.287442
 4.5 -4.375752
 4.6 -4.586232

SER 95
 0.0 4.000000
 0.1 4.000000
 0.2 4.000000
 0.3 4.000000
 0.4 4.000000
 0.5 4.000000
 0.6 4.000000
 0.7 4.000000
 0.8 4.000000
 0.9 4.000000
 1.0 4.000000
 1.1 3.426540
 1.2 3.387097
 1.3 3.387097
 1.4 3.387097
 1.5 3.370861
 1.6 3.303030
 1.7 3.303030
 1.8 3.303030
 1.9 3.000000
 2.0 2.635496
 2.1 2.386589
 2.2 1.766304
 2.3 1.411318
 2.4 1.356237
 2.5 0.930292
 2.6 0.295396
 2.7 -0.300369
 2.8 -0.772877
 2.9 -1.121887
 3.0 -1.635405
 3.1 -2.003295
 3.2 -1.953529
 3.3 -1.829742
 3.4 -1.648981
 3.5 -1.355256
 3.6 -1.361676
 3.7 -1.523540
 3.8 -1.585504
 3.9 -1.416763
 4.0 -1.142847
 4.1 -0.674411
 4.2 0.012160
 4.3 0.665642
 4.4 1.180603
 4.5 1.529096
 4.6 1.917234

PHE 96
 0.0 4.000000
 0.1 4.000000
 0.2 4.000000
 0.3 4.000000
 0.4 4.000000
 0.5 4.000000
 0.6 4.000000
 0.7 4.000000
 0.8 4.000000
 0.9 4.000000
 1.0 4.000000
 1.1 3.860190
 1.2 3.806452
 1.3 3.806452
 1.4 3.806452
 1.5 3.801325
 1.6 3.691919
 1.7 3.691919
 1.8 3.691919
 1.9 3.000000
 2.0 2.961832
 2.1 2.678808
 2.2 2.073822
 2.3 1.704624
 2.4 1.639760
 2.5 1.141635
 2.6 0.382673
 2.7 -0.401845
 2.8 -1.070899
 2.9 -1.388273
 3.0 -1.847369
 3.1 -2.139311
 3.2 -2.131041
 3.3 -1.975062
 3.4 -1.752704
 3.5 -1.470204
 3.6 -1.282750
 3.7 -1.274026
 3.8 -1.248622
 3.9 -1.134855
 4.0 -0.956792
 4.1 -0.642020
 4.2 0.030667
 4.3 0.673758
 4.4 1.232014
 4.5 1.664748
 4.6 2.074080

LEU 97
 0.0 4.000000
 0.1 4.000000
 0.2 4.000000
 0.3 4.000000
 0.4 4.000000
 0.5 4.000000
 0.6 4.000000
 0.7 4.000000
 0.8 4.000000
 0.9 4.000000
 1.0 4.000000
 1.1 3.672986
 1.2 3.612903
 1.3 3.612903
 1.4 3.612903
 1.5 3.602649
 1.6 3.484848
 1.7 3.484848
 1.8 3.484848
 1.9 3.000000
 2.0 2.931298
 2.1 2.583609
 2.2 1.902627
 2.3 1.545894
 2.4 1.486324
 2.5 0.999049
 2.6 0.289003
 2.7 -0.331734
 2.8 -0.894889
 2.9 -1.332241
 3.0 -1.824905
 3.1 -2.287342
 3.2 -2.597589
 3.3 -2.980716
 3.4 -3.258790
 3.5 -3.512049
 3.6 -3.716366
 3.7 -3.741314
 3.8 -3.603625
 3.9 -3.196816
 4.0 -2.695664
 4.1 -1.962261
 4.2 -1.192062
 4.3 -0.794473
 4.4 -0.633127
 4.5 -0.481942
 4.6 -0.399588

GLN 98
 0.0 4.000000
 0.1 4.000000
 0.2 4.000000
 0.3 4.000000
 0.4 4.000000
 0.5 4.000000
 0.6 4.000000
 0.7 4.000000
 0.8 4.000000
 0.9 4.000000
 1.0 4.000000
 1.1 3.561611
 1.2 3.483871
 1.3 3.483871
 1.4 3.483871
 1.5 3.470199
 1.6 3.318182
 1.7 3.318182
 1.8 3.318182
 1.9 3.000000
 2.0 2.956107
 2.1 2.631623
 2.2 1.870018
 2.3 1.511387
 2.4 1.452969
 2.5 0.980672
 2.6 0.384910
 2.7 -0.039114
 2.8 -0.444765
 2.9 -0.809961
 3.0 -1.174136
 3.1 -1.605383
 3.2 -1.881632
 3.3 -2.188616
 3.4 -2.448436
 3.5 -2.682661
 3.6 -3.012270
 3.7 -3.150138
 3.8 -3.152331
 3.9 -2.959471
 4.0 -2.755782
 4.1 -2.454213
 4.2 -2.245534
 4.3 -2.132260
 4.4 -2.311109
 4.5 -2.442546
 4.6 -2.515925

LYS 99
 0.0 4.000000
 0.1 4.000000
 0.2 4.000000
 0.3 4.000000
 0.4 4.000000
 0.5 4.000000
 0.6 4.000000
 0.7 4.000000
 0.8 4.000000
 0.9 4.000000
 1.0 4.000000
 1.1 3.845972
 1.2 3.806452
 1.3 3.806452
 1.4 3.806452
 1.5 3.801325
 1.6 3.722222
 1.7 3.722222
 1.8 3.722222
 1.9 3.500000
 2.0 3.496183
 2.1 3.370861
 2.2 3.019475
 2.3 2.848861
 2.4 2.816544
 2.5 2.574144
 2.6 2.272698
 2.7 2.052030
 2.8 1.842539
 2.9 1.754915
 3.0 1.664853
 3.1 1.551556
 3.2 1.471688
 3.3 1.423992
 3.4 1.389652
 3.5 1.353398
 3.6 1.160923
 3.7 1.033979
 3.8 0.941930
 3.9 0.825038
 4.0 0.712649
 4.1 0.669036
 4.2 0.676125
 4.3 0.708216
 4.4 0.554130
 4.5 0.463996
 4.6 0.410072

ASP 110
 0.0 4.000000
 0.1 4.000000
 0.2 4.000000
 0.3 4.000000
 0.4 4.000000
 0.5 4.000000
 0.6 4.000000
 0.7 4.000000
 0.8 4.000000
 0.9 4.000000
 1.0 4.000000
 1.1 3.945498
 1.2 3.919355
 1.3 3.919355
 1.4 3.919355
 1.5 3.917219
 1.6 3.863636
 1.7 3.863636
 1.8 3.863636
 1.9 3.500000
 2.0 3.471374
 2.1 3.322848
 2.2 3.099638
 2.3 2.954796
 2.4 2.905604
 2.5 2.544043
 2.6 2.044757
 2.7 1.581199
 2.8 1.186555
 2.9 1.196823
 3.0 1.165371
 3.1 1.155953
 3.2 1.146803
 3.3 1.111100
 3.4 1.047007
 3.5 1.002315
 3.6 0.976638
 3.7 0.905281
 3.8 0.819168
 3.9 0.661472
 4.0 0.503329
 4.1 0.322098
 4.2 0.440497
 4.3 0.670527
 4.4 0.865381
 4.5 1.021084
 4.6 1.241439

TYR 111
 0.0 4.000000
 0.1 4.000000
 0.2 4.000000
 0.3 4.000000
 0.4 4.000000
 0.5 4.000000
 0.6 4.000000
 0.7 4.000000
 0.8 4.000000
 0.9 4.000000
 1.0 4.000000
 1.1 3.777251
 1.2 3.709677
 1.3 3.709677
 1.4 3.709677
 1.5 3.701987
 1.6 3.565657
 1.7 3.565657
 1.8 3.565657
 1.9 3.000000
 2.0 2.662214
 2.1 2.413907
 2.2 2.123641
 2.3 1.855418
 2.4 1.772181
 2.5 1.230355
 2.6 0.557225
 2.7 -0.187129
 2.8 -0.830594
 2.9 -0.832895
 3.0 -0.881218
 3.1 -0.956204
 3.2 -0.942686
 3.3 -0.969010
 3.4 -1.110183
 3.5 -1.256492
 3.6 -1.419516
 3.7 -1.621329
 3.8 -1.814909
 3.9 -2.056175
 4.0 -2.246176
 4.1 -2.537998
 4.2 -2.415735
 4.3 -2.202779
 4.4 -2.079056
 4.5 -2.018409
 4.6 -1.812591

ASP 112
 0.0 4.000000
 0.1 4.000000
 0.2 4.000000
 0.3 4.000000
 0.4 4.000000
 0.5 4.000000
 0.6 4.000000
 0.7 4.000000
 0.8 4.000000
 0.9 4.000000
 1.0 4.000000
 1.1 3.580569
 1.2 3.500000
 1.3 3.500000
 1.4 3.500000
 1.5 3.486755
 1.6 3.328283
 1.7 3.328283
 1.8 3.328283
 1.9 3.000000
 2.0 2.395038
 2.1 2.178808
 2.2 1.868207
 2.3 1.618357
 2.4 1.548699
 2.5 1.032319
 2.6 0.299552
 2.7 -0.515849
 2.8 -1.258656
 2.9 -1.401052
 3.0 -1.541421
 3.1 -1.523366
 3.2 -1.384712
 3.3 -1.343462
 3.4 -1.388294
 3.5 -1.473634
 3.6 -1.683461
 3.7 -1.975004
 3.8 -2.202083
 3.9 -2.341386
 4.0 -2.326294
 4.1 -2.429690
 4.2 -2.336884
 4.3 -2.110485
 4.4 -1.933336
 4.5 -1.921882
 4.6 -1.855873

THR 113
 0.0 4.000000
 0.1 4.000000
 0.2 4.000000
 0.3 4.000000
 0.4 4.000000
 0.5 4.000000
 0.6 4.000000
 0.7 4.000000
 0.8 4.000000
 0.9 4.000000
 1.0 4.000000
 1.1 3.748815
 1.2 3.709677
 1.3 3.709677
 1.4 3.709677
 1.5 3.701987
 1.6 3.626263
 1.7 3.626263
 1.8 3.626263
 1.9 3.500000
 2.0 3.204198
 2.1 3.087748
 2.2 2.844203
 2.3 2.717736
 2.4 2.682121
 2.5 2.395437
 2.6 2.044118
 2.7 1.691513
 2.8 1.330585
 2.9 1.232634
 3.0 1.139245
 3.1 1.029183
 3.2 1.000000
 3.3 0.959056
 3.4 0.863580
 3.5 0.790838
 3.6 0.714017
 3.7 0.573102
 3.8 0.441953
 3.9 0.353001
 4.0 0.332933
 4.1 0.181343
 4.2 -0.051942
 4.3 -0.252710
 4.4 -0.337989
 4.5 -0.504168
 4.6 -0.684752

ASN 124
 0.0 4.000000
 0.1 4.000000
 0.2 4.000000
 0.3 4.000000
 0.4 4.000000
 0.5 4.000000
 0.6 4.000000
 0.7 4.000000
 0.8 4.000000
 0.9 4.000000
 1.0 4.000000
 1.1 3.945498
 1.2 3.919355
 1.3 3.919355
 1.4 3.919355
 1.5 3.917219
 1.6 3.863636
 1.7 3.863636
 1.8 3.863636
 1.9 3.500000
 2.0 3.500000
 2.1 3.405629
 2.2 3.022192
 2.3 2.817805
 2.4 2.786524
 2.5 2.544994
 2.6 2.155051
 2.7 1.795203
 2.8 1.476917
 2.9 1.190367
 3.0 0.821168
 3.1 0.530151
 3.2 0.505361
 3.3 0.524878
 3.4 0.559552
 3.5 0.524071
 3.6 0.091705
 3.7 -0.432753
 3.8 -0.932852
 3.9 -1.360627
 4.0 -1.618532
 4.1 -1.445198
 4.2 -0.964585
 4.3 -0.600560
 4.4 -0.388817
 4.5 -0.170590
 4.6 -0.147658

LEU 125
 0.0 4.000000
 0.1 4.000000
 0.2 4.000000
 0.3 4.000000
 0.4 4.000000
 0.5 4.000000
 0.6 4.000000
 0.7 4.000000
 0.8 4.000000
 0.9 4.000000
 1.0 4.000000
 1.1 3.936019
 1.2 3.903226
 1.3 3.903226
 1.4 3.903226
 1.5 3.900662
 1.6 3.833333
 1.7 3.833333
 1.8 3.833333
 1.9 3.000000
 2.0 3.000000
 2.1 2.826159
 2.2 2.172554
 2.3 1.773637
 2.4 1.706471
 2.5 1.179658
 2.6 0.415921
 2.7 -0.269373
 2.8 -0.810387
 2.9 -1.043922
 3.0 -1.306496
 3.1 -1.407708
 3.2 -1.269144
 3.3 -1.095444
 3.4 -0.907535
 3.5 -0.764489
 3.6 -0.876277
 3.7 -1.137146
 3.8 -1.344554
 3.9 -1.564474
 4.0 -1.776679
 4.1 -1.707660
 4.2 -1.375082
 4.3 -1.162835
 4.4 -0.877406
 4.5 -0.576031
 4.6 -0.465266

ASP 126
 0.0 4.000000
 0.1 4.000000
 0.2 4.000000
 0.3 4.000000
 0.4 4.000000
 0.5 4.000000
 0.6 4.000000
 0.7 4.000000
 0.8 4.000000
 0.9 4.000000
 1.0 4.000000
 1.1 3.706161
 1.2 3.661290
 1.3 3.661290
 1.4 3.661290
 1.5 3.652318
 1.6 3.565657
 1.7 3.565657
 1.8 3.565657
 1.9 3.000000
 2.0 2.730916
 2.1 2.536424
 2.2 1.967391
 2.3 1.590752
 2.4 1.529686
 2.5 0.977820
 2.6 0.116368
 2.7 -0.690037
 2.8 -1.347073
 2.9 -1.542267
 3.0 -1.731544
 3.1 -1.643621
 3.2 -1.399358
 3.3 -1.119180
 3.4 -0.700884
 3.5 -0.362897
 3.6 -0.243394
 3.7 -0.306020
 3.8 -0.328758
 3.9 -0.444106
 4.0 -0.565656
 4.1 -0.479538
 4.2 -0.328668
 4.3 -0.274248
 4.4 -0.089505
 4.5 0.097880
 4.6 0.091917

GLY 127
 0.0 4.000000
 0.1 4.000000
 0.2 4.000000
 0.3 4.000000
 0.4 4.000000
 0.5 4.000000
 0.6 4.000000
 0.7 4.000000
 0.8 4.000000
 0.9 4.000000
 1.0 4.000000
 1.1 3.547393
 1.2 3.467742
 1.3 3.467742
 1.4 3.467742
 1.5 3.453642
 1.6 3.297980
 1.7 3.297980
 1.8 3.297980
 1.9 3.000000
 2.0 2.717557
 2.1 2.463576
 2.2 1.831069
 2.3 1.435473
 2.4 1.379586
 2.5 0.819392
 2.6 -0.026215
 2.7 -0.795203
 2.8 -1.476505
 2.9 -2.002294
 3.0 -2.618758
 3.1 -3.082087
 3.2 -3.351645
 3.3 -3.496504
 3.4 -3.387488
 3.5 -3.210996
 3.6 -3.413381
 3.7 -3.630748
 3.8 -3.841444
 3.9 -4.224263
 4.0 -4.400103
 4.1 -4.339672
 4.2 -4.157766
 4.3 -3.990741
 4.4 -3.780690
 4.5 -3.639497
 4.6 -3.630895

THR 128
 0.0 4.000000
 0.1 4.000000
 0.2 4.000000
 0.3 4.000000
 0.4 4.000000
 0.5 4.000000
 0.6 4.000000
 0.7 4.000000
 0.8 4.000000
 0.9 4.000000
 1.0 4.000000
 1.1 3.831754
 1.2 3.790323
 1.3 3.790323
 1.4 3.790323
 1.5 3.784768
 1.6 3.702020
 1.7 3.702020
 1.8 3.702020
 1.9 3.500000
 2.0 3.486641
 2.1 3.347682
 2.2 3.014040
 2.3 2.800552
 2.4 2.769847
 2.5 2.474968
 2.6 1.995524
 2.7 1.501845
 2.8 1.071311
 2.9 0.778834
 3.0 0.374840
 3.1 -0.023226
 3.2 -0.290777
 3.3 -0.519014
 3.4 -0.650500
 3.5 -0.791025
 3.6 -1.158607
 3.7 -1.509934
 3.8 -1.843365
 3.9 -2.320334
 4.0 -2.723445
 4.1 -3.030241
 4.2 -3.145228
 4.3 -3.132875
 4.4 -3.074734
 4.5 -3.003705
 4.6 -2.991266

ASP 140
 0.0 4.000000
 0.1 4.000000
 0.2 4.000000
 0.3 4.000000
 0.4 4.000000
 0.5 4.000000
 0.6 4.000000
 0.7 4.000000
 0.8 4.000000
 0.9 4.000000
 1.0 4.000000
 1.1 3.969194
 1.2 3.951613
 1.3 3.951613
 1.4 3.951613
 1.5 3.950331
 1.6 3.914141
 1.7 3.914141
 1.8 3.914141
 1.9 3.500000
 2.0 3.358779
 2.1 3.206954
 2.2 3.105978
 2.3 3.014148
 2.4 2.976651
 2.5 2.742712
 2.6 2.435422
 2.7 2.071218
 2.8 1.657461
 2.9 1.526638
 3.0 1.415430
 3.1 1.311552
 3.2 1.298588
 3.3 1.314274
 3.4 1.291140
 3.5 1.194960
 3.6 1.060390
 3.7 0.815774
 3.8 0.492696
 3.9 0.219868
 4.0 0.281910
 4.1 0.390661
 4.2 0.737214
 4.3 1.004229
 4.4 1.151355
 4.5 1.097893
 4.6 1.030503

PRO 141
 0.0 4.000000
 0.1 4.000000
 0.2 4.000000
 0.3 4.000000
 0.4 4.000000
 0.5 4.000000
 0.6 4.000000
 0.7 4.000000
 0.8 4.000000
 0.9 4.000000
 1.0 4.000000
 1.1 3.668246
 1.2 3.612903
 1.3 3.612903
 1.4 3.612903
 1.5 3.602649
 1.6 3.494949
 1.7 3.494949
 1.8 3.494949
 1.9 3.000000
 2.0 2.549618
 2.1 2.298013
 2.2 2.001812
 2.3 1.721532
 2.4 1.656438
 2.5 1.209442
 2.6 0.492967
 2.7 -0.294096
 2.8 -1.010720
 2.9 -1.106751
 3.0 -1.167480
 3.1 -1.078278
 3.2 -0.894708
 3.3 -0.760871
 3.4 -0.652502
 3.5 -0.737244
 3.6 -0.930163
 3.7 -1.178078
 3.8 -1.350677
 3.9 -1.514624
 4.0 -1.522608
 4.1 -1.397310
 4.2 -1.019735
 4.3 -0.838076
 4.4 -0.660334
 4.5 -0.519326
 4.6 -0.477508

ASN 142
 0.0 4.000000
 0.1 4.000000
 0.2 4.000000
 0.3 4.000000
 0.4 4.000000
 0.5 4.000000
 0.6 4.000000
 0.7 4.000000
 0.8 4.000000
 0.9 4.000000
 1.0 4.000000
 1.1 3.514218
 1.2 3.435484
 1.3 3.435484
 1.4 3.435484
 1.5 3.420530
 1.6 3.267677
 1.7 3.267677
 1.8 3.267677
 1.9 3.000000
 2.0 2.614504
 2.1 2.355960
 2.2 1.777174
 2.3 1.383713
 2.4 1.329553
 2.5 0.842839
 2.6 -0.041560
 2.7 -0.833210
 2.8 -1.415911
 2.9 -1.462221
 3.0 -1.524391
 3.1 -1.312232
 3.2 -1.065654
 3.3 -0.953852
 3.4 -0.758870
 3.5 -0.794914
 3.6 -1.148431
 3.7 -1.466709
 3.8 -1.631776
 3.9 -1.843520
 4.0 -1.894135
 4.1 -1.716312
 4.2 -1.140560
 4.3 -0.629532
 4.4 -0.194436
 4.5 0.157278
 4.6 0.506677

GLY 143
 0.0 4.000000
 0.1 4.000000
 0.2 4.000000
 0.3 4.000000
 0.4 4.000000
 0.5 4.000000
 0.6 4.000000
 0.7 4.000000
 0.8 4.000000
 0.9 4.000000
 1.0 4.000000
 1.1 3.457346
 1.2 3.387097
 1.3 3.387097
 1.4 3.387097
 1.5 3.370861
 1.6 3.237374
 1.7 3.237374
 1.8 3.237374
 1.9 3.000000
 2.0 2.854962
 2.1 2.486755
 2.2 1.742754
 2.3 1.366460
 2.4 1.312875
 2.5 0.811470
 2.6 0.070013
 2.7 -0.500369
 2.8 -0.946414
 2.9 -1.117529
 3.0 -1.371702
 3.1 -1.520809
 3.2 -1.555963
 3.3 -1.654644
 3.4 -1.731700
 3.5 -2.032969
 3.6 -2.874160
 3.7 -3.583276
 3.8 -4.228011
 3.9 -4.927607
 4.0 -5.425636
 4.1 -5.645840
 4.2 -5.227190
 4.3 -4.457889
 4.4 -3.955014
 4.5 -3.557603
 4.6 -3.037971

LEU 144
 0.0 4.000000
 0.1 4.000000
 0.2 4.000000
 0.3 4.000000
 0.4 4.000000
 0.5 4.000000
 0.6 4.000000
 0.7 4.000000
 0.8 4.000000
 0.9 4.000000
 1.0 4.000000
 1.1 3.559242
 1.2 3.500000
 1.3 3.500000
 1.4 3.500000
 1.5 3.486755
 1.6 3.373737
 1.7 3.373737
 1.8 3.373737
 1.9 3.000000
 2.0 2.914122
 2.1 2.561258
 2.2 1.876812
 2.3 1.528640
 2.4 1.469646
 2.5 1.000951
 2.6 0.436061
 2.7 -0.025461
 2.8 -0.438994
 2.9 -0.827326
 3.0 -1.282010
 3.1 -1.861543
 3.2 -2.323997
 3.3 -2.746264
 3.4 -3.191049
 3.5 -3.701025
 3.6 -4.592105
 3.7 -5.178044
 3.8 -5.675198
 3.9 -6.184639
 4.0 -6.548502
 4.1 -6.498401
 4.2 -5.981563
 4.3 -5.404830
 4.4 -4.926759
 4.5 -4.484288
 4.6 -4.108159

PRO 145
 0.0 4.000000
 0.1 4.000000
 0.2 4.000000
 0.3 4.000000
 0.4 4.000000
 0.5 4.000000
 0.6 4.000000
 0.7 4.000000
 0.8 4.000000
 0.9 4.000000
 1.0 4.000000
 1.1 3.917062
 1.2 3.887097
 1.3 3.887097
 1.4 3.887097
 1.5 3.884106
 1.6 3.823232
 1.7 3.823232
 1.8 3.823232
 1.9 3.500000
 2.0 3.482824
 2.1 3.339404
 2.2 3.015399
 2.3 2.838509
 2.4 2.806538
 2.5 2.565589
 2.6 2.266944
 2.7 2.007011
 2.8 1.759687
 2.9 1.450524
 3.0 1.085147
 3.1 0.613813
 3.2 0.235201
 3.3 -0.086970
 3.4 -0.387654
 3.5 -0.594937
 3.6 -0.881042
 3.7 -1.066989
 3.8 -1.235092
 3.9 -1.431841
 4.0 -1.613298
 4.1 -1.623791
 4.2 -1.444696
 4.3 -1.298558
 4.4 -1.125452
 4.5 -0.933743
 4.6 -0.826274

LEU 159
 0.0 4.000000
 0.1 4.000000
 0.2 4.000000
 0.3 4.000000
 0.4 4.000000
 0.5 4.000000
 0.6 4.000000
 0.7 4.000000
 0.8 4.000000
 0.9 4.000000
 1.0 4.000000
 1.1 3.699052
 1.2 3.661290
 1.3 3.661290
 1.4 3.661290
 1.5 3.652318
 1.6 3.580808
 1.7 3.580808
 1.8 3.580808
 1.9 3.500000
 2.0 3.339695
 2.1 3.190397
 2.2 2.995471
 2.3 2.824707
 2.4 2.789526
 2.5 2.484157
 2.6 2.091752
 2.7 1.650185
 2.8 1.268343
 2.9 1.034731
 3.0 0.843470
 3.1 0.712062
 3.2 0.710376
 3.3 0.737298
 3.4 0.858333
 3.5 0.945225
 3.6 0.899904
 3.7 0.772962
 3.8 0.662204
 3.9 0.480144
 4.0 0.279648
 4.1 0.311491
 4.2 0.592059
 4.3 0.804229
 4.4 1.044906
 4.5 1.314189
 4.6 1.453274

CYS 160
 0.0 4.000000
 0.1 4.000000
 0.2 4.000000
 0.3 4.000000
 0.4 4.000000
 0.5 4.000000
 0.6 4.000000
 0.7 4.000000
 0.8 4.000000
 0.9 4.000000
 1.0 4.000000
 1.1 3.601896
 1.2 3.532258
 1.3 3.532258
 1.4 3.532258
 1.5 3.519868
 1.6 3.383838
 1.7 3.383838
 1.8 3.383838
 1.9 3.000000
 2.0 2.830153
 2.1 2.546358
 2.2 2.018569
 2.3 1.666667
 2.4 1.599400
 2.5 1.016477
 2.6 0.215153
 2.7 -0.594834
 2.8 -1.314509
 2.9 -1.622307
 3.0 -1.867113
 3.1 -1.933740
 3.2 -1.786145
 3.3 -1.601128
 3.4 -1.356645
 3.5 -1.169379
 3.6 -1.231749
 3.7 -1.455279
 3.8 -1.682142
 3.9 -2.010503
 4.0 -2.326684
 4.1 -2.228228
 4.2 -1.694091
 4.3 -1.202318
 4.4 -0.594794
 4.5 -0.047234
 4.6 0.242360

LEU 161
 0.0 4.000000
 0.1 4.000000
 0.2 4.000000
 0.3 4.000000
 0.4 4.000000
 0.5 4.000000
 0.6 4.000000
 0.7 4.000000
 0.8 4.000000
 0.9 4.000000
 1.0 4.000000
 1.1 3.777251
 1.2 3.709677
 1.3 3.709677
 1.4 3.709677
 1.5 3.701987
 1.6 3.565657
 1.7 3.565657
 1.8 3.565657
 1.9 3.000000
 2.0 2.858779
 2.1 2.571192
 2.2 1.930707
 2.3 1.549344
 2.4 1.488993
 2.5 0.871356
 2.6 -0.017263
 2.7 -0.810701
 2.8 -1.637263
 2.9 -2.042923
 3.0 -2.441108
 3.1 -2.732938
 3.2 -2.842527
 3.3 -2.757406
 3.4 -2.599288
 3.5 -2.399671
 3.6 -2.229375
 3.7 -2.140555
 3.8 -2.109984
 3.9 -2.092851
 4.0 -2.007154
 4.1 -1.604196
 4.2 -1.151706
 4.3 -0.707137
 4.4 -0.314197
 4.5 0.005721
 4.6 0.119452

ALA 162
 0.0 4.000000
 0.1 4.000000
 0.2 4.000000
 0.3 4.000000
 0.4 4.000000
 0.5 4.000000
 0.6 4.000000
 0.7 4.000000
 0.8 4.000000
 0.9 4.000000
 1.0 4.000000
 1.1 3.763033
 1.2 3.693548
 1.3 3.693548
 1.4 3.693548
 1.5 3.685430
 1.6 3.545455
 1.7 3.545455
 1.8 3.545455
 1.9 3.000000
 2.0 2.868321
 2.1 2.596854
 2.2 1.901268
 2.3 1.572464
 2.4 1.512342
 2.5 0.929024
 2.6 0.141304
 2.7 -0.428044
 2.8 -1.142622
 2.9 -1.510485
 3.0 -1.872286
 3.1 -2.241039
 3.2 -2.537024
 3.3 -2.632642
 3.4 -2.605191
 3.5 -2.492206
 3.6 -2.349666
 3.7 -2.158560
 3.8 -1.976775
 3.9 -1.838765
 4.0 -1.726358
 4.1 -1.539958
 4.2 -1.630750
 4.3 -1.659117
 4.4 -1.580379
 4.5 -1.556905
 4.6 -1.619359

ARG 163
 0.0 4.000000
 0.1 4.000000
 0.2 4.000000
 0.3 4.000000
 0.4 4.000000
 0.5 4.000000
 0.6 4.000000
 0.7 4.000000
 0.8 4.000000
 0.9 4.000000
 1.0 4.000000
 1.1 3.834123
 1.2 3.774194
 1.3 3.774194
 1.4 3.774194
 1.5 3.768212
 1.6 3.646465
 1.7 3.646465
 1.8 3.646465
 1.9 3.000000
 2.0 2.946565
 2.1 2.671358
 2.2 2.047101
 2.3 1.720842
 2.4 1.656438
 2.5 1.126109
 2.6 0.345908
 2.7 -0.253137
 2.8 -0.827700
 2.9 -1.020315
 3.0 -1.257063
 3.1 -1.321059
 3.2 -1.309264
 3.3 -1.166491
 3.4 -0.936072
 3.5 -0.701005
 3.6 -0.600131
 3.7 -0.609527
 3.8 -0.586027
 3.9 -0.612983
 4.0 -0.611575
 4.1 -0.517655
 4.2 -0.305378
 4.3 -0.184129
 4.4 0.025017
 4.5 0.152190
 4.6 0.249470

GLN 164
 0.0 4.000000
 0.1 4.000000
 0.2 4.000000
 0.3 4.000000
 0.4 4.000000
 0.5 4.000000
 0.6 4.000000
 0.7 4.000000
 0.8 4.000000
 0.9 4.000000
 1.0 4.000000
 1.1 3.511848
 1.2 3.467742
 1.3 3.467742
 1.4 3.467742
 1.5 3.453642
 1.6 3.373737
 1.7 3.373737
 1.8 3.373737
 1.9 3.000000
 2.0 2.805344
 2.1 2.472682
 2.2 1.769022
 2.3 1.400966
 2.4 1.344229
 2.5 0.744613
 2.6 -0.193095
 2.7 -0.944280
 2.8 -1.569662
 2.9 -1.794889
 3.0 -2.094117
 3.1 -2.098037
 3.2 -2.082551
 3.3 -2.018149
 3.4 -1.791754
 3.5 -1.656809
 3.6 -2.006814
 3.7 -2.398222
 3.8 -2.621399
 3.9 -2.980874
 4.0 -3.261358
 4.1 -3.034278
 4.2 -2.472619
 4.3 -2.071863
 4.4 -1.667733
 4.5 -1.296224
 4.6 -1.125312

TYR 165
 0.0 4.000000
 0.1 4.000000
 0.2 4.000000
 0.3 4.000000
 0.4 4.000000
 0.5 4.000000
 0.6 4.000000
 0.7 4.000000
 0.8 4.000000
 0.9 4.000000
 1.0 4.000000
 1.1 3.208531
 1.2 3.161290
 1.3 3.161290
 1.4 3.161290
 1.5 3.139073
 1.6 3.060606
 1.7 3.060606
 1.8 3.060606
 1.9 3.000000
 2.0 2.841603
 2.1 2.481788
 2.2 1.602355
 2.3 1.242236
 2.4 1.190794
 2.5 0.644170
 2.6 -0.113811
 2.7 -0.609594
 2.8 -1.037098
 2.9 -1.183486
 3.0 -1.359155
 3.1 -1.479572
 3.2 -1.572565
 3.3 -1.781530
 3.4 -1.988889
 3.5 -2.279084
 3.6 -2.968314
 3.7 -3.529037
 3.8 -3.925594
 3.9 -4.405900
 4.0 -4.845182
 4.1 -4.764757
 4.2 -4.249298
 4.3 -3.777603
 4.4 -3.518393
 4.5 -3.181415
 4.6 -3.020769

ARG 166
 0.0 4.000000
 0.1 4.000000
 0.2 4.000000
 0.3 4.000000
 0.4 4.000000
 0.5 4.000000
 0.6 4.000000
 0.7 4.000000
 0.8 4.000000
 0.9 4.000000
 1.0 4.000000
 1.1 3.303318
 1.2 3.241935
 1.3 3.241935
 1.4 3.241935
 1.5 3.221854
 1.6 3.111111
 1.7 3.111111
 1.8 3.111111
 1.9 3.000000
 2.0 2.578244
 2.1 2.340232
 2.2 1.828351
 2.3 1.476881
 2.4 1.419613
 2.5 0.989227
 2.6 0.377238
 2.7 -0.173801
 2.8 -0.549876
 2.9 -0.784731
 3.0 -1.161012
 3.1 -1.617380
 3.2 -1.972629
 3.3 -2.461745
 3.4 -3.066667
 3.5 -3.584991
 3.6 -4.182177
 3.7 -4.583549
 3.8 -4.906736
 3.9 -5.149405
 4.0 -5.182992
 4.1 -4.940503
 4.2 -4.485302
 4.3 -3.967167
 4.4 -3.593276
 4.5 -3.265960
 4.6 -3.093564

LEU 167
 0.0 4.000000
 0.1 4.000000
 0.2 4.000000
 0.3 4.000000
 0.4 4.000000
 0.5 4.000000
 0.6 4.000000
 0.7 4.000000
 0.8 4.000000
 0.9 4.000000
 1.0 4.000000
 1.1 3.642180
 1.2 3.596774
 1.3 3.596774
 1.4 3.596774
 1.5 3.586093
 1.6 3.500000
 1.7 3.500000
 1.8 3.500000
 1.9 3.000000
 2.0 2.492366
 2.1 2.281457
 2.2 2.067029
 2.3 1.808144
 2.4 1.739827
 2.5 1.302915
 2.6 0.659847
 2.7 -0.058303
 2.8 -0.635614
 2.9 -0.853539
 3.0 -1.228233
 3.1 -1.638457
 3.2 -1.992680
 3.3 -2.453078
 3.4 -2.968519
 3.5 -3.508439
 3.6 -4.068127
 3.7 -4.345402
 3.8 -4.602668
 3.9 -4.765959
 4.0 -4.449736
 4.1 -3.918587
 4.2 -3.463303
 4.3 -3.077908
 4.4 -2.708635
 4.5 -2.523074
 4.6 -2.510773

ILE 168
 0.0 4.000000
 0.1 4.000000
 0.2 4.000000
 0.3 4.000000
 0.4 4.000000
 0.5 4.000000
 0.6 4.000000
 0.7 4.000000
 0.8 4.000000
 0.9 4.000000
 1.0 4.000000
 1.1 3.729858
 1.2 3.677419
 1.3 3.677419
 1.4 3.677419
 1.5 3.668874
 1.6 3.565657
 1.7 3.565657
 1.8 3.565657
 1.9 3.000000
 2.0 2.679389
 2.1 2.389073
 2.2 2.027627
 2.3 1.735680
 2.4 1.669780
 2.5 1.189163
 2.6 0.515985
 2.7 -0.156827
 2.8 -0.680956
 2.9 -0.799803
 3.0 -1.037772
 3.1 -1.306744
 3.2 -1.517823
 3.3 -1.834429
 3.4 -2.300309
 3.5 -2.770946
 3.6 -3.298897
 3.7 -3.614081
 3.8 -3.845577
 3.9 -3.826214
 4.0 -3.383404
 4.1 -2.614978
 4.2 -1.914235
 4.3 -1.547556
 4.4 -1.318745
 4.5 -1.266391
 4.6 -1.379761

VAL 169
 0.0 4.000000
 0.1 4.000000
 0.2 4.000000
 0.3 4.000000
 0.4 4.000000
 0.5 4.000000
 0.6 4.000000
 0.7 4.000000
 0.8 4.000000
 0.9 4.000000
 1.0 4.000000
 1.1 3.390995
 1.2 3.322581
 1.3 3.322581
 1.4 3.322581
 1.5 3.304636
 1.6 3.176768
 1.7 3.176768
 1.8 3.176768
 1.9 3.000000
 2.0 2.776718
 2.1 2.441225
 2.2 1.681159
 2.3 1.300897
 2.4 1.249500
 2.5 0.779468
 2.6 0.113491
 2.7 -0.349815
 2.8 -0.644683
 2.9 -0.770315
 3.0 -1.008963
 3.1 -1.303178
 3.2 -1.540420
 3.3 -1.948894
 3.4 -2.498791
 3.5 -2.892927
 3.6 -3.323436
 3.7 -3.559094
 3.8 -3.539427
 3.9 -3.299939
 4.0 -2.979436
 4.1 -2.367405
 4.2 -1.830831
 4.3 -1.710931
 4.4 -1.671340
 4.5 -1.658561
 4.6 -1.779158

HIS 170
 0.0 4.000000
 0.1 4.000000
 0.2 4.000000
 0.3 4.000000
 0.4 4.000000
 0.5 4.000000
 0.6 4.000000
 0.7 4.000000
 0.8 4.000000
 0.9 4.000000
 1.0 4.000000
 1.1 3.502370
 1.2 3.435484
 1.3 3.435484
 1.4 3.435484
 1.5 3.420530
 1.6 3.292929
 1.7 3.292929
 1.8 3.292929
 1.9 3.000000
 2.0 2.948473
 2.1 2.590232
 2.2 1.784873
 2.3 1.411318
 2.4 1.356237
 2.5 0.889417
 2.6 0.256394
 2.7 -0.196679
 2.8 -0.516900
 2.9 -0.653342
 3.0 -0.890205
 3.1 -1.166667
 3.2 -1.315722
 3.3 -1.594441
 3.4 -1.906790
 3.5 -2.199216
 3.6 -2.480308
 3.7 -2.561353
 3.8 -2.408764
 3.9 -2.265196
 4.0 -2.063770
 4.1 -1.577289
 4.2 -1.165075
 4.3 -1.162336
 4.4 -1.130542
 4.5 -1.031382
 4.6 -1.094734

ASN 171
 0.0 4.000000
 0.1 4.000000
 0.2 4.000000
 0.3 4.000000
 0.4 4.000000
 0.5 4.000000
 0.6 4.000000
 0.7 4.000000
 0.8 4.000000
 0.9 4.000000
 1.0 4.000000
 1.1 3.521327
 1.2 3.451613
 1.3 3.451613
 1.4 3.451613
 1.5 3.437086
 1.6 3.303030
 1.7 3.303030
 1.8 3.303030
 1.9 3.000000
 2.0 2.566794
 2.1 2.347682
 2.2 1.958786
 2.3 1.611456
 2.4 1.549700
 2.5 1.117871
 2.6 0.486253
 2.7 -0.236900
 2.8 -0.891591
 2.9 -1.263434
 3.0 -1.646607
 3.1 -1.993515
 3.2 -2.108530
 3.3 -2.103108
 3.4 -2.059880
 3.5 -2.093550
 3.6 -2.092402
 3.7 -2.180970
 3.8 -2.227916
 3.9 -2.317389
 4.0 -2.221498
 4.1 -2.037146
 4.2 -1.559779
 4.3 -1.161002
 4.4 -0.781556
 4.5 -0.469367
 4.6 -0.255910

GLY 172
 0.0 4.000000
 0.1 4.000000
 0.2 4.000000
 0.3 4.000000
 0.4 4.000000
 0.5 4.000000
 0.6 4.000000
 0.7 4.000000
 0.8 4.000000
 0.9 4.000000
 1.0 4.000000
 1.1 3.592417
 1.2 3.532258
 1.3 3.532258
 1.4 3.532258
 1.5 3.519868
 1.6 3.404040
 1.7 3.404040
 1.8 3.404040
 1.9 3.000000
 2.0 2.490458
 2.1 2.273179
 2.2 2.048913
 2.3 1.770186
 2.4 1.703135
 2.5 1.269645
 2.6 0.621483
 2.7 -0.211439
 2.8 -1.211871
 2.9 -1.841463
 3.0 -2.277270
 3.1 -2.470018
 3.2 -2.388589
 3.3 -2.120930
 3.4 -1.641910
 3.5 -1.387480
 3.6 -1.347264
 3.7 -1.510523
 3.8 -1.614854
 3.9 -1.625804
 4.0 -1.443340
 4.1 -1.081102
 4.2 -0.200643
 4.3 0.906088
 4.4 2.027898
 4.5 2.879264
 4.6 3.596043

TYR 173
 0.0 4.000000
 0.1 4.000000
 0.2 4.000000
 0.3 4.000000
 0.4 4.000000
 0.5 4.000000
 0.6 4.000000
 0.7 4.000000
 0.8 4.000000
 0.9 4.000000
 1.0 4.000000
 1.1 3.746445
 1.2 3.677419
 1.3 3.677419
 1.4 3.677419
 1.5 3.668874
 1.6 3.530303
 1.7 3.530303
 1.8 3.530303
 1.9 3.000000
 2.0 2.877863
 2.1 2.611755
 2.2 2.016304
 2.3 1.683920
 2.4 1.619746
 2.5 1.107414
 2.6 0.335038
 2.7 -0.393358
 2.8 -1.204864
 2.9 -1.643512
 3.0 -1.953977
 3.1 -1.974600
 3.2 -1.757215
 3.3 -1.405830
 3.4 -0.962550
 3.5 -0.742064
 3.6 -0.831813
 3.7 -1.030130
 3.8 -1.212285
 3.9 -1.307891
 4.0 -1.266764
 4.1 -0.924037
 4.2 0.186945
 4.3 1.739210
 4.4 3.233683
 4.5 4.389716
 4.6 5.520766

CYS 174
 0.0 4.000000
 0.1 4.000000
 0.2 4.000000
 0.3 4.000000
 0.4 4.000000
 0.5 4.000000
 0.6 4.000000
 0.7 4.000000
 0.8 4.000000
 0.9 4.000000
 1.0 3.500000
 1.1 3.315166
 1.2 3.274194
 1.3 3.274194
 1.4 3.274194
 1.5 3.268212
 1.6 3.186869
 1.7 3.186869
 1.8 3.186869
 1.9 2.500000
 2.0 2.500000
 2.1 2.368377
 2.2 1.701087
 2.3 1.421325
 2.4 1.385257
 2.5 1.033904
 2.6 0.484335
 2.7 0.144280
 2.8 -0.124073
 2.9 -0.235911
 3.0 -0.345070
 3.1 -0.327497
 3.2 -0.260344
 3.3 -0.249083
 3.4 -0.261048
 3.5 -0.467095
 3.6 -0.982068
 3.7 -1.322671
 3.8 -1.545779
 3.9 -1.730107
 4.0 -1.826724
 4.1 -1.674310
 4.2 -1.058080
 4.3 -0.051256
 4.4 0.927914
 4.5 1.726377
 4.6 2.550234

ASP 175
 0.0 0.000000
 0.1 0.000000
 0.2 0.000000
 0.3 0.000000
 0.4 0.000000
 0.5 0.000000
 0.6 0.000000
 0.7 0.000000
 0.8 0.000000
 0.9 0.000000
 1.0 0.000000
 1.1 0.000000
 1.2 0.000000
 1.3 0.000000
 1.4 0.000000
 1.5 0.000000
 1.6 0.000000
 1.7 0.000000
 1.8 0.000000
 1.9 0.000000
 2.0 0.000000
 2.1 0.000000
 2.2 0.000000
 2.3 0.000000
 2.4 0.000000
 2.5 0.000000
 2.6 0.000000
 2.7 0.000000
 2.8 0.000000
 2.9 0.000000
 3.0 0.000000
 3.1 0.000000
 3.2 0.000000
 3.3 0.000000
 3.4 0.000000
 3.5 0.000000
 3.6 0.000000
 3.7 0.000000
 3.8 0.000000
 3.9 0.000000
 4.0 0.000000
 4.1 0.000000
 4.2 0.000000
 4.3 0.000000
 4.4 0.000000
 4.5 0.000000
 4.6 0.000000

